% time	cellId	IMSI	frame	sframe	RNTI	mcsTb1	sizeTb1	mcsTb2	sizeTb2	ccId
0.101	1	1	11	2	1	26	1836	0	0	0
0.101	1	1	11	2	1	26	1836	0	0	1
0.102	1	1	11	3	1	26	1836	0	0	0
0.102	1	1	11	3	1	26	1836	0	0	1
0.103	1	1	11	4	1	26	1836	0	0	0
0.103	1	1	11	4	1	26	1836	0	0	1
0.104	1	1	11	5	1	26	1836	0	0	0
0.104	1	1	11	5	1	26	1836	0	0	1
0.105	1	1	11	6	1	26	1836	0	0	0
0.105	1	1	11	6	1	26	1836	0	0	1
0.106	1	1	11	7	1	26	1836	0	0	0
0.106	1	1	11	7	1	26	1836	0	0	1
0.107	1	1	11	8	1	26	1836	0	0	0
0.107	1	1	11	8	1	26	1836	0	0	1
0.108	1	1	11	9	1	26	1836	0	0	0
0.108	1	1	11	9	1	26	1836	0	0	1
0.109	1	1	11	10	1	26	1836	0	0	0
0.111	1	1	12	2	1	26	1836	0	0	0
0.112	1	1	12	3	1	26	1836	0	0	0
0.113	1	1	12	4	1	26	1836	0	0	0
0.113	1	1	12	4	1	26	1836	0	0	1
0.114	1	1	12	5	1	26	1836	0	0	0
0.114	1	1	12	5	1	26	1836	0	0	1
0.115	1	1	12	6	1	26	1836	0	0	0
0.115	1	1	12	6	1	26	1836	0	0	1
0.116	1	1	12	7	1	26	1836	0	0	0
0.116	1	1	12	7	1	26	1836	0	0	1
0.117	1	1	12	8	1	26	1836	0	0	0
0.117	1	1	12	8	1	26	1836	0	0	1
0.118	1	1	12	9	1	26	1836	0	0	0
0.118	1	1	12	9	1	26	1836	0	0	1
0.119	1	1	12	10	1	26	1836	0	0	0
0.119	1	1	12	10	1	26	1836	0	0	1
0.12	1	1	13	1	1	26	1836	0	0	0
0.12	1	1	13	1	1	26	1836	0	0	1
0.121	1	1	13	2	1	26	1836	0	0	0
0.122	1	1	13	3	1	26	1836	0	0	0
0.123	1	1	13	4	1	26	1836	0	0	0
0.123	1	1	13	4	1	26	1836	0	0	1
0.124	1	1	13	5	1	26	1836	0	0	0
0.124	1	1	13	5	1	26	1836	0	0	1
0.125	1	1	13	6	1	26	1836	0	0	0
0.125	1	1	13	6	1	26	1836	0	0	1
0.126	1	1	13	7	1	26	1836	0	0	0
0.126	1	1	13	7	1	26	1836	0	0	1
0.127	1	1	13	8	1	26	1836	0	0	0
0.127	1	1	13	8	1	26	1836	0	0	1
0.129	1	1	13	10	1	26	1836	0	0	0
0.129	1	1	13	10	1	26	1836	0	0	1
0.13	1	1	14	1	1	26	1836	0	0	0
0.131	1	1	14	2	1	26	1836	0	0	0
0.131	1	1	14	2	1	26	1836	0	0	1
0.132	1	1	14	3	1	26	1836	0	0	0
0.132	1	1	14	3	1	26	1836	0	0	1
0.133	1	1	14	4	1	26	1836	0	0	0
0.134	1	1	14	5	1	26	1836	0	0	0
0.135	1	1	14	6	1	26	1836	0	0	0
0.135	1	1	14	6	1	26	1836	0	0	1
0.136	1	1	14	7	1	26	1836	0	0	0
0.136	1	1	14	7	1	26	1836	0	0	1
0.137	1	1	14	8	1	26	1836	0	0	0
0.137	1	1	14	8	1	26	1836	0	0	1
0.139	1	1	14	10	1	26	1836	0	0	0
0.139	1	1	14	10	1	26	1836	0	0	1
0.14	1	1	15	1	1	26	1836	0	0	0
0.14	1	1	15	1	1	26	1836	0	0	1
0.141	1	1	15	2	1	26	1836	0	0	0
0.141	1	1	15	2	1	26	1836	0	0	1
0.142	1	1	15	3	1	26	1836	0	0	0
0.142	1	1	15	3	1	26	1836	0	0	1
0.143	1	1	15	4	1	26	1836	0	0	0
0.143	1	1	15	4	1	26	1836	0	0	1
0.144	1	1	15	5	1	26	1836	0	0	0
0.144	1	1	15	5	1	26	1836	0	0	1
0.145	1	1	15	6	1	26	1836	0	0	0
0.146	1	1	15	7	1	24	1620	0	0	0
0.147	1	1	15	8	1	24	1620	0	0	0
0.148	1	1	15	9	1	24	1620	0	0	0
0.148	1	1	15	9	1	24	1620	0	0	1
0.149	1	1	15	10	1	24	1620	0	0	0
0.149	1	1	15	10	1	24	1620	0	0	1
0.15	1	1	16	1	1	26	1836	0	0	0
0.151	1	1	16	2	1	26	1836	0	0	0
0.151	1	1	16	2	1	26	1836	0	0	1
0.152	1	1	16	3	1	24	1620	0	0	0
0.152	1	1	16	3	1	24	1620	0	0	1
0.153	1	1	16	4	1	24	1620	0	0	0
0.153	1	1	16	4	1	24	1620	0	0	1
0.154	1	1	16	5	1	24	1620	0	0	0
0.154	1	1	16	5	1	24	1620	0	0	1
0.155	1	1	16	6	1	24	1620	0	0	0
0.155	1	1	16	6	1	24	1620	0	0	1
0.157	1	1	16	8	1	24	1620	0	0	0
0.157	1	1	16	8	1	24	1620	0	0	1
0.158	1	1	16	9	1	24	1620	0	0	0
0.158	1	1	16	9	1	24	1620	0	0	1
0.159	1	1	16	10	1	24	1620	0	0	0
0.159	1	1	16	10	1	24	1620	0	0	1
0.16	1	1	17	1	1	24	1620	0	0	0
0.16	1	1	17	1	1	24	1620	0	0	1
0.161	1	1	17	2	1	24	1620	0	0	0
0.162	1	1	17	3	1	24	1620	0	0	0
0.163	1	1	17	4	1	24	1620	0	0	0
0.164	1	1	17	5	1	24	1620	0	0	0
0.164	1	1	17	5	1	24	1620	0	0	1
0.165	1	1	17	6	1	24	1620	0	0	0
0.165	1	1	17	6	1	24	1620	0	0	1
0.166	1	1	17	7	1	24	1620	0	0	0
0.166	1	1	17	7	1	24	1620	0	0	1
0.167	1	1	17	8	1	24	1620	0	0	0
0.167	1	1	17	8	1	24	1620	0	0	1
0.168	1	1	17	9	1	24	1620	0	0	0
0.169	1	1	17	10	1	24	1620	0	0	0
0.169	1	1	17	10	1	24	1620	0	0	1
0.17	1	1	18	1	1	22	1383	0	0	0
0.17	1	1	18	1	1	22	1383	0	0	1
0.171	1	1	18	2	1	22	1383	0	0	0
0.171	1	1	18	2	1	22	1383	0	0	1
0.172	1	1	18	3	1	22	1383	0	0	0
0.172	1	1	18	3	1	22	1383	0	0	1
0.173	1	1	18	4	1	22	1383	0	0	0
0.173	1	1	18	4	1	22	1383	0	0	1
0.174	1	1	18	5	1	22	1383	0	0	0
0.174	1	1	18	5	1	22	1383	0	0	1
0.176	1	1	18	7	1	22	1383	0	0	0
0.176	1	1	18	7	1	22	1383	0	0	1
0.177	1	1	18	8	1	22	1383	0	0	0
0.177	1	1	18	8	1	22	1383	0	0	1
0.178	1	1	18	9	1	22	1383	0	0	0
0.178	1	1	18	9	1	22	1383	0	0	1
0.179	1	1	18	10	1	22	1383	0	0	0
0.179	1	1	18	10	1	22	1383	0	0	1
0.18	1	1	19	1	1	22	1383	0	0	0
0.18	1	1	19	1	1	22	1383	0	0	1
0.181	1	1	19	2	1	22	1383	0	0	0
0.181	1	1	19	2	1	22	1383	0	0	1
0.182	1	1	19	3	1	22	1383	0	0	0
0.182	1	1	19	3	1	22	1383	0	0	1
0.183	1	1	19	4	1	22	1383	0	0	0
0.183	1	1	19	4	1	22	1383	0	0	1
0.184	1	1	19	5	1	22	1383	0	0	0
0.184	1	1	19	5	1	22	1383	0	0	1
0.185	1	1	19	6	1	22	1383	0	0	0
0.185	1	1	19	6	1	22	1383	0	0	1
0.186	1	1	19	7	1	22	1383	0	0	0
0.186	1	1	19	7	1	22	1383	0	0	1
0.187	1	1	19	8	1	22	1383	0	0	0
0.187	1	1	19	8	1	22	1383	0	0	1
0.188	1	1	19	9	1	22	1383	0	0	0
0.188	1	1	19	9	1	22	1383	0	0	1
0.189	1	1	19	10	1	22	1383	0	0	0
0.189	1	1	19	10	1	22	1383	0	0	1
0.19	1	1	20	1	1	22	1383	0	0	0
0.19	1	1	20	1	1	22	1383	0	0	1
0.191	1	1	20	2	1	22	1383	0	0	0
0.191	1	1	20	2	1	22	1383	0	0	1
0.192	1	1	20	3	1	22	1383	0	0	0
0.192	1	1	20	3	1	22	1383	0	0	1
0.193	1	1	20	4	1	22	1383	0	0	0
0.193	1	1	20	4	1	22	1383	0	0	1
0.194	1	1	20	5	1	22	1383	0	0	0
0.194	1	1	20	5	1	22	1383	0	0	1
0.195	1	1	20	6	1	22	1383	0	0	0
0.195	1	1	20	6	1	22	1383	0	0	1
0.196	1	1	20	7	1	22	1383	0	0	0
0.196	1	1	20	7	1	22	1383	0	0	1
0.197	1	1	20	8	1	22	1383	0	0	0
0.197	1	1	20	8	1	22	1383	0	0	1
0.198	1	1	20	9	1	22	1383	0	0	0
0.198	1	1	20	9	1	22	1383	0	0	1
0.199	1	1	20	10	1	22	1383	0	0	0
0.199	1	1	20	10	1	22	1383	0	0	1
0.2	1	1	21	1	1	22	1383	0	0	0
0.2	1	1	21	1	1	22	1383	0	0	1
0.201	1	1	21	2	1	22	1383	0	0	0
0.201	1	1	21	2	1	22	1383	0	0	1
0.202	1	1	21	3	1	22	1383	0	0	0
0.202	1	1	21	3	1	22	1383	0	0	1
0.204	1	1	21	5	1	22	1383	0	0	0
0.204	1	1	21	5	1	22	1383	0	0	1
0.205	1	1	21	6	1	22	1383	0	0	0
0.205	1	1	21	6	1	22	1383	0	0	1
0.206	1	1	21	7	1	22	1383	0	0	0
0.206	1	1	21	7	1	22	1383	0	0	1
0.207	1	1	21	8	1	22	1383	0	0	0
0.207	1	1	21	8	1	22	1383	0	0	1
0.208	1	1	21	9	1	22	1383	0	0	0
0.208	1	1	21	9	1	22	1383	0	0	1
0.209	1	1	21	10	1	22	1383	0	0	0
0.209	1	1	21	10	1	22	1383	0	0	1
0.21	1	1	22	1	1	22	1383	0	0	0
0.21	1	1	22	1	1	22	1383	0	0	1
0.211	1	1	22	2	1	22	1383	0	0	0
0.211	1	1	22	2	1	22	1383	0	0	1
0.212	1	1	22	3	1	22	1383	0	0	0
0.212	1	1	22	3	1	22	1383	0	0	1
0.213	1	1	22	4	1	22	1383	0	0	0
0.213	1	1	22	4	1	22	1383	0	0	1
0.214	1	1	22	5	1	22	1383	0	0	0
0.214	1	1	22	5	1	22	1383	0	0	1
0.215	1	1	22	6	1	22	1383	0	0	0
0.215	1	1	22	6	1	22	1383	0	0	1
0.216	1	1	22	7	1	22	1383	0	0	0
0.216	1	1	22	7	1	22	1383	0	0	1
0.217	1	1	22	8	1	22	1383	0	0	0
0.217	1	1	22	8	1	22	1383	0	0	1
0.218	1	1	22	9	1	22	1383	0	0	0
0.218	1	1	22	9	1	22	1383	0	0	1
0.219	1	1	22	10	1	22	1383	0	0	0
0.219	1	1	22	10	1	22	1383	0	0	1
0.22	1	1	23	1	1	22	1383	0	0	0
0.22	1	1	23	1	1	22	1383	0	0	1
0.221	1	1	23	2	1	22	1383	0	0	0
0.221	1	1	23	2	1	22	1383	0	0	1
0.223	1	1	23	4	1	22	1383	0	0	0
0.223	1	1	23	4	1	22	1383	0	0	1
0.224	1	1	23	5	1	22	1383	0	0	0
0.224	1	1	23	5	1	22	1383	0	0	1
0.225	1	1	23	6	1	22	1383	0	0	0
0.225	1	1	23	6	1	22	1383	0	0	1
0.226	1	1	23	7	1	22	1383	0	0	0
0.226	1	1	23	7	1	22	1383	0	0	1
0.227	1	1	23	8	1	22	1383	0	0	0
0.227	1	1	23	8	1	22	1383	0	0	1
0.228	1	1	23	9	1	22	1383	0	0	0
0.228	1	1	23	9	1	22	1383	0	0	1
0.229	1	1	23	10	1	22	1383	0	0	0
0.229	1	1	23	10	1	22	1383	0	0	1
0.23	1	1	24	1	1	20	1191	0	0	0
0.23	1	1	24	1	1	20	1191	0	0	1
0.232	1	1	24	3	1	20	1191	0	0	0
0.232	1	1	24	3	1	20	1191	0	0	1
0.233	1	1	24	4	1	20	1191	0	0	0
0.233	1	1	24	4	1	20	1191	0	0	1
0.234	1	1	24	5	1	20	1191	0	0	0
0.234	1	1	24	5	1	20	1191	0	0	1
0.235	1	1	24	6	1	20	1191	0	0	0
0.235	1	1	24	6	1	20	1191	0	0	1
0.236	1	1	24	7	1	20	1191	0	0	0
0.236	1	1	24	7	1	20	1191	0	0	1
0.237	1	1	24	8	1	20	1191	0	0	0
0.237	1	1	24	8	1	20	1191	0	0	1
0.238	1	1	24	9	1	20	1191	0	0	0
0.238	1	1	24	9	1	20	1191	0	0	1
0.239	1	1	24	10	1	20	1191	0	0	0
0.239	1	1	24	10	1	20	1191	0	0	1
0.241	1	1	25	2	1	20	1191	0	0	0
0.241	1	1	25	2	1	20	1191	0	0	1
0.242	1	1	25	3	1	20	1191	0	0	0
0.242	1	1	25	3	1	20	1191	0	0	1
0.243	1	1	25	4	1	20	1191	0	0	0
0.243	1	1	25	4	1	20	1191	0	0	1
0.244	1	1	25	5	1	18	967	0	0	0
0.244	1	1	25	5	1	18	967	0	0	1
0.245	1	1	25	6	1	18	967	0	0	0
0.245	1	1	25	6	1	18	967	0	0	1
0.246	1	1	25	7	1	18	967	0	0	0
0.246	1	1	25	7	1	18	967	0	0	1
0.247	1	1	25	8	1	18	967	0	0	0
0.247	1	1	25	8	1	18	967	0	0	1
0.248	1	1	25	9	1	18	967	0	0	0
0.248	1	1	25	9	1	18	967	0	0	1
0.249	1	1	25	10	1	18	967	0	0	0
0.249	1	1	25	10	1	18	967	0	0	1
0.25	1	1	26	1	1	18	967	0	0	0
0.25	1	1	26	1	1	18	967	0	0	1
0.251	1	1	26	2	1	18	967	0	0	0
0.251	1	1	26	2	1	18	967	0	0	1
0.252	1	1	26	3	1	18	967	0	0	0
0.252	1	1	26	3	1	18	967	0	0	1
0.253	1	1	26	4	1	18	967	0	0	0
0.253	1	1	26	4	1	18	967	0	0	1
0.254	1	1	26	5	1	18	967	0	0	0
0.254	1	1	26	5	1	18	967	0	0	1
0.255	1	1	26	6	1	18	967	0	0	0
0.255	1	1	26	6	1	18	967	0	0	1
0.256	1	1	26	7	1	18	967	0	0	0
0.256	1	1	26	7	1	18	967	0	0	1
0.257	1	1	26	8	1	18	967	0	0	0
0.257	1	1	26	8	1	18	967	0	0	1
0.258	1	1	26	9	1	16	903	0	0	0
0.258	1	1	26	9	1	16	903	0	0	1
0.259	1	1	26	10	1	16	903	0	0	0
0.259	1	1	26	10	1	16	903	0	0	1
0.26	1	1	27	1	1	16	903	0	0	0
0.26	1	1	27	1	1	16	903	0	0	1
0.261	1	1	27	2	1	16	903	0	0	0
0.261	1	1	27	2	1	16	903	0	0	1
0.262	1	1	27	3	1	18	967	0	0	0
0.262	1	1	27	3	1	18	967	0	0	1
0.263	1	1	27	4	1	18	967	0	0	0
0.263	1	1	27	4	1	18	967	0	0	1
0.264	1	1	27	5	1	18	967	0	0	0
0.264	1	1	27	5	1	18	967	0	0	1
0.265	1	1	27	6	1	18	967	0	0	0
0.265	1	1	27	6	1	18	967	0	0	1
0.266	1	1	27	7	1	18	967	0	0	0
0.266	1	1	27	7	1	18	967	0	0	1
0.267	1	1	27	8	1	18	967	0	0	0
0.267	1	1	27	8	1	18	967	0	0	1
0.268	1	1	27	9	1	18	967	0	0	0
0.268	1	1	27	9	1	18	967	0	0	1
0.269	1	1	27	10	1	18	967	0	0	0
0.269	1	1	27	10	1	18	967	0	0	1
0.27	1	1	28	1	1	18	967	0	0	0
0.27	1	1	28	1	1	18	967	0	0	1
0.271	1	1	28	2	1	18	967	0	0	0
0.271	1	1	28	2	1	18	967	0	0	1
0.272	1	1	28	3	1	18	967	0	0	0
0.272	1	1	28	3	1	18	967	0	0	1
0.273	1	1	28	4	1	18	967	0	0	0
0.273	1	1	28	4	1	18	967	0	0	1
0.274	1	1	28	5	1	18	967	0	0	0
0.274	1	1	28	5	1	18	967	0	0	1
0.275	1	1	28	6	1	18	967	0	0	0
0.275	1	1	28	6	1	18	967	0	0	1
0.276	1	1	28	7	1	20	1191	0	0	0
0.276	1	1	28	7	1	20	1191	0	0	1
0.277	1	1	28	8	1	20	1191	0	0	0
0.277	1	1	28	8	1	20	1191	0	0	1
0.278	1	1	28	9	1	20	1191	0	0	0
0.278	1	1	28	9	1	20	1191	0	0	1
0.279	1	1	28	10	1	20	1191	0	0	0
0.279	1	1	28	10	1	20	1191	0	0	1
0.28	1	1	29	1	1	20	1191	0	0	0
0.28	1	1	29	1	1	20	1191	0	0	1
0.281	1	1	29	2	1	20	1191	0	0	0
0.281	1	1	29	2	1	20	1191	0	0	1
0.282	1	1	29	3	1	20	1191	0	0	0
0.282	1	1	29	3	1	20	1191	0	0	1
0.283	1	1	29	4	1	20	1191	0	0	0
0.283	1	1	29	4	1	20	1191	0	0	1
0.284	1	1	29	5	1	20	1191	0	0	0
0.284	1	1	29	5	1	20	1191	0	0	1
0.285	1	1	29	6	1	20	1191	0	0	0
0.285	1	1	29	6	1	20	1191	0	0	1
0.286	1	1	29	7	1	20	1191	0	0	0
0.286	1	1	29	7	1	20	1191	0	0	1
0.288	1	1	29	9	1	22	1383	0	0	0
0.288	1	1	29	9	1	22	1383	0	0	1
0.289	1	1	29	10	1	22	1383	0	0	0
0.289	1	1	29	10	1	22	1383	0	0	1
0.29	1	1	30	1	1	22	1383	0	0	0
0.29	1	1	30	1	1	22	1383	0	0	1
0.291	1	1	30	2	1	22	1383	0	0	0
0.291	1	1	30	2	1	22	1383	0	0	1
0.292	1	1	30	3	1	22	1383	0	0	0
0.292	1	1	30	3	1	22	1383	0	0	1
0.293	1	1	30	4	1	22	1383	0	0	0
0.293	1	1	30	4	1	22	1383	0	0	1
0.294	1	1	30	5	1	22	1383	0	0	0
0.294	1	1	30	5	1	22	1383	0	0	1
0.295	1	1	30	6	1	22	1383	0	0	0
0.295	1	1	30	6	1	22	1383	0	0	1
0.297	1	1	30	8	1	22	1383	0	0	0
0.297	1	1	30	8	1	22	1383	0	0	1
0.298	1	1	30	9	1	22	1383	0	0	0
0.298	1	1	30	9	1	22	1383	0	0	1
0.299	1	1	30	10	1	22	1383	0	0	0
0.299	1	1	30	10	1	22	1383	0	0	1
0.3	1	1	31	1	1	22	1383	0	0	0
0.3	1	1	31	1	1	22	1383	0	0	1
0.301	1	1	31	2	1	22	1383	0	0	0
0.301	1	1	31	2	1	22	1383	0	0	1
0.302	1	1	31	3	1	22	1383	0	0	0
0.302	1	1	31	3	1	22	1383	0	0	1
0.303	1	1	31	4	1	22	1383	0	0	0
0.303	1	1	31	4	1	22	1383	0	0	1
0.304	1	1	31	5	1	22	1383	0	0	0
0.304	1	1	31	5	1	22	1383	0	0	1
0.305	1	1	31	6	1	22	1383	0	0	0
0.305	1	1	31	6	1	22	1383	0	0	1
0.306	1	1	31	7	1	22	1383	0	0	0
0.306	1	1	31	7	1	22	1383	0	0	1
0.307	1	1	31	8	1	22	1383	0	0	0
0.307	1	1	31	8	1	22	1383	0	0	1
0.308	1	1	31	9	1	22	1383	0	0	0
0.308	1	1	31	9	1	22	1383	0	0	1
0.309	1	1	31	10	1	22	1383	0	0	0
0.309	1	1	31	10	1	22	1383	0	0	1
0.31	1	1	32	1	1	22	1383	0	0	0
0.31	1	1	32	1	1	22	1383	0	0	1
0.311	1	1	32	2	1	22	1383	0	0	0
0.311	1	1	32	2	1	22	1383	0	0	1
0.312	1	1	32	3	1	22	1383	0	0	0
0.312	1	1	32	3	1	22	1383	0	0	1
0.313	1	1	32	4	1	22	1383	0	0	0
0.313	1	1	32	4	1	22	1383	0	0	1
0.314	1	1	32	5	1	22	1383	0	0	0
0.314	1	1	32	5	1	22	1383	0	0	1
0.316	1	1	32	7	1	22	1383	0	0	0
0.316	1	1	32	7	1	22	1383	0	0	1
0.317	1	1	32	8	1	22	1383	0	0	0
0.317	1	1	32	8	1	22	1383	0	0	1
0.318	1	1	32	9	1	22	1383	0	0	0
0.318	1	1	32	9	1	22	1383	0	0	1
0.319	1	1	32	10	1	22	1383	0	0	0
0.319	1	1	32	10	1	22	1383	0	0	1
0.32	1	1	33	1	1	22	1383	0	0	0
0.32	1	1	33	1	1	22	1383	0	0	1
0.321	1	1	33	2	1	22	1383	0	0	0
0.321	1	1	33	2	1	22	1383	0	0	1
0.322	1	1	33	3	1	22	1383	0	0	0
0.322	1	1	33	3	1	22	1383	0	0	1
0.323	1	1	33	4	1	22	1383	0	0	0
0.323	1	1	33	4	1	22	1383	0	0	1
0.324	1	1	33	5	1	22	1383	0	0	0
0.324	1	1	33	5	1	22	1383	0	0	1
0.325	1	1	33	6	1	22	1383	0	0	0
0.325	1	1	33	6	1	22	1383	0	0	1
0.326	1	1	33	7	1	22	1383	0	0	0
0.326	1	1	33	7	1	22	1383	0	0	1
0.327	1	1	33	8	1	22	1383	0	0	0
0.327	1	1	33	8	1	22	1383	0	0	1
0.328	1	1	33	9	1	22	1383	0	0	0
0.328	1	1	33	9	1	22	1383	0	0	1
0.329	1	1	33	10	1	22	1383	0	0	0
0.329	1	1	33	10	1	22	1383	0	0	1
0.33	1	1	34	1	1	22	1383	0	0	0
0.33	1	1	34	1	1	22	1383	0	0	1
0.331	1	1	34	2	1	22	1383	0	0	0
0.331	1	1	34	2	1	22	1383	0	0	1
0.332	1	1	34	3	1	22	1383	0	0	0
0.332	1	1	34	3	1	22	1383	0	0	1
0.333	1	1	34	4	1	22	1383	0	0	0
0.333	1	1	34	4	1	22	1383	0	0	1
0.335	1	1	34	6	1	22	1383	0	0	0
0.335	1	1	34	6	1	22	1383	0	0	1
0.336	1	1	34	7	1	22	1383	0	0	0
0.336	1	1	34	7	1	22	1383	0	0	1
0.337	1	1	34	8	1	22	1383	0	0	0
0.337	1	1	34	8	1	22	1383	0	0	1
0.338	1	1	34	9	1	22	1383	0	0	0
0.338	1	1	34	9	1	22	1383	0	0	1
0.339	1	1	34	10	1	22	1383	0	0	0
0.339	1	1	34	10	1	22	1383	0	0	1
0.34	1	1	35	1	1	22	1383	0	0	0
0.34	1	1	35	1	1	22	1383	0	0	1
0.341	1	1	35	2	1	22	1383	0	0	0
0.341	1	1	35	2	1	22	1383	0	0	1
0.342	1	1	35	3	1	20	1191	0	0	0
0.342	1	1	35	3	1	20	1191	0	0	1
0.344	1	1	35	5	1	20	1191	0	0	0
0.344	1	1	35	5	1	20	1191	0	0	1
0.345	1	1	35	6	1	20	1191	0	0	0
0.345	1	1	35	6	1	20	1191	0	0	1
0.346	1	1	35	7	1	20	1191	0	0	0
0.346	1	1	35	7	1	20	1191	0	0	1
0.347	1	1	35	8	1	20	1191	0	0	0
0.347	1	1	35	8	1	20	1191	0	0	1
0.348	1	1	35	9	1	20	1191	0	0	0
0.348	1	1	35	9	1	20	1191	0	0	1
0.349	1	1	35	10	1	20	1191	0	0	0
0.349	1	1	35	10	1	20	1191	0	0	1
0.35	1	1	36	1	1	20	1191	0	0	0
0.35	1	1	36	1	1	20	1191	0	0	1
0.351	1	1	36	2	1	20	1191	0	0	0
0.351	1	1	36	2	1	20	1191	0	0	1
0.352	1	1	36	3	1	20	1191	0	0	0
0.352	1	1	36	3	1	20	1191	0	0	1
0.353	1	1	36	4	1	20	1191	0	0	0
0.353	1	1	36	4	1	20	1191	0	0	1
0.354	1	1	36	5	1	20	1191	0	0	0
0.354	1	1	36	5	1	20	1191	0	0	1
0.355	1	1	36	6	1	20	1191	0	0	0
0.355	1	1	36	6	1	20	1191	0	0	1
0.356	1	1	36	7	1	18	967	0	0	0
0.356	1	1	36	7	1	18	967	0	0	1
0.357	1	1	36	8	1	18	967	0	0	0
0.357	1	1	36	8	1	18	967	0	0	1
0.358	1	1	36	9	1	18	967	0	0	0
0.358	1	1	36	9	1	18	967	0	0	1
0.359	1	1	36	10	1	18	967	0	0	0
0.359	1	1	36	10	1	18	967	0	0	1
0.36	1	1	37	1	1	18	967	0	0	0
0.36	1	1	37	1	1	18	967	0	0	1
0.361	1	1	37	2	1	18	967	0	0	0
0.361	1	1	37	2	1	18	967	0	0	1
0.363	1	1	37	4	1	18	967	0	0	0
0.363	1	1	37	4	1	18	967	0	0	1
0.364	1	1	37	5	1	18	967	0	0	0
0.364	1	1	37	5	1	18	967	0	0	1
0.365	1	1	37	6	1	18	967	0	0	0
0.365	1	1	37	6	1	18	967	0	0	1
0.366	1	1	37	7	1	18	967	0	0	0
0.366	1	1	37	7	1	18	967	0	0	1
0.367	1	1	37	8	1	18	967	0	0	0
0.367	1	1	37	8	1	18	967	0	0	1
0.368	1	1	37	9	1	18	967	0	0	0
0.368	1	1	37	9	1	18	967	0	0	1
0.369	1	1	37	10	1	18	967	0	0	0
0.369	1	1	37	10	1	18	967	0	0	1
0.37	1	1	38	1	1	18	967	0	0	0
0.37	1	1	38	1	1	18	967	0	0	1
0.371	1	1	38	2	1	18	967	0	0	0
0.371	1	1	38	2	1	18	967	0	0	1
0.372	1	1	38	3	1	18	967	0	0	0
0.372	1	1	38	3	1	18	967	0	0	1
0.373	1	1	38	4	1	18	967	0	0	0
0.373	1	1	38	4	1	18	967	0	0	1
0.374	1	1	38	5	1	20	1191	0	0	0
0.374	1	1	38	5	1	20	1191	0	0	1
0.375	1	1	38	6	1	20	1191	0	0	0
0.375	1	1	38	6	1	20	1191	0	0	1
0.376	1	1	38	7	1	20	1191	0	0	0
0.376	1	1	38	7	1	20	1191	0	0	1
0.377	1	1	38	8	1	20	1191	0	0	0
0.377	1	1	38	8	1	20	1191	0	0	1
0.378	1	1	38	9	1	20	1191	0	0	0
0.378	1	1	38	9	1	20	1191	0	0	1
0.379	1	1	38	10	1	20	1191	0	0	0
0.379	1	1	38	10	1	20	1191	0	0	1
0.381	1	1	39	2	1	20	1191	0	0	0
0.381	1	1	39	2	1	20	1191	0	0	1
0.382	1	1	39	3	1	20	1191	0	0	0
0.382	1	1	39	3	1	20	1191	0	0	1
0.383	1	1	39	4	1	20	1191	0	0	0
0.383	1	1	39	4	1	20	1191	0	0	1
0.384	1	1	39	5	1	22	1383	0	0	0
0.384	1	1	39	5	1	22	1383	0	0	1
0.385	1	1	39	6	1	22	1383	0	0	0
0.385	1	1	39	6	1	22	1383	0	0	1
0.386	1	1	39	7	1	22	1383	0	0	0
0.386	1	1	39	7	1	22	1383	0	0	1
0.387	1	1	39	8	1	22	1383	0	0	0
0.387	1	1	39	8	1	22	1383	0	0	1
0.388	1	1	39	9	1	22	1383	0	0	0
0.388	1	1	39	9	1	22	1383	0	0	1
0.389	1	1	39	10	1	22	1383	0	0	0
0.389	1	1	39	10	1	22	1383	0	0	1
0.391	1	1	40	2	1	22	1383	0	0	0
0.391	1	1	40	2	1	22	1383	0	0	1
0.392	1	1	40	3	1	22	1383	0	0	0
0.392	1	1	40	3	1	22	1383	0	0	1
0.393	1	1	40	4	1	22	1383	0	0	0
0.393	1	1	40	4	1	22	1383	0	0	1
0.394	1	1	40	5	1	22	1383	0	0	0
0.394	1	1	40	5	1	22	1383	0	0	1
0.395	1	1	40	6	1	22	1383	0	0	0
0.395	1	1	40	6	1	22	1383	0	0	1
0.396	1	1	40	7	1	22	1383	0	0	0
0.396	1	1	40	7	1	22	1383	0	0	1
0.397	1	1	40	8	1	22	1383	0	0	0
0.397	1	1	40	8	1	22	1383	0	0	1
0.398	1	1	40	9	1	22	1383	0	0	0
0.398	1	1	40	9	1	22	1383	0	0	1
0.399	1	1	40	10	1	22	1383	0	0	0
0.399	1	1	40	10	1	22	1383	0	0	1
0.4	1	1	41	1	1	22	1383	0	0	0
0.4	1	1	41	1	1	22	1383	0	0	1
0.401	1	1	41	2	1	22	1383	0	0	0
0.401	1	1	41	2	1	22	1383	0	0	1
0.402	1	1	41	3	1	22	1383	0	0	0
0.402	1	1	41	3	1	22	1383	0	0	1
0.403	1	1	41	4	1	22	1383	0	0	0
0.403	1	1	41	4	1	22	1383	0	0	1
0.404	1	1	41	5	1	22	1383	0	0	0
0.404	1	1	41	5	1	22	1383	0	0	1
0.405	1	1	41	6	1	22	1383	0	0	0
0.405	1	1	41	6	1	22	1383	0	0	1
0.406	1	1	41	7	1	22	1383	0	0	0
0.406	1	1	41	7	1	22	1383	0	0	1
0.407	1	1	41	8	1	22	1383	0	0	0
0.407	1	1	41	8	1	22	1383	0	0	1
0.409	1	1	41	10	1	22	1383	0	0	0
0.409	1	1	41	10	1	22	1383	0	0	1
0.41	1	1	42	1	1	22	1383	0	0	0
0.41	1	1	42	1	1	22	1383	0	0	1
0.411	1	1	42	2	1	22	1383	0	0	0
0.411	1	1	42	2	1	22	1383	0	0	1
0.412	1	1	42	3	1	22	1383	0	0	0
0.412	1	1	42	3	1	22	1383	0	0	1
0.413	1	1	42	4	1	22	1383	0	0	0
0.413	1	1	42	4	1	22	1383	0	0	1
0.414	1	1	42	5	1	22	1383	0	0	0
0.414	1	1	42	5	1	22	1383	0	0	1
0.415	1	1	42	6	1	22	1383	0	0	0
0.415	1	1	42	6	1	22	1383	0	0	1
0.416	1	1	42	7	1	22	1383	0	0	0
0.416	1	1	42	7	1	22	1383	0	0	1
0.417	1	1	42	8	1	22	1383	0	0	0
0.417	1	1	42	8	1	22	1383	0	0	1
0.418	1	1	42	9	1	22	1383	0	0	0
0.418	1	1	42	9	1	22	1383	0	0	1
0.419	1	1	42	10	1	22	1383	0	0	0
0.419	1	1	42	10	1	22	1383	0	0	1
0.42	1	1	43	1	1	22	1383	0	0	0
0.42	1	1	43	1	1	22	1383	0	0	1
0.421	1	1	43	2	1	22	1383	0	0	0
0.421	1	1	43	2	1	22	1383	0	0	1
0.422	1	1	43	3	1	22	1383	0	0	0
0.422	1	1	43	3	1	22	1383	0	0	1
0.423	1	1	43	4	1	22	1383	0	0	0
0.423	1	1	43	4	1	22	1383	0	0	1
0.424	1	1	43	5	1	22	1383	0	0	0
0.424	1	1	43	5	1	22	1383	0	0	1
0.425	1	1	43	6	1	22	1383	0	0	0
0.425	1	1	43	6	1	22	1383	0	0	1
0.426	1	1	43	7	1	22	1383	0	0	0
0.426	1	1	43	7	1	22	1383	0	0	1
0.428	1	1	43	9	1	22	1383	0	0	0
0.428	1	1	43	9	1	22	1383	0	0	1
0.429	1	1	43	10	1	22	1383	0	0	0
0.429	1	1	43	10	1	22	1383	0	0	1
0.43	1	1	44	1	1	22	1383	0	0	0
0.43	1	1	44	1	1	22	1383	0	0	1
0.431	1	1	44	2	1	22	1383	0	0	0
0.431	1	1	44	2	1	22	1383	0	0	1
0.432	1	1	44	3	1	22	1383	0	0	0
0.432	1	1	44	3	1	22	1383	0	0	1
0.433	1	1	44	4	1	22	1383	0	0	0
0.433	1	1	44	4	1	22	1383	0	0	1
0.434	1	1	44	5	1	22	1383	0	0	0
0.434	1	1	44	5	1	22	1383	0	0	1
0.435	1	1	44	6	1	22	1383	0	0	0
0.435	1	1	44	6	1	22	1383	0	0	1
0.437	1	1	44	8	1	22	1383	0	0	0
0.437	1	1	44	8	1	22	1383	0	0	1
0.438	1	1	44	9	1	22	1383	0	0	0
0.438	1	1	44	9	1	22	1383	0	0	1
0.439	1	1	44	10	1	22	1383	0	0	0
0.439	1	1	44	10	1	22	1383	0	0	1
0.44	1	1	45	1	1	22	1383	0	0	0
0.44	1	1	45	1	1	22	1383	0	0	1
0.441	1	1	45	2	1	22	1383	0	0	0
0.441	1	1	45	2	1	22	1383	0	0	1
0.442	1	1	45	3	1	22	1383	0	0	0
0.442	1	1	45	3	1	22	1383	0	0	1
0.443	1	1	45	4	1	22	1383	0	0	0
0.443	1	1	45	4	1	22	1383	0	0	1
0.444	1	1	45	5	1	22	1383	0	0	0
0.444	1	1	45	5	1	22	1383	0	0	1
0.445	1	1	45	6	1	22	1383	0	0	0
0.445	1	1	45	6	1	22	1383	0	0	1
0.447	1	1	45	8	1	22	1383	0	0	0
0.447	1	1	45	8	1	22	1383	0	0	1
0.448	1	1	45	9	1	22	1383	0	0	0
0.448	1	1	45	9	1	22	1383	0	0	1
0.449	1	1	45	10	1	22	1383	0	0	0
0.449	1	1	45	10	1	22	1383	0	0	1
0.45	1	1	46	1	1	22	1383	0	0	0
0.45	1	1	46	1	1	22	1383	0	0	1
0.451	1	1	46	2	1	22	1383	0	0	0
0.451	1	1	46	2	1	22	1383	0	0	1
0.452	1	1	46	3	1	22	1383	0	0	0
0.452	1	1	46	3	1	22	1383	0	0	1
0.453	1	1	46	4	1	22	1383	0	0	0
0.453	1	1	46	4	1	22	1383	0	0	1
0.454	1	1	46	5	1	22	1383	0	0	0
0.454	1	1	46	5	1	22	1383	0	0	1
0.456	1	1	46	7	1	22	1383	0	0	0
0.456	1	1	46	7	1	22	1383	0	0	1
0.457	1	1	46	8	1	22	1383	0	0	0
0.457	1	1	46	8	1	22	1383	0	0	1
0.458	1	1	46	9	1	22	1383	0	0	0
0.458	1	1	46	9	1	22	1383	0	0	1
0.459	1	1	46	10	1	22	1383	0	0	0
0.459	1	1	46	10	1	22	1383	0	0	1
0.46	1	1	47	1	1	22	1383	0	0	0
0.46	1	1	47	1	1	22	1383	0	0	1
0.461	1	1	47	2	1	22	1383	0	0	0
0.461	1	1	47	2	1	22	1383	0	0	1
0.462	1	1	47	3	1	22	1383	0	0	0
0.462	1	1	47	3	1	22	1383	0	0	1
0.463	1	1	47	4	1	22	1383	0	0	0
0.463	1	1	47	4	1	22	1383	0	0	1
0.465	1	1	47	6	1	22	1383	0	0	0
0.465	1	1	47	6	1	22	1383	0	0	1
0.466	1	1	47	7	1	22	1383	0	0	0
0.466	1	1	47	7	1	22	1383	0	0	1
0.467	1	1	47	8	1	22	1383	0	0	0
0.467	1	1	47	8	1	22	1383	0	0	1
0.468	1	1	47	9	1	22	1383	0	0	0
0.468	1	1	47	9	1	22	1383	0	0	1
0.469	1	1	47	10	1	22	1383	0	0	0
0.469	1	1	47	10	1	22	1383	0	0	1
0.47	1	1	48	1	1	22	1383	0	0	0
0.47	1	1	48	1	1	22	1383	0	0	1
0.471	1	1	48	2	1	22	1383	0	0	0
0.471	1	1	48	2	1	22	1383	0	0	1
0.472	1	1	48	3	1	24	1620	0	0	0
0.472	1	1	48	3	1	24	1620	0	0	1
0.473	1	1	48	4	1	24	1620	0	0	0
0.473	1	1	48	4	1	24	1620	0	0	1
0.475	1	1	48	6	1	24	1620	0	0	0
0.475	1	1	48	6	1	24	1620	0	0	1
0.476	1	1	48	7	1	24	1620	0	0	0
0.476	1	1	48	7	1	24	1620	0	0	1
0.477	1	1	48	8	1	24	1620	0	0	0
0.477	1	1	48	8	1	24	1620	0	0	1
0.478	1	1	48	9	1	24	1620	0	0	0
0.478	1	1	48	9	1	24	1620	0	0	1
0.479	1	1	48	10	1	24	1620	0	0	0
0.479	1	1	48	10	1	24	1620	0	0	1
0.48	1	1	49	1	1	24	1620	0	0	0
0.48	1	1	49	1	1	24	1620	0	0	1
0.481	1	1	49	2	1	24	1620	0	0	0
0.482	1	1	49	3	1	24	1620	0	0	0
0.484	1	1	49	5	1	24	1620	0	0	0
0.484	1	1	49	5	1	24	1620	0	0	1
0.485	1	1	49	6	1	24	1620	0	0	0
0.485	1	1	49	6	1	24	1620	0	0	1
0.486	1	1	49	7	1	24	1620	0	0	0
0.487	1	1	49	8	1	24	1620	0	0	0
0.487	1	1	49	8	1	24	1620	0	0	1
0.488	1	1	49	9	1	24	1620	0	0	0
0.488	1	1	49	9	1	24	1620	0	0	1
0.489	1	1	49	10	1	24	1620	0	0	0
0.489	1	1	49	10	1	24	1620	0	0	1
0.49	1	1	50	1	1	24	1620	0	0	0
0.49	1	1	50	1	1	24	1620	0	0	1
0.491	1	1	50	2	1	24	1620	0	0	0
0.491	1	1	50	2	1	24	1620	0	0	1
0.493	1	1	50	4	1	24	1620	0	0	0
0.493	1	1	50	4	1	24	1620	0	0	1
0.494	1	1	50	5	1	26	1836	0	0	0
0.495	1	1	50	6	1	26	1836	0	0	0
0.496	1	1	50	7	1	26	1836	0	0	0
0.496	1	1	50	7	1	26	1836	0	0	1
0.497	1	1	50	8	1	26	1836	0	0	0
0.497	1	1	50	8	1	26	1836	0	0	1
0.498	1	1	50	9	1	26	1836	0	0	0
0.499	1	1	50	10	1	26	1836	0	0	0
0.499	1	1	50	10	1	26	1836	0	0	1
0.5	1	1	51	1	1	26	1836	0	0	0
0.5	1	1	51	1	1	26	1836	0	0	1
0.501	1	1	51	2	1	26	1836	0	0	0
0.501	1	1	51	2	1	26	1836	0	0	1
0.503	1	1	51	4	1	26	1836	0	0	0
0.503	1	1	51	4	1	26	1836	0	0	1
0.504	1	1	51	5	1	26	1836	0	0	0
0.504	1	1	51	5	1	26	1836	0	0	1
0.505	1	1	51	6	1	26	1836	0	0	0
0.505	1	1	51	6	1	26	1836	0	0	1
0.506	1	1	51	7	1	24	1620	0	0	0
0.507	1	1	51	8	1	24	1620	0	0	0
0.508	1	1	51	9	1	24	1620	0	0	0
0.508	1	1	51	9	1	24	1620	0	0	1
0.509	1	1	51	10	1	24	1620	0	0	0
0.509	1	1	51	10	1	24	1620	0	0	1
0.51	1	1	52	1	1	24	1620	0	0	0
0.511	1	1	52	2	1	24	1620	0	0	1
0.512	1	1	52	3	1	24	1620	0	0	0
0.512	1	1	52	3	1	24	1620	0	0	1
0.513	1	1	52	4	1	24	1620	0	0	0
0.513	1	1	52	4	1	24	1620	0	0	1
0.514	1	1	52	5	1	24	1620	0	0	0
0.515	1	1	52	6	1	24	1620	0	0	0
0.515	1	1	52	6	1	24	1620	0	0	1
0.516	1	1	52	7	1	24	1620	0	0	0
0.516	1	1	52	7	1	24	1620	0	0	1
0.517	1	1	52	8	1	24	1620	0	0	0
0.517	1	1	52	8	1	24	1620	0	0	1
0.518	1	1	52	9	1	24	1620	0	0	0
0.519	1	1	52	10	1	24	1620	0	0	0
0.52	1	1	53	1	1	24	1620	0	0	1
0.521	1	1	53	2	1	24	1620	0	0	0
0.521	1	1	53	2	1	24	1620	0	0	1
0.522	1	1	53	3	1	24	1620	0	0	0
0.523	1	1	53	4	1	24	1620	0	0	0
0.523	1	1	53	4	1	24	1620	0	0	1
0.524	1	1	53	5	1	24	1620	0	0	0
0.524	1	1	53	5	1	24	1620	0	0	1
0.525	1	1	53	6	1	24	1620	0	0	0
0.525	1	1	53	6	1	24	1620	0	0	1
0.526	1	1	53	7	1	24	1620	0	0	0
0.527	1	1	53	8	1	24	1620	0	0	0
0.527	1	1	53	8	1	24	1620	0	0	1
0.528	1	1	53	9	1	24	1620	0	0	0
0.528	1	1	53	9	1	24	1620	0	0	1
0.529	1	1	53	10	1	24	1620	0	0	0
0.529	1	1	53	10	1	24	1620	0	0	1
0.531	1	1	54	2	1	24	1620	0	0	0
0.532	1	1	54	3	1	24	1620	0	0	0
0.532	1	1	54	3	1	24	1620	0	0	1
0.533	1	1	54	4	1	24	1620	0	0	0
0.533	1	1	54	4	1	24	1620	0	0	1
0.534	1	1	54	5	1	24	1620	0	0	0
0.535	1	1	54	6	1	24	1620	0	0	0
0.535	1	1	54	6	1	24	1620	0	0	1
0.536	1	1	54	7	1	24	1620	0	0	0
0.536	1	1	54	7	1	24	1620	0	0	1
0.537	1	1	54	8	1	24	1620	0	0	0
0.537	1	1	54	8	1	24	1620	0	0	1
0.538	1	1	54	9	1	24	1620	0	0	0
0.539	1	1	54	10	1	24	1620	0	0	1
0.54	1	1	55	1	1	24	1620	0	0	0
0.54	1	1	55	1	1	24	1620	0	0	1
0.541	1	1	55	2	1	24	1620	0	0	0
0.541	1	1	55	2	1	24	1620	0	0	1
0.542	1	1	55	3	1	24	1620	0	0	0
0.543	1	1	55	4	1	24	1620	0	0	0
0.544	1	1	55	5	1	24	1620	0	0	0
0.544	1	1	55	5	1	24	1620	0	0	1
0.545	1	1	55	6	1	24	1620	0	0	0
0.545	1	1	55	6	1	24	1620	0	0	1
0.546	1	1	55	7	1	24	1620	0	0	0
0.547	1	1	55	8	1	24	1620	0	0	0
0.547	1	1	55	8	1	24	1620	0	0	1
0.549	1	1	55	10	1	24	1620	0	0	0
0.549	1	1	55	10	1	24	1620	0	0	1
0.55	1	1	56	1	1	24	1620	0	0	0
0.55	1	1	56	1	1	24	1620	0	0	1
0.551	1	1	56	2	1	24	1620	0	0	0
0.551	1	1	56	2	1	24	1620	0	0	1
0.552	1	1	56	3	1	24	1620	0	0	0
0.552	1	1	56	3	1	24	1620	0	0	1
0.553	1	1	56	4	1	24	1620	0	0	0
0.553	1	1	56	4	1	24	1620	0	0	1
0.554	1	1	56	5	1	24	1620	0	0	0
0.555	1	1	56	6	1	24	1620	0	0	0
0.556	1	1	56	7	1	24	1620	0	0	0
0.556	1	1	56	7	1	24	1620	0	0	1
0.557	1	1	56	8	1	24	1620	0	0	0
0.557	1	1	56	8	1	24	1620	0	0	1
0.559	1	1	56	10	1	24	1620	0	0	0
0.559	1	1	56	10	1	24	1620	0	0	1
0.56	1	1	57	1	1	24	1620	0	0	0
0.561	1	1	57	2	1	24	1620	0	0	0
0.561	1	1	57	2	1	24	1620	0	0	1
0.562	1	1	57	3	1	24	1620	0	0	0
0.562	1	1	57	3	1	24	1620	0	0	1
0.563	1	1	57	4	1	24	1620	0	0	0
0.563	1	1	57	4	1	24	1620	0	0	1
0.564	1	1	57	5	1	24	1620	0	0	0
0.564	1	1	57	5	1	24	1620	0	0	1
0.565	1	1	57	6	1	24	1620	0	0	0
0.565	1	1	57	6	1	24	1620	0	0	1
0.566	1	1	57	7	1	24	1620	0	0	0
0.568	1	1	57	9	1	24	1620	0	0	0
0.568	1	1	57	9	1	24	1620	0	0	1
0.569	1	1	57	10	1	24	1620	0	0	0
0.569	1	1	57	10	1	24	1620	0	0	1
0.57	1	1	58	1	1	24	1620	0	0	0
0.571	1	1	58	2	1	24	1620	0	0	0
0.571	1	1	58	2	1	24	1620	0	0	1
0.572	1	1	58	3	1	24	1620	0	0	0
0.573	1	1	58	4	1	24	1620	0	0	0
0.573	1	1	58	4	1	24	1620	0	0	1
0.574	1	1	58	5	1	24	1620	0	0	0
0.574	1	1	58	5	1	24	1620	0	0	1
0.575	1	1	58	6	1	24	1620	0	0	0
0.575	1	1	58	6	1	24	1620	0	0	1
0.577	1	1	58	8	1	24	1620	0	0	0
0.577	1	1	58	8	1	24	1620	0	0	1
0.578	1	1	58	9	1	24	1620	0	0	0
0.578	1	1	58	9	1	24	1620	0	0	1
0.579	1	1	58	10	1	24	1620	0	0	0
0.58	1	1	59	1	1	24	1620	0	0	0
0.58	1	1	59	1	1	24	1620	0	0	1
0.581	1	1	59	2	1	24	1620	0	0	0
0.581	1	1	59	2	1	24	1620	0	0	1
0.582	1	1	59	3	1	24	1620	0	0	0
0.583	1	1	59	4	1	24	1620	0	0	0
0.583	1	1	59	4	1	24	1620	0	0	1
0.584	1	1	59	5	1	24	1620	0	0	0
0.585	1	1	59	6	1	24	1620	0	0	0
0.585	1	1	59	6	1	24	1620	0	0	1
0.587	1	1	59	8	1	24	1620	0	0	0
0.587	1	1	59	8	1	24	1620	0	0	1
0.588	1	1	59	9	1	24	1620	0	0	0
0.588	1	1	59	9	1	24	1620	0	0	1
0.589	1	1	59	10	1	24	1620	0	0	0
0.589	1	1	59	10	1	24	1620	0	0	1
0.59	1	1	60	1	1	24	1620	0	0	0
0.59	1	1	60	1	1	24	1620	0	0	1
0.591	1	1	60	2	1	24	1620	0	0	0
0.592	1	1	60	3	1	24	1620	0	0	0
0.592	1	1	60	3	1	24	1620	0	0	1
0.593	1	1	60	4	1	24	1620	0	0	0
0.593	1	1	60	4	1	24	1620	0	0	1
0.594	1	1	60	5	1	24	1620	0	0	0
0.595	1	1	60	6	1	24	1620	0	0	1
0.596	1	1	60	7	1	24	1620	0	0	0
0.597	1	1	60	8	1	24	1620	0	0	0
0.597	1	1	60	8	1	24	1620	0	0	1
0.598	1	1	60	9	1	24	1620	0	0	0
0.599	1	1	60	10	1	24	1620	0	0	0
0.599	1	1	60	10	1	24	1620	0	0	1
0.6	1	1	61	1	1	24	1620	0	0	0
0.6	1	1	61	1	1	24	1620	0	0	1
0.601	1	1	61	2	1	24	1620	0	0	0
0.601	1	1	61	2	1	24	1620	0	0	1
0.602	1	1	61	3	1	24	1620	0	0	0
0.602	1	1	61	3	1	24	1620	0	0	1
0.603	1	1	61	4	1	24	1620	0	0	0
0.604	1	1	61	5	1	24	1620	0	0	1
0.605	1	1	61	6	1	24	1620	0	0	0
0.605	1	1	61	6	1	24	1620	0	0	1
0.606	1	1	61	7	1	24	1620	0	0	0
0.607	1	1	61	8	1	24	1620	0	0	0
0.607	1	1	61	8	1	24	1620	0	0	1
0.608	1	1	61	9	1	24	1620	0	0	0
0.609	1	1	61	10	1	24	1620	0	0	0
0.609	1	1	61	10	1	24	1620	0	0	1
0.61	1	1	62	1	1	24	1620	0	0	0
0.611	1	1	62	2	1	24	1620	0	0	0
0.611	1	1	62	2	1	24	1620	0	0	1
0.612	1	1	62	3	1	24	1620	0	0	0
0.612	1	1	62	3	1	24	1620	0	0	1
0.613	1	1	62	4	1	24	1620	0	0	0
0.613	1	1	62	4	1	24	1620	0	0	1
0.615	1	1	62	6	1	24	1620	0	0	0
0.615	1	1	62	6	1	24	1620	0	0	1
0.616	1	1	62	7	1	24	1620	0	0	0
0.616	1	1	62	7	1	24	1620	0	0	1
0.617	1	1	62	8	1	24	1620	0	0	0
0.617	1	1	62	8	1	24	1620	0	0	1
0.618	1	1	62	9	1	24	1620	0	0	0
0.619	1	1	62	10	1	24	1620	0	0	0
0.619	1	1	62	10	1	24	1620	0	0	1
0.62	1	1	63	1	1	24	1620	0	0	0
0.621	1	1	63	2	1	24	1620	0	0	0
0.621	1	1	63	2	1	24	1620	0	0	1
0.622	1	1	63	3	1	24	1620	0	0	0
0.623	1	1	63	4	1	24	1620	0	0	1
0.624	1	1	63	5	1	24	1620	0	0	0
0.624	1	1	63	5	1	24	1620	0	0	1
0.625	1	1	63	6	1	24	1620	0	0	0
0.625	1	1	63	6	1	24	1620	0	0	1
0.626	1	1	63	7	1	24	1620	0	0	0
0.627	1	1	63	8	1	24	1620	0	0	0
0.627	1	1	63	8	1	24	1620	0	0	1
0.628	1	1	63	9	1	24	1620	0	0	0
0.628	1	1	63	9	1	24	1620	0	0	1
0.629	1	1	63	10	1	24	1620	0	0	0
0.629	1	1	63	10	1	24	1620	0	0	1
0.63	1	1	64	1	1	24	1620	0	0	0
0.631	1	1	64	2	1	24	1620	0	0	0
0.631	1	1	64	2	1	24	1620	0	0	1
0.633	1	1	64	4	1	24	1620	0	0	0
0.633	1	1	64	4	1	24	1620	0	0	1
0.634	1	1	64	5	1	24	1620	0	0	0
0.635	1	1	64	6	1	24	1620	0	0	0
0.635	1	1	64	6	1	24	1620	0	0	1
0.636	1	1	64	7	1	24	1620	0	0	0
0.636	1	1	64	7	1	24	1620	0	0	1
0.637	1	1	64	8	1	24	1620	0	0	0
0.637	1	1	64	8	1	24	1620	0	0	1
0.638	1	1	64	9	1	24	1620	0	0	0
0.639	1	1	64	10	1	24	1620	0	0	0
0.639	1	1	64	10	1	24	1620	0	0	1
0.64	1	1	65	1	1	24	1620	0	0	0
0.64	1	1	65	1	1	24	1620	0	0	1
0.641	1	1	65	2	1	24	1620	0	0	0
0.641	1	1	65	2	1	24	1620	0	0	1
0.643	1	1	65	4	1	24	1620	0	0	0
0.643	1	1	65	4	1	24	1620	0	0	1
0.644	1	1	65	5	1	24	1620	0	0	0
0.645	1	1	65	6	1	24	1620	0	0	0
0.645	1	1	65	6	1	24	1620	0	0	1
0.646	1	1	65	7	1	22	1383	0	0	0
0.647	1	1	65	8	1	22	1383	0	0	0
0.647	1	1	65	8	1	22	1383	0	0	1
0.648	1	1	65	9	1	22	1383	0	0	0
0.648	1	1	65	9	1	22	1383	0	0	1
0.649	1	1	65	10	1	22	1383	0	0	0
0.649	1	1	65	10	1	22	1383	0	0	1
0.65	1	1	66	1	1	22	1383	0	0	0
0.651	1	1	66	2	1	22	1383	0	0	1
0.652	1	1	66	3	1	22	1383	0	0	0
0.652	1	1	66	3	1	22	1383	0	0	1
0.653	1	1	66	4	1	22	1383	0	0	0
0.653	1	1	66	4	1	22	1383	0	0	1
0.654	1	1	66	5	1	22	1383	0	0	0
0.654	1	1	66	5	1	22	1383	0	0	1
0.655	1	1	66	6	1	22	1383	0	0	0
0.655	1	1	66	6	1	22	1383	0	0	1
0.656	1	1	66	7	1	22	1383	0	0	0
0.656	1	1	66	7	1	22	1383	0	0	1
0.657	1	1	66	8	1	22	1383	0	0	0
0.657	1	1	66	8	1	22	1383	0	0	1
0.658	1	1	66	9	1	22	1383	0	0	0
0.658	1	1	66	9	1	22	1383	0	0	1
0.659	1	1	66	10	1	22	1383	0	0	0
0.659	1	1	66	10	1	22	1383	0	0	1
0.661	1	1	67	2	1	22	1383	0	0	0
0.661	1	1	67	2	1	22	1383	0	0	1
0.662	1	1	67	3	1	22	1383	0	0	0
0.662	1	1	67	3	1	22	1383	0	0	1
0.663	1	1	67	4	1	22	1383	0	0	0
0.663	1	1	67	4	1	22	1383	0	0	1
0.664	1	1	67	5	1	22	1383	0	0	0
0.664	1	1	67	5	1	22	1383	0	0	1
0.665	1	1	67	6	1	22	1383	0	0	0
0.665	1	1	67	6	1	22	1383	0	0	1
0.666	1	1	67	7	1	22	1383	0	0	0
0.666	1	1	67	7	1	22	1383	0	0	1
0.667	1	1	67	8	1	22	1383	0	0	0
0.667	1	1	67	8	1	22	1383	0	0	1
0.668	1	1	67	9	1	22	1383	0	0	0
0.668	1	1	67	9	1	22	1383	0	0	1
0.669	1	1	67	10	1	22	1383	0	0	0
0.669	1	1	67	10	1	22	1383	0	0	1
0.671	1	1	68	2	1	22	1383	0	0	0
0.671	1	1	68	2	1	22	1383	0	0	1
0.672	1	1	68	3	1	22	1383	0	0	0
0.672	1	1	68	3	1	22	1383	0	0	1
0.673	1	1	68	4	1	22	1383	0	0	0
0.673	1	1	68	4	1	22	1383	0	0	1
0.674	1	1	68	5	1	22	1383	0	0	0
0.674	1	1	68	5	1	22	1383	0	0	1
0.675	1	1	68	6	1	22	1383	0	0	0
0.675	1	1	68	6	1	22	1383	0	0	1
0.676	1	1	68	7	1	22	1383	0	0	0
0.676	1	1	68	7	1	22	1383	0	0	1
0.677	1	1	68	8	1	22	1383	0	0	0
0.677	1	1	68	8	1	22	1383	0	0	1
0.678	1	1	68	9	1	24	1620	0	0	0
0.678	1	1	68	9	1	24	1620	0	0	1
0.68	1	1	69	1	1	24	1620	0	0	0
0.68	1	1	69	1	1	24	1620	0	0	1
0.681	1	1	69	2	1	24	1620	0	0	0
0.681	1	1	69	2	1	24	1620	0	0	1
0.682	1	1	69	3	1	24	1620	0	0	0
0.682	1	1	69	3	1	24	1620	0	0	1
0.683	1	1	69	4	1	24	1620	0	0	0
0.683	1	1	69	4	1	24	1620	0	0	1
0.684	1	1	69	5	1	24	1620	0	0	0
0.684	1	1	69	5	1	24	1620	0	0	1
0.685	1	1	69	6	1	24	1620	0	0	0
0.685	1	1	69	6	1	24	1620	0	0	1
0.686	1	1	69	7	1	24	1620	0	0	0
0.686	1	1	69	7	1	24	1620	0	0	1
0.687	1	1	69	8	1	24	1620	0	0	0
0.689	1	1	69	10	1	24	1620	0	0	0
0.69	1	1	70	1	1	24	1620	0	0	0
0.69	1	1	70	1	1	24	1620	0	0	1
0.691	1	1	70	2	1	24	1620	0	0	0
0.692	1	1	70	3	1	24	1620	0	0	0
0.692	1	1	70	3	1	24	1620	0	0	1
0.693	1	1	70	4	1	24	1620	0	0	0
0.693	1	1	70	4	1	24	1620	0	0	1
0.694	1	1	70	5	1	24	1620	0	0	0
0.694	1	1	70	5	1	24	1620	0	0	1
0.695	1	1	70	6	1	24	1620	0	0	0
0.695	1	1	70	6	1	24	1620	0	0	1
0.696	1	1	70	7	1	24	1620	0	0	0
0.696	1	1	70	7	1	24	1620	0	0	1
0.697	1	1	70	8	1	24	1620	0	0	0
0.697	1	1	70	8	1	24	1620	0	0	1
0.699	1	1	70	10	1	24	1620	0	0	0
0.699	1	1	70	10	1	24	1620	0	0	1
0.7	1	1	71	1	1	24	1620	0	0	0
0.701	1	1	71	2	1	24	1620	0	0	0
0.702	1	1	71	3	1	24	1620	0	0	0
0.702	1	1	71	3	1	24	1620	0	0	1
0.703	1	1	71	4	1	24	1620	0	0	0
0.704	1	1	71	5	1	24	1620	0	0	0
0.704	1	1	71	5	1	24	1620	0	0	1
0.705	1	1	71	6	1	24	1620	0	0	0
0.705	1	1	71	6	1	24	1620	0	0	1
0.706	1	1	71	7	1	24	1620	0	0	0
0.706	1	1	71	7	1	24	1620	0	0	1
0.708	1	1	71	9	1	24	1620	0	0	0
0.708	1	1	71	9	1	24	1620	0	0	1
0.709	1	1	71	10	1	24	1620	0	0	0
0.709	1	1	71	10	1	24	1620	0	0	1
0.71	1	1	72	1	1	24	1620	0	0	0
0.71	1	1	72	1	1	24	1620	0	0	1
0.711	1	1	72	2	1	24	1620	0	0	0
0.711	1	1	72	2	1	24	1620	0	0	1
0.712	1	1	72	3	1	24	1620	0	0	0
0.713	1	1	72	4	1	24	1620	0	0	0
0.714	1	1	72	5	1	26	1836	0	0	0
0.714	1	1	72	5	1	26	1836	0	0	1
0.715	1	1	72	6	1	26	1836	0	0	0
0.716	1	1	72	7	1	26	1836	0	0	1
0.717	1	1	72	8	1	26	1836	0	0	0
0.717	1	1	72	8	1	26	1836	0	0	1
0.718	1	1	72	9	1	24	1620	0	0	0
0.718	1	1	72	9	1	24	1620	0	0	1
0.719	1	1	72	10	1	24	1620	0	0	0
0.72	1	1	73	1	1	24	1620	0	0	0
0.72	1	1	73	1	1	24	1620	0	0	1
0.721	1	1	73	2	1	24	1620	0	0	0
0.721	1	1	73	2	1	24	1620	0	0	1
0.722	1	1	73	3	1	24	1620	0	0	0
0.722	1	1	73	3	1	24	1620	0	0	1
0.723	1	1	73	4	1	24	1620	0	0	0
0.723	1	1	73	4	1	24	1620	0	0	1
0.724	1	1	73	5	1	24	1620	0	0	0
0.725	1	1	73	6	1	24	1620	0	0	0
0.726	1	1	73	7	1	24	1620	0	0	1
0.727	1	1	73	8	1	24	1620	0	0	0
0.728	1	1	73	9	1	24	1620	0	0	0
0.728	1	1	73	9	1	24	1620	0	0	1
0.729	1	1	73	10	1	24	1620	0	0	0
0.729	1	1	73	10	1	24	1620	0	0	1
0.73	1	1	74	1	1	24	1620	0	0	0
0.73	1	1	74	1	1	24	1620	0	0	1
0.731	1	1	74	2	1	24	1620	0	0	0
0.732	1	1	74	3	1	24	1620	0	0	0
0.732	1	1	74	3	1	24	1620	0	0	1
0.733	1	1	74	4	1	24	1620	0	0	0
0.733	1	1	74	4	1	24	1620	0	0	1
0.734	1	1	74	5	1	24	1620	0	0	0
0.734	1	1	74	5	1	24	1620	0	0	1
0.736	1	1	74	7	1	24	1620	0	0	0
0.736	1	1	74	7	1	24	1620	0	0	1
0.737	1	1	74	8	1	24	1620	0	0	0
0.738	1	1	74	9	1	24	1620	0	0	0
0.738	1	1	74	9	1	24	1620	0	0	1
0.739	1	1	74	10	1	24	1620	0	0	0
0.74	1	1	75	1	1	24	1620	0	0	0
0.74	1	1	75	1	1	24	1620	0	0	1
0.741	1	1	75	2	1	24	1620	0	0	0
0.741	1	1	75	2	1	24	1620	0	0	1
0.742	1	1	75	3	1	24	1620	0	0	0
0.742	1	1	75	3	1	24	1620	0	0	1
0.743	1	1	75	4	1	24	1620	0	0	0
0.744	1	1	75	5	1	24	1620	0	0	1
0.745	1	1	75	6	1	24	1620	0	0	0
0.745	1	1	75	6	1	24	1620	0	0	1
0.746	1	1	75	7	1	24	1620	0	0	0
0.746	1	1	75	7	1	24	1620	0	0	1
0.747	1	1	75	8	1	24	1620	0	0	0
0.748	1	1	75	9	1	24	1620	0	0	0
0.748	1	1	75	9	1	24	1620	0	0	1
0.749	1	1	75	10	1	24	1620	0	0	0
0.75	1	1	76	1	1	24	1620	0	0	0
0.75	1	1	76	1	1	24	1620	0	0	1
0.751	1	1	76	2	1	24	1620	0	0	0
0.752	1	1	76	3	1	24	1620	0	0	0
0.752	1	1	76	3	1	24	1620	0	0	1
0.753	1	1	76	4	1	24	1620	0	0	0
0.753	1	1	76	4	1	24	1620	0	0	1
0.755	1	1	76	6	1	24	1620	0	0	0
0.755	1	1	76	6	1	24	1620	0	0	1
0.756	1	1	76	7	1	24	1620	0	0	0
0.756	1	1	76	7	1	24	1620	0	0	1
0.757	1	1	76	8	1	24	1620	0	0	0
0.757	1	1	76	8	1	24	1620	0	0	1
0.758	1	1	76	9	1	24	1620	0	0	0
0.758	1	1	76	9	1	24	1620	0	0	1
0.759	1	1	76	10	1	24	1620	0	0	0
0.76	1	1	77	1	1	24	1620	0	0	0
0.76	1	1	77	1	1	24	1620	0	0	1
0.761	1	1	77	2	1	24	1620	0	0	0
0.762	1	1	77	3	1	24	1620	0	0	0
0.762	1	1	77	3	1	24	1620	0	0	1
0.764	1	1	77	5	1	24	1620	0	0	0
0.764	1	1	77	5	1	24	1620	0	0	1
0.765	1	1	77	6	1	24	1620	0	0	0
0.765	1	1	77	6	1	24	1620	0	0	1
0.766	1	1	77	7	1	24	1620	0	0	0
0.767	1	1	77	8	1	24	1620	0	0	0
0.767	1	1	77	8	1	24	1620	0	0	1
0.768	1	1	77	9	1	24	1620	0	0	0
0.768	1	1	77	9	1	24	1620	0	0	1
0.769	1	1	77	10	1	24	1620	0	0	0
0.769	1	1	77	10	1	24	1620	0	0	1
0.77	1	1	78	1	1	24	1620	0	0	0
0.77	1	1	78	1	1	24	1620	0	0	1
0.771	1	1	78	2	1	24	1620	0	0	0
0.772	1	1	78	3	1	24	1620	0	0	1
0.773	1	1	78	4	1	24	1620	0	0	0
0.774	1	1	78	5	1	24	1620	0	0	0
0.774	1	1	78	5	1	24	1620	0	0	1
0.775	1	1	78	6	1	24	1620	0	0	0
0.776	1	1	78	7	1	22	1383	0	0	0
0.776	1	1	78	7	1	22	1383	0	0	1
0.777	1	1	78	8	1	22	1383	0	0	0
0.777	1	1	78	8	1	22	1383	0	0	1
0.778	1	1	78	9	1	22	1383	0	0	0
0.779	1	1	78	10	1	22	1383	0	0	0
0.779	1	1	78	10	1	22	1383	0	0	1
0.78	1	1	79	1	1	22	1383	0	0	0
0.78	1	1	79	1	1	22	1383	0	0	1
0.781	1	1	79	2	1	22	1383	0	0	0
0.781	1	1	79	2	1	22	1383	0	0	1
0.783	1	1	79	4	1	22	1383	0	0	0
0.783	1	1	79	4	1	22	1383	0	0	1
0.784	1	1	79	5	1	22	1383	0	0	0
0.784	1	1	79	5	1	22	1383	0	0	1
0.785	1	1	79	6	1	22	1383	0	0	0
0.785	1	1	79	6	1	22	1383	0	0	1
0.786	1	1	79	7	1	22	1383	0	0	0
0.786	1	1	79	7	1	22	1383	0	0	1
0.787	1	1	79	8	1	22	1383	0	0	0
0.787	1	1	79	8	1	22	1383	0	0	1
0.788	1	1	79	9	1	20	1191	0	0	0
0.788	1	1	79	9	1	20	1191	0	0	1
0.789	1	1	79	10	1	20	1191	0	0	0
0.789	1	1	79	10	1	20	1191	0	0	1
0.79	1	1	80	1	1	20	1191	0	0	0
0.79	1	1	80	1	1	20	1191	0	0	1
0.792	1	1	80	3	1	20	1191	0	0	0
0.792	1	1	80	3	1	20	1191	0	0	1
0.793	1	1	80	4	1	20	1191	0	0	0
0.793	1	1	80	4	1	20	1191	0	0	1
0.794	1	1	80	5	1	20	1191	0	0	0
0.794	1	1	80	5	1	20	1191	0	0	1
0.795	1	1	80	6	1	20	1191	0	0	0
0.795	1	1	80	6	1	20	1191	0	0	1
0.796	1	1	80	7	1	20	1191	0	0	0
0.796	1	1	80	7	1	20	1191	0	0	1
0.797	1	1	80	8	1	20	1191	0	0	0
0.797	1	1	80	8	1	20	1191	0	0	1
0.798	1	1	80	9	1	20	1191	0	0	0
0.798	1	1	80	9	1	20	1191	0	0	1
0.799	1	1	80	10	1	20	1191	0	0	0
0.799	1	1	80	10	1	20	1191	0	0	1
0.801	1	1	81	2	1	20	1191	0	0	0
0.801	1	1	81	2	1	20	1191	0	0	1
0.802	1	1	81	3	1	20	1191	0	0	0
0.802	1	1	81	3	1	20	1191	0	0	1
0.803	1	1	81	4	1	20	1191	0	0	0
0.803	1	1	81	4	1	20	1191	0	0	1
0.804	1	1	81	5	1	20	1191	0	0	0
0.804	1	1	81	5	1	20	1191	0	0	1
0.805	1	1	81	6	1	20	1191	0	0	0
0.805	1	1	81	6	1	20	1191	0	0	1
0.806	1	1	81	7	1	20	1191	0	0	0
0.806	1	1	81	7	1	20	1191	0	0	1
0.807	1	1	81	8	1	20	1191	0	0	0
0.807	1	1	81	8	1	20	1191	0	0	1
0.808	1	1	81	9	1	20	1191	0	0	0
0.808	1	1	81	9	1	20	1191	0	0	1
0.809	1	1	81	10	1	20	1191	0	0	0
0.809	1	1	81	10	1	20	1191	0	0	1
0.811	1	1	82	2	1	20	1191	0	0	0
0.811	1	1	82	2	1	20	1191	0	0	1
0.812	1	1	82	3	1	22	1383	0	0	0
0.812	1	1	82	3	1	22	1383	0	0	1
0.813	1	1	82	4	1	22	1383	0	0	0
0.813	1	1	82	4	1	22	1383	0	0	1
0.814	1	1	82	5	1	22	1383	0	0	0
0.814	1	1	82	5	1	22	1383	0	0	1
0.815	1	1	82	6	1	22	1383	0	0	0
0.815	1	1	82	6	1	22	1383	0	0	1
0.816	1	1	82	7	1	22	1383	0	0	0
0.816	1	1	82	7	1	22	1383	0	0	1
0.817	1	1	82	8	1	22	1383	0	0	0
0.817	1	1	82	8	1	22	1383	0	0	1
0.818	1	1	82	9	1	22	1383	0	0	0
0.818	1	1	82	9	1	22	1383	0	0	1
0.82	1	1	83	1	1	22	1383	0	0	0
0.82	1	1	83	1	1	22	1383	0	0	1
0.821	1	1	83	2	1	22	1383	0	0	0
0.821	1	1	83	2	1	22	1383	0	0	1
0.822	1	1	83	3	1	22	1383	0	0	0
0.822	1	1	83	3	1	22	1383	0	0	1
0.823	1	1	83	4	1	22	1383	0	0	0
0.823	1	1	83	4	1	22	1383	0	0	1
0.824	1	1	83	5	1	24	1620	0	0	0
0.824	1	1	83	5	1	24	1620	0	0	1
0.825	1	1	83	6	1	24	1620	0	0	0
0.825	1	1	83	6	1	24	1620	0	0	1
0.826	1	1	83	7	1	24	1620	0	0	0
0.826	1	1	83	7	1	24	1620	0	0	1
0.827	1	1	83	8	1	24	1620	0	0	0
0.827	1	1	83	8	1	24	1620	0	0	1
0.829	1	1	83	10	1	24	1620	0	0	0
0.829	1	1	83	10	1	24	1620	0	0	1
0.83	1	1	84	1	1	24	1620	0	0	0
0.83	1	1	84	1	1	24	1620	0	0	1
0.831	1	1	84	2	1	24	1620	0	0	0
0.831	1	1	84	2	1	24	1620	0	0	1
0.832	1	1	84	3	1	24	1620	0	0	0
0.832	1	1	84	3	1	24	1620	0	0	1
0.833	1	1	84	4	1	24	1620	0	0	0
0.834	1	1	84	5	1	24	1620	0	0	0
0.835	1	1	84	6	1	24	1620	0	0	0
0.836	1	1	84	7	1	24	1620	0	0	0
0.836	1	1	84	7	1	24	1620	0	0	1
0.837	1	1	84	8	1	24	1620	0	0	0
0.837	1	1	84	8	1	24	1620	0	0	1
0.839	1	1	84	10	1	24	1620	0	0	0
0.839	1	1	84	10	1	24	1620	0	0	1
0.84	1	1	85	1	1	24	1620	0	0	0
0.84	1	1	85	1	1	24	1620	0	0	1
0.841	1	1	85	2	1	24	1620	0	0	0
0.841	1	1	85	2	1	24	1620	0	0	1
0.842	1	1	85	3	1	24	1620	0	0	0
0.842	1	1	85	3	1	24	1620	0	0	1
0.843	1	1	85	4	1	24	1620	0	0	0
0.843	1	1	85	4	1	24	1620	0	0	1
0.844	1	1	85	5	1	24	1620	0	0	0
0.844	1	1	85	5	1	24	1620	0	0	1
0.845	1	1	85	6	1	24	1620	0	0	0
0.846	1	1	85	7	1	24	1620	0	0	0
0.848	1	1	85	9	1	24	1620	0	0	0
0.848	1	1	85	9	1	24	1620	0	0	1
0.849	1	1	85	10	1	24	1620	0	0	0
0.849	1	1	85	10	1	24	1620	0	0	1
0.85	1	1	86	1	1	24	1620	0	0	0
0.851	1	1	86	2	1	24	1620	0	0	0
0.851	1	1	86	2	1	24	1620	0	0	1
0.852	1	1	86	3	1	24	1620	0	0	0
0.852	1	1	86	3	1	24	1620	0	0	1
0.853	1	1	86	4	1	24	1620	0	0	0
0.853	1	1	86	4	1	24	1620	0	0	1
0.854	1	1	86	5	1	24	1620	0	0	0
0.854	1	1	86	5	1	24	1620	0	0	1
0.855	1	1	86	6	1	24	1620	0	0	0
0.855	1	1	86	6	1	24	1620	0	0	1
0.857	1	1	86	8	1	24	1620	0	0	0
0.857	1	1	86	8	1	24	1620	0	0	1
0.858	1	1	86	9	1	24	1620	0	0	0
0.859	1	1	86	10	1	24	1620	0	0	0
0.86	1	1	87	1	1	24	1620	0	0	0
0.86	1	1	87	1	1	24	1620	0	0	1
0.861	1	1	87	2	1	24	1620	0	0	0
0.861	1	1	87	2	1	24	1620	0	0	1
0.862	1	1	87	3	1	24	1620	0	0	0
0.863	1	1	87	4	1	24	1620	0	0	0
0.863	1	1	87	4	1	24	1620	0	0	1
0.864	1	1	87	5	1	24	1620	0	0	0
0.864	1	1	87	5	1	24	1620	0	0	1
0.865	1	1	87	6	1	24	1620	0	0	0
0.865	1	1	87	6	1	24	1620	0	0	1
0.867	1	1	87	8	1	26	1836	0	0	0
0.867	1	1	87	8	1	26	1836	0	0	1
0.868	1	1	87	9	1	26	1836	0	0	0
0.868	1	1	87	9	1	26	1836	0	0	1
0.869	1	1	87	10	1	26	1836	0	0	0
0.869	1	1	87	10	1	26	1836	0	0	1
0.87	1	1	88	1	1	26	1836	0	0	0
0.871	1	1	88	2	1	26	1836	0	0	0
0.872	1	1	88	3	1	26	1836	0	0	0
0.872	1	1	88	3	1	26	1836	0	0	1
0.873	1	1	88	4	1	26	1836	0	0	0
0.873	1	1	88	4	1	26	1836	0	0	1
0.874	1	1	88	5	1	26	1836	0	0	0
0.875	1	1	88	6	1	26	1836	0	0	1
0.876	1	1	88	7	1	26	1836	0	0	0
0.876	1	1	88	7	1	26	1836	0	0	1
0.877	1	1	88	8	1	26	1836	0	0	0
0.877	1	1	88	8	1	26	1836	0	0	1
0.878	1	1	88	9	1	26	1836	0	0	0
0.879	1	1	88	10	1	26	1836	0	0	0
0.879	1	1	88	10	1	26	1836	0	0	1
0.88	1	1	89	1	1	26	1836	0	0	0
0.88	1	1	89	1	1	26	1836	0	0	1
0.881	1	1	89	2	1	26	1836	0	0	0
0.881	1	1	89	2	1	26	1836	0	0	1
0.882	1	1	89	3	1	26	1836	0	0	0
0.883	1	1	89	4	1	26	1836	0	0	0
0.884	1	1	89	5	1	26	1836	0	0	1
0.885	1	1	89	6	1	26	1836	0	0	0
0.885	1	1	89	6	1	26	1836	0	0	1
0.886	1	1	89	7	1	26	1836	0	0	0
0.887	1	1	89	8	1	26	1836	0	0	0
0.887	1	1	89	8	1	26	1836	0	0	1
0.888	1	1	89	9	1	26	1836	0	0	0
0.888	1	1	89	9	1	26	1836	0	0	1
0.889	1	1	89	10	1	26	1836	0	0	0
0.889	1	1	89	10	1	26	1836	0	0	1
0.89	1	1	90	1	1	26	1836	0	0	0
0.891	1	1	90	2	1	26	1836	0	0	0
0.891	1	1	90	2	1	26	1836	0	0	1
0.892	1	1	90	3	1	26	1836	0	0	0
0.892	1	1	90	3	1	26	1836	0	0	1
0.893	1	1	90	4	1	26	1836	0	0	0
0.893	1	1	90	4	1	26	1836	0	0	1
0.895	1	1	90	6	1	26	1836	0	0	0
0.896	1	1	90	7	1	26	1836	0	0	0
0.896	1	1	90	7	1	26	1836	0	0	1
0.897	1	1	90	8	1	26	1836	0	0	0
0.897	1	1	90	8	1	26	1836	0	0	1
0.898	1	1	90	9	1	26	1836	0	0	0
0.899	1	1	90	10	1	26	1836	0	0	0
0.899	1	1	90	10	1	26	1836	0	0	1
0.9	1	1	91	1	1	26	1836	0	0	0
0.9	1	1	91	1	1	26	1836	0	0	1
0.901	1	1	91	2	1	26	1836	0	0	0
0.901	1	1	91	2	1	26	1836	0	0	1
0.902	1	1	91	3	1	26	1836	0	0	0
0.903	1	1	91	4	1	26	1836	0	0	1
0.904	1	1	91	5	1	24	1620	0	0	0
0.904	1	1	91	5	1	24	1620	0	0	1
0.905	1	1	91	6	1	24	1620	0	0	0
0.905	1	1	91	6	1	24	1620	0	0	1
0.906	1	1	91	7	1	24	1620	0	0	0
0.907	1	1	91	8	1	24	1620	0	0	0
0.908	1	1	91	9	1	24	1620	0	0	0
0.908	1	1	91	9	1	24	1620	0	0	1
0.909	1	1	91	10	1	24	1620	0	0	0
0.909	1	1	91	10	1	24	1620	0	0	1
0.91	1	1	92	1	1	24	1620	0	0	0
0.911	1	1	92	2	1	24	1620	0	0	0
0.911	1	1	92	2	1	24	1620	0	0	1
0.913	1	1	92	4	1	24	1620	0	0	0
0.913	1	1	92	4	1	24	1620	0	0	1
0.914	1	1	92	5	1	24	1620	0	0	0
0.914	1	1	92	5	1	24	1620	0	0	1
0.915	1	1	92	6	1	24	1620	0	0	0
0.915	1	1	92	6	1	24	1620	0	0	1
0.916	1	1	92	7	1	24	1620	0	0	0
0.916	1	1	92	7	1	24	1620	0	0	1
0.917	1	1	92	8	1	24	1620	0	0	0
0.917	1	1	92	8	1	24	1620	0	0	1
0.918	1	1	92	9	1	24	1620	0	0	0
0.919	1	1	92	10	1	24	1620	0	0	0
0.92	1	1	93	1	1	24	1620	0	0	0
0.92	1	1	93	1	1	24	1620	0	0	1
0.921	1	1	93	2	1	24	1620	0	0	0
0.921	1	1	93	2	1	24	1620	0	0	1
0.923	1	1	93	4	1	22	1383	0	0	0
0.923	1	1	93	4	1	22	1383	0	0	1
0.924	1	1	93	5	1	22	1383	0	0	0
0.925	1	1	93	6	1	22	1383	0	0	0
0.925	1	1	93	6	1	22	1383	0	0	1
0.926	1	1	93	7	1	22	1383	0	0	0
0.926	1	1	93	7	1	22	1383	0	0	1
0.927	1	1	93	8	1	22	1383	0	0	0
0.927	1	1	93	8	1	22	1383	0	0	1
0.928	1	1	93	9	1	22	1383	0	0	0
0.928	1	1	93	9	1	22	1383	0	0	1
0.929	1	1	93	10	1	22	1383	0	0	0
0.929	1	1	93	10	1	22	1383	0	0	1
0.93	1	1	94	1	1	22	1383	0	0	0
0.93	1	1	94	1	1	22	1383	0	0	1
0.932	1	1	94	3	1	22	1383	0	0	0
0.932	1	1	94	3	1	22	1383	0	0	1
0.933	1	1	94	4	1	22	1383	0	0	0
0.933	1	1	94	4	1	22	1383	0	0	1
0.934	1	1	94	5	1	20	1191	0	0	0
0.934	1	1	94	5	1	20	1191	0	0	1
0.935	1	1	94	6	1	20	1191	0	0	0
0.935	1	1	94	6	1	20	1191	0	0	1
0.936	1	1	94	7	1	20	1191	0	0	0
0.936	1	1	94	7	1	20	1191	0	0	1
0.937	1	1	94	8	1	20	1191	0	0	0
0.937	1	1	94	8	1	20	1191	0	0	1
0.938	1	1	94	9	1	20	1191	0	0	0
0.938	1	1	94	9	1	20	1191	0	0	1
0.939	1	1	94	10	1	20	1191	0	0	0
0.939	1	1	94	10	1	20	1191	0	0	1
0.941	1	1	95	2	1	20	1191	0	0	0
0.941	1	1	95	2	1	20	1191	0	0	1
0.942	1	1	95	3	1	20	1191	0	0	0
0.942	1	1	95	3	1	20	1191	0	0	1
0.943	1	1	95	4	1	20	1191	0	0	0
0.943	1	1	95	4	1	20	1191	0	0	1
0.944	1	1	95	5	1	20	1191	0	0	0
0.944	1	1	95	5	1	20	1191	0	0	1
0.945	1	1	95	6	1	20	1191	0	0	0
0.945	1	1	95	6	1	20	1191	0	0	1
0.946	1	1	95	7	1	20	1191	0	0	0
0.946	1	1	95	7	1	20	1191	0	0	1
0.947	1	1	95	8	1	20	1191	0	0	0
0.947	1	1	95	8	1	20	1191	0	0	1
0.948	1	1	95	9	1	20	1191	0	0	0
0.948	1	1	95	9	1	20	1191	0	0	1
0.949	1	1	95	10	1	20	1191	0	0	0
0.949	1	1	95	10	1	20	1191	0	0	1
0.951	1	1	96	2	1	20	1191	0	0	0
0.951	1	1	96	2	1	20	1191	0	0	1
0.952	1	1	96	3	1	20	1191	0	0	0
0.952	1	1	96	3	1	20	1191	0	0	1
0.953	1	1	96	4	1	20	1191	0	0	0
0.953	1	1	96	4	1	20	1191	0	0	1
0.954	1	1	96	5	1	22	1383	0	0	0
0.954	1	1	96	5	1	22	1383	0	0	1
0.955	1	1	96	6	1	22	1383	0	0	0
0.955	1	1	96	6	1	22	1383	0	0	1
0.956	1	1	96	7	1	22	1383	0	0	0
0.956	1	1	96	7	1	22	1383	0	0	1
0.957	1	1	96	8	1	22	1383	0	0	0
0.957	1	1	96	8	1	22	1383	0	0	1
0.958	1	1	96	9	1	22	1383	0	0	0
0.958	1	1	96	9	1	22	1383	0	0	1
0.96	1	1	97	1	1	22	1383	0	0	0
0.96	1	1	97	1	1	22	1383	0	0	1
0.961	1	1	97	2	1	22	1383	0	0	0
0.961	1	1	97	2	1	22	1383	0	0	1
0.962	1	1	97	3	1	22	1383	0	0	0
0.962	1	1	97	3	1	22	1383	0	0	1
0.963	1	1	97	4	1	22	1383	0	0	0
0.963	1	1	97	4	1	22	1383	0	0	1
0.964	1	1	97	5	1	22	1383	0	0	0
0.964	1	1	97	5	1	22	1383	0	0	1
0.965	1	1	97	6	1	22	1383	0	0	0
0.965	1	1	97	6	1	22	1383	0	0	1
0.966	1	1	97	7	1	22	1383	0	0	0
0.966	1	1	97	7	1	22	1383	0	0	1
0.967	1	1	97	8	1	22	1383	0	0	0
0.967	1	1	97	8	1	22	1383	0	0	1
0.969	1	1	97	10	1	22	1383	0	0	0
0.969	1	1	97	10	1	22	1383	0	0	1
0.97	1	1	98	1	1	22	1383	0	0	0
0.97	1	1	98	1	1	22	1383	0	0	1
0.971	1	1	98	2	1	22	1383	0	0	0
0.971	1	1	98	2	1	22	1383	0	0	1
0.972	1	1	98	3	1	22	1383	0	0	0
0.972	1	1	98	3	1	22	1383	0	0	1
0.973	1	1	98	4	1	22	1383	0	0	0
0.973	1	1	98	4	1	22	1383	0	0	1
0.974	1	1	98	5	1	22	1383	0	0	0
0.974	1	1	98	5	1	22	1383	0	0	1
0.975	1	1	98	6	1	22	1383	0	0	0
0.975	1	1	98	6	1	22	1383	0	0	1
0.976	1	1	98	7	1	22	1383	0	0	0
0.976	1	1	98	7	1	22	1383	0	0	1
0.977	1	1	98	8	1	22	1383	0	0	0
0.977	1	1	98	8	1	22	1383	0	0	1
0.979	1	1	98	10	1	22	1383	0	0	0
0.979	1	1	98	10	1	22	1383	0	0	1
0.98	1	1	99	1	1	22	1383	0	0	0
0.98	1	1	99	1	1	22	1383	0	0	1
0.981	1	1	99	2	1	22	1383	0	0	0
0.981	1	1	99	2	1	22	1383	0	0	1
0.982	1	1	99	3	1	24	1620	0	0	0
0.982	1	1	99	3	1	24	1620	0	0	1
0.983	1	1	99	4	1	24	1620	0	0	0
0.983	1	1	99	4	1	24	1620	0	0	1
0.984	1	1	99	5	1	24	1620	0	0	0
0.984	1	1	99	5	1	24	1620	0	0	1
0.985	1	1	99	6	1	24	1620	0	0	0
0.985	1	1	99	6	1	24	1620	0	0	1
0.986	1	1	99	7	1	24	1620	0	0	0
0.986	1	1	99	7	1	24	1620	0	0	1
0.988	1	1	99	9	1	24	1620	0	0	0
0.988	1	1	99	9	1	24	1620	0	0	1
0.989	1	1	99	10	1	24	1620	0	0	0
0.989	1	1	99	10	1	24	1620	0	0	1
0.99	1	1	100	1	1	24	1620	0	0	0
0.99	1	1	100	1	1	24	1620	0	0	1
0.991	1	1	100	2	1	24	1620	0	0	0
0.992	1	1	100	3	1	24	1620	0	0	0
0.993	1	1	100	4	1	24	1620	0	0	0
0.994	1	1	100	5	1	24	1620	0	0	0
0.994	1	1	100	5	1	24	1620	0	0	1
0.995	1	1	100	6	1	24	1620	0	0	0
0.995	1	1	100	6	1	24	1620	0	0	1
0.997	1	1	100	8	1	24	1620	0	0	0
0.997	1	1	100	8	1	24	1620	0	0	1
0.998	1	1	100	9	1	24	1620	0	0	0
0.998	1	1	100	9	1	24	1620	0	0	1
0.999	1	1	100	10	1	24	1620	0	0	0
0.999	1	1	100	10	1	24	1620	0	0	1
1	1	1	101	1	1	24	1620	0	0	0
1	1	1	101	1	1	24	1620	0	0	1
1.001	1	1	101	2	1	24	1620	0	0	0
1.001	1	1	101	2	1	24	1620	0	0	1
1.002	1	1	101	3	1	24	1620	0	0	0
1.002	1	1	101	3	1	24	1620	0	0	1
1.003	1	1	101	4	1	24	1620	0	0	0
1.004	1	1	101	5	1	24	1620	0	0	0
1.005	1	1	101	6	1	24	1620	0	0	0
1.006	1	1	101	7	1	22	1383	0	0	1
1.007	1	1	101	8	1	22	1383	0	0	0
1.007	1	1	101	8	1	22	1383	0	0	1
1.008	1	1	101	9	1	22	1383	0	0	0
1.009	1	1	101	10	1	22	1383	0	0	0
1.009	1	1	101	10	1	22	1383	0	0	1
1.01	1	1	102	1	1	22	1383	0	0	0
1.01	1	1	102	1	1	22	1383	0	0	1
1.011	1	1	102	2	1	22	1383	0	0	0
1.011	1	1	102	2	1	22	1383	0	0	1
1.012	1	1	102	3	1	22	1383	0	0	0
1.012	1	1	102	3	1	22	1383	0	0	1
1.013	1	1	102	4	1	22	1383	0	0	0
1.013	1	1	102	4	1	22	1383	0	0	1
1.014	1	1	102	5	1	22	1383	0	0	0
1.014	1	1	102	5	1	22	1383	0	0	1
1.016	1	1	102	7	1	22	1383	0	0	0
1.016	1	1	102	7	1	22	1383	0	0	1
1.017	1	1	102	8	1	22	1383	0	0	0
1.017	1	1	102	8	1	22	1383	0	0	1
1.018	1	1	102	9	1	22	1383	0	0	0
1.018	1	1	102	9	1	22	1383	0	0	1
1.019	1	1	102	10	1	22	1383	0	0	0
1.019	1	1	102	10	1	22	1383	0	0	1
1.02	1	1	103	1	1	22	1383	0	0	0
1.02	1	1	103	1	1	22	1383	0	0	1
1.021	1	1	103	2	1	22	1383	0	0	0
1.021	1	1	103	2	1	22	1383	0	0	1
1.022	1	1	103	3	1	22	1383	0	0	0
1.022	1	1	103	3	1	22	1383	0	0	1
1.023	1	1	103	4	1	22	1383	0	0	0
1.023	1	1	103	4	1	22	1383	0	0	1
1.025	1	1	103	6	1	22	1383	0	0	0
1.025	1	1	103	6	1	22	1383	0	0	1
1.026	1	1	103	7	1	22	1383	0	0	0
1.026	1	1	103	7	1	22	1383	0	0	1
1.027	1	1	103	8	1	22	1383	0	0	0
1.027	1	1	103	8	1	22	1383	0	0	1
1.028	1	1	103	9	1	22	1383	0	0	0
1.028	1	1	103	9	1	22	1383	0	0	1
1.029	1	1	103	10	1	22	1383	0	0	0
1.029	1	1	103	10	1	22	1383	0	0	1
1.03	1	1	104	1	1	22	1383	0	0	0
1.03	1	1	104	1	1	22	1383	0	0	1
1.031	1	1	104	2	1	22	1383	0	0	0
1.031	1	1	104	2	1	22	1383	0	0	1
1.032	1	1	104	3	1	22	1383	0	0	0
1.032	1	1	104	3	1	22	1383	0	0	1
1.033	1	1	104	4	1	22	1383	0	0	0
1.033	1	1	104	4	1	22	1383	0	0	1
1.035	1	1	104	6	1	22	1383	0	0	0
1.035	1	1	104	6	1	22	1383	0	0	1
1.036	1	1	104	7	1	22	1383	0	0	0
1.036	1	1	104	7	1	22	1383	0	0	1
1.037	1	1	104	8	1	22	1383	0	0	0
1.037	1	1	104	8	1	22	1383	0	0	1
1.038	1	1	104	9	1	22	1383	0	0	0
1.038	1	1	104	9	1	22	1383	0	0	1
1.039	1	1	104	10	1	22	1383	0	0	0
1.039	1	1	104	10	1	22	1383	0	0	1
1.04	1	1	105	1	1	22	1383	0	0	0
1.04	1	1	105	1	1	22	1383	0	0	1
1.041	1	1	105	2	1	22	1383	0	0	0
1.041	1	1	105	2	1	22	1383	0	0	1
1.042	1	1	105	3	1	22	1383	0	0	0
1.042	1	1	105	3	1	22	1383	0	0	1
1.044	1	1	105	5	1	22	1383	0	0	0
1.044	1	1	105	5	1	22	1383	0	0	1
1.045	1	1	105	6	1	22	1383	0	0	0
1.045	1	1	105	6	1	22	1383	0	0	1
1.046	1	1	105	7	1	22	1383	0	0	0
1.046	1	1	105	7	1	22	1383	0	0	1
1.047	1	1	105	8	1	22	1383	0	0	0
1.047	1	1	105	8	1	22	1383	0	0	1
1.048	1	1	105	9	1	22	1383	0	0	0
1.048	1	1	105	9	1	22	1383	0	0	1
1.049	1	1	105	10	1	22	1383	0	0	0
1.049	1	1	105	10	1	22	1383	0	0	1
1.05	1	1	106	1	1	22	1383	0	0	0
1.05	1	1	106	1	1	22	1383	0	0	1
1.051	1	1	106	2	1	22	1383	0	0	0
1.051	1	1	106	2	1	22	1383	0	0	1
1.053	1	1	106	4	1	22	1383	0	0	0
1.053	1	1	106	4	1	22	1383	0	0	1
1.054	1	1	106	5	1	22	1383	0	0	0
1.054	1	1	106	5	1	22	1383	0	0	1
1.055	1	1	106	6	1	22	1383	0	0	0
1.055	1	1	106	6	1	22	1383	0	0	1
1.056	1	1	106	7	1	22	1383	0	0	0
1.056	1	1	106	7	1	22	1383	0	0	1
1.057	1	1	106	8	1	22	1383	0	0	0
1.057	1	1	106	8	1	22	1383	0	0	1
1.058	1	1	106	9	1	22	1383	0	0	0
1.058	1	1	106	9	1	22	1383	0	0	1
1.059	1	1	106	10	1	22	1383	0	0	0
1.059	1	1	106	10	1	22	1383	0	0	1
1.06	1	1	107	1	1	22	1383	0	0	0
1.06	1	1	107	1	1	22	1383	0	0	1
1.061	1	1	107	2	1	22	1383	0	0	0
1.061	1	1	107	2	1	22	1383	0	0	1
1.063	1	1	107	4	1	22	1383	0	0	0
1.063	1	1	107	4	1	22	1383	0	0	1
1.064	1	1	107	5	1	22	1383	0	0	0
1.064	1	1	107	5	1	22	1383	0	0	1
1.065	1	1	107	6	1	22	1383	0	0	0
1.065	1	1	107	6	1	22	1383	0	0	1
1.066	1	1	107	7	1	22	1383	0	0	0
1.066	1	1	107	7	1	22	1383	0	0	1
1.067	1	1	107	8	1	22	1383	0	0	0
1.067	1	1	107	8	1	22	1383	0	0	1
1.068	1	1	107	9	1	22	1383	0	0	0
1.068	1	1	107	9	1	22	1383	0	0	1
1.069	1	1	107	10	1	22	1383	0	0	0
1.069	1	1	107	10	1	22	1383	0	0	1
1.07	1	1	108	1	1	22	1383	0	0	0
1.07	1	1	108	1	1	22	1383	0	0	1
1.072	1	1	108	3	1	22	1383	0	0	0
1.072	1	1	108	3	1	22	1383	0	0	1
1.073	1	1	108	4	1	22	1383	0	0	0
1.073	1	1	108	4	1	22	1383	0	0	1
1.074	1	1	108	5	1	22	1383	0	0	0
1.074	1	1	108	5	1	22	1383	0	0	1
1.075	1	1	108	6	1	22	1383	0	0	0
1.075	1	1	108	6	1	22	1383	0	0	1
1.076	1	1	108	7	1	22	1383	0	0	0
1.076	1	1	108	7	1	22	1383	0	0	1
1.077	1	1	108	8	1	22	1383	0	0	0
1.077	1	1	108	8	1	22	1383	0	0	1
1.078	1	1	108	9	1	20	1191	0	0	0
1.078	1	1	108	9	1	20	1191	0	0	1
1.079	1	1	108	10	1	20	1191	0	0	0
1.079	1	1	108	10	1	20	1191	0	0	1
1.081	1	1	109	2	1	20	1191	0	0	0
1.081	1	1	109	2	1	20	1191	0	0	1
1.082	1	1	109	3	1	20	1191	0	0	0
1.082	1	1	109	3	1	20	1191	0	0	1
1.083	1	1	109	4	1	20	1191	0	0	0
1.083	1	1	109	4	1	20	1191	0	0	1
1.084	1	1	109	5	1	20	1191	0	0	0
1.084	1	1	109	5	1	20	1191	0	0	1
1.085	1	1	109	6	1	20	1191	0	0	0
1.085	1	1	109	6	1	20	1191	0	0	1
1.086	1	1	109	7	1	20	1191	0	0	0
1.086	1	1	109	7	1	20	1191	0	0	1
1.087	1	1	109	8	1	20	1191	0	0	0
1.087	1	1	109	8	1	20	1191	0	0	1
1.088	1	1	109	9	1	20	1191	0	0	0
1.088	1	1	109	9	1	20	1191	0	0	1
1.089	1	1	109	10	1	20	1191	0	0	0
1.089	1	1	109	10	1	20	1191	0	0	1
1.091	1	1	110	2	1	20	1191	0	0	0
1.091	1	1	110	2	1	20	1191	0	0	1
1.092	1	1	110	3	1	20	1191	0	0	0
1.092	1	1	110	3	1	20	1191	0	0	1
1.093	1	1	110	4	1	20	1191	0	0	0
1.093	1	1	110	4	1	20	1191	0	0	1
1.094	1	1	110	5	1	20	1191	0	0	0
1.094	1	1	110	5	1	20	1191	0	0	1
1.095	1	1	110	6	1	20	1191	0	0	0
1.095	1	1	110	6	1	20	1191	0	0	1
1.096	1	1	110	7	1	22	1383	0	0	0
1.096	1	1	110	7	1	22	1383	0	0	1
1.097	1	1	110	8	1	22	1383	0	0	0
1.097	1	1	110	8	1	22	1383	0	0	1
1.098	1	1	110	9	1	22	1383	0	0	0
1.098	1	1	110	9	1	22	1383	0	0	1
1.1	1	1	111	1	1	20	1191	0	0	0
1.1	1	1	111	1	1	20	1191	0	0	1
1.101	1	1	111	2	1	20	1191	0	0	0
1.101	1	1	111	2	1	20	1191	0	0	1
1.102	1	1	111	3	1	20	1191	0	0	0
1.102	1	1	111	3	1	20	1191	0	0	1
1.103	1	1	111	4	1	20	1191	0	0	0
1.103	1	1	111	4	1	20	1191	0	0	1
1.104	1	1	111	5	1	20	1191	0	0	0
1.104	1	1	111	5	1	20	1191	0	0	1
1.105	1	1	111	6	1	20	1191	0	0	0
1.105	1	1	111	6	1	20	1191	0	0	1
1.106	1	1	111	7	1	20	1191	0	0	0
1.106	1	1	111	7	1	20	1191	0	0	1
1.107	1	1	111	8	1	20	1191	0	0	0
1.107	1	1	111	8	1	20	1191	0	0	1
1.109	1	1	111	10	1	20	1191	0	0	0
1.109	1	1	111	10	1	20	1191	0	0	1
1.11	1	1	112	1	1	20	1191	0	0	0
1.11	1	1	112	1	1	20	1191	0	0	1
1.111	1	1	112	2	1	20	1191	0	0	0
1.111	1	1	112	2	1	20	1191	0	0	1
1.112	1	1	112	3	1	20	1191	0	0	0
1.112	1	1	112	3	1	20	1191	0	0	1
1.113	1	1	112	4	1	20	1191	0	0	0
1.113	1	1	112	4	1	20	1191	0	0	1
1.114	1	1	112	5	1	20	1191	0	0	0
1.114	1	1	112	5	1	20	1191	0	0	1
1.115	1	1	112	6	1	20	1191	0	0	0
1.115	1	1	112	6	1	20	1191	0	0	1
1.116	1	1	112	7	1	20	1191	0	0	0
1.116	1	1	112	7	1	20	1191	0	0	1
1.117	1	1	112	8	1	20	1191	0	0	0
1.117	1	1	112	8	1	20	1191	0	0	1
1.119	1	1	112	10	1	20	1191	0	0	0
1.119	1	1	112	10	1	20	1191	0	0	1
1.12	1	1	113	1	1	20	1191	0	0	0
1.12	1	1	113	1	1	20	1191	0	0	1
1.121	1	1	113	2	1	20	1191	0	0	0
1.121	1	1	113	2	1	20	1191	0	0	1
1.122	1	1	113	3	1	20	1191	0	0	0
1.122	1	1	113	3	1	20	1191	0	0	1
1.123	1	1	113	4	1	20	1191	0	0	0
1.123	1	1	113	4	1	20	1191	0	0	1
1.124	1	1	113	5	1	18	967	0	0	0
1.124	1	1	113	5	1	18	967	0	0	1
1.125	1	1	113	6	1	18	967	0	0	0
1.125	1	1	113	6	1	18	967	0	0	1
1.126	1	1	113	7	1	18	967	0	0	0
1.126	1	1	113	7	1	18	967	0	0	1
1.128	1	1	113	9	1	18	967	0	0	0
1.128	1	1	113	9	1	18	967	0	0	1
1.129	1	1	113	10	1	18	967	0	0	0
1.129	1	1	113	10	1	18	967	0	0	1
1.13	1	1	114	1	1	18	967	0	0	0
1.13	1	1	114	1	1	18	967	0	0	1
1.131	1	1	114	2	1	18	967	0	0	0
1.131	1	1	114	2	1	18	967	0	0	1
1.132	1	1	114	3	1	18	967	0	0	0
1.132	1	1	114	3	1	18	967	0	0	1
1.133	1	1	114	4	1	18	967	0	0	0
1.133	1	1	114	4	1	18	967	0	0	1
1.134	1	1	114	5	1	18	967	0	0	0
1.134	1	1	114	5	1	18	967	0	0	1
1.135	1	1	114	6	1	18	967	0	0	0
1.135	1	1	114	6	1	18	967	0	0	1
1.137	1	1	114	8	1	18	967	0	0	0
1.137	1	1	114	8	1	18	967	0	0	1
1.138	1	1	114	9	1	20	1191	0	0	0
1.138	1	1	114	9	1	20	1191	0	0	1
1.139	1	1	114	10	1	20	1191	0	0	0
1.139	1	1	114	10	1	20	1191	0	0	1
1.14	1	1	115	1	1	20	1191	0	0	0
1.14	1	1	115	1	1	20	1191	0	0	1
1.141	1	1	115	2	1	20	1191	0	0	0
1.141	1	1	115	2	1	20	1191	0	0	1
1.142	1	1	115	3	1	20	1191	0	0	0
1.142	1	1	115	3	1	20	1191	0	0	1
1.143	1	1	115	4	1	20	1191	0	0	0
1.143	1	1	115	4	1	20	1191	0	0	1
1.144	1	1	115	5	1	20	1191	0	0	0
1.144	1	1	115	5	1	20	1191	0	0	1
1.145	1	1	115	6	1	20	1191	0	0	0
1.145	1	1	115	6	1	20	1191	0	0	1
1.147	1	1	115	8	1	20	1191	0	0	0
1.147	1	1	115	8	1	20	1191	0	0	1
1.148	1	1	115	9	1	20	1191	0	0	0
1.148	1	1	115	9	1	20	1191	0	0	1
1.149	1	1	115	10	1	20	1191	0	0	0
1.149	1	1	115	10	1	20	1191	0	0	1
1.15	1	1	116	1	1	18	967	0	0	0
1.15	1	1	116	1	1	18	967	0	0	1
1.151	1	1	116	2	1	18	967	0	0	0
1.151	1	1	116	2	1	18	967	0	0	1
1.152	1	1	116	3	1	20	1191	0	0	0
1.152	1	1	116	3	1	20	1191	0	0	1
1.153	1	1	116	4	1	20	1191	0	0	0
1.153	1	1	116	4	1	20	1191	0	0	1
1.154	1	1	116	5	1	18	967	0	0	0
1.154	1	1	116	5	1	18	967	0	0	1
1.156	1	1	116	7	1	18	967	0	0	0
1.156	1	1	116	7	1	18	967	0	0	1
1.157	1	1	116	8	1	18	967	0	0	0
1.157	1	1	116	8	1	18	967	0	0	1
1.158	1	1	116	9	1	18	967	0	0	0
1.158	1	1	116	9	1	18	967	0	0	1
1.159	1	1	116	10	1	18	967	0	0	0
1.159	1	1	116	10	1	18	967	0	0	1
1.16	1	1	117	1	1	18	967	0	0	0
1.16	1	1	117	1	1	18	967	0	0	1
1.161	1	1	117	2	1	18	967	0	0	0
1.161	1	1	117	2	1	18	967	0	0	1
1.162	1	1	117	3	1	18	967	0	0	0
1.162	1	1	117	3	1	18	967	0	0	1
1.163	1	1	117	4	1	18	967	0	0	0
1.163	1	1	117	4	1	18	967	0	0	1
1.164	1	1	117	5	1	18	967	0	0	0
1.164	1	1	117	5	1	18	967	0	0	1
1.165	1	1	117	6	1	18	967	0	0	0
1.165	1	1	117	6	1	18	967	0	0	1
1.166	1	1	117	7	1	18	967	0	0	0
1.166	1	1	117	7	1	18	967	0	0	1
1.167	1	1	117	8	1	18	967	0	0	0
1.167	1	1	117	8	1	18	967	0	0	1
1.168	1	1	117	9	1	18	967	0	0	0
1.168	1	1	117	9	1	18	967	0	0	1
1.169	1	1	117	10	1	18	967	0	0	0
1.169	1	1	117	10	1	18	967	0	0	1
1.17	1	1	118	1	1	18	967	0	0	0
1.17	1	1	118	1	1	18	967	0	0	1
1.171	1	1	118	2	1	18	967	0	0	0
1.171	1	1	118	2	1	18	967	0	0	1
1.172	1	1	118	3	1	18	967	0	0	0
1.172	1	1	118	3	1	18	967	0	0	1
1.173	1	1	118	4	1	18	967	0	0	0
1.173	1	1	118	4	1	18	967	0	0	1
1.175	1	1	118	6	1	18	967	0	0	0
1.175	1	1	118	6	1	18	967	0	0	1
1.176	1	1	118	7	1	18	967	0	0	0
1.176	1	1	118	7	1	18	967	0	0	1
1.177	1	1	118	8	1	18	967	0	0	0
1.177	1	1	118	8	1	18	967	0	0	1
1.178	1	1	118	9	1	18	967	0	0	0
1.178	1	1	118	9	1	18	967	0	0	1
1.179	1	1	118	10	1	18	967	0	0	0
1.179	1	1	118	10	1	18	967	0	0	1
1.18	1	1	119	1	1	18	967	0	0	0
1.18	1	1	119	1	1	18	967	0	0	1
1.181	1	1	119	2	1	18	967	0	0	0
1.181	1	1	119	2	1	18	967	0	0	1
1.182	1	1	119	3	1	20	1191	0	0	0
1.182	1	1	119	3	1	20	1191	0	0	1
1.183	1	1	119	4	1	20	1191	0	0	0
1.183	1	1	119	4	1	20	1191	0	0	1
1.184	1	1	119	5	1	20	1191	0	0	0
1.184	1	1	119	5	1	20	1191	0	0	1
1.185	1	1	119	6	1	20	1191	0	0	0
1.185	1	1	119	6	1	20	1191	0	0	1
1.186	1	1	119	7	1	20	1191	0	0	0
1.186	1	1	119	7	1	20	1191	0	0	1
1.187	1	1	119	8	1	20	1191	0	0	0
1.187	1	1	119	8	1	20	1191	0	0	1
1.188	1	1	119	9	1	20	1191	0	0	0
1.188	1	1	119	9	1	20	1191	0	0	1
1.189	1	1	119	10	1	20	1191	0	0	0
1.189	1	1	119	10	1	20	1191	0	0	1
1.19	1	1	120	1	1	20	1191	0	0	0
1.19	1	1	120	1	1	20	1191	0	0	1
1.191	1	1	120	2	1	20	1191	0	0	0
1.191	1	1	120	2	1	20	1191	0	0	1
1.193	1	1	120	4	1	20	1191	0	0	0
1.193	1	1	120	4	1	20	1191	0	0	1
1.194	1	1	120	5	1	20	1191	0	0	0
1.194	1	1	120	5	1	20	1191	0	0	1
1.195	1	1	120	6	1	20	1191	0	0	0
1.195	1	1	120	6	1	20	1191	0	0	1
1.196	1	1	120	7	1	22	1383	0	0	0
1.196	1	1	120	7	1	22	1383	0	0	1
1.197	1	1	120	8	1	22	1383	0	0	0
1.197	1	1	120	8	1	22	1383	0	0	1
1.198	1	1	120	9	1	22	1383	0	0	0
1.198	1	1	120	9	1	22	1383	0	0	1
1.199	1	1	120	10	1	22	1383	0	0	0
1.199	1	1	120	10	1	22	1383	0	0	1
1.2	1	1	121	1	1	22	1383	0	0	0
1.2	1	1	121	1	1	22	1383	0	0	1
1.201	1	1	121	2	1	22	1383	0	0	0
1.201	1	1	121	2	1	22	1383	0	0	1
1.203	1	1	121	4	1	22	1383	0	0	0
1.203	1	1	121	4	1	22	1383	0	0	1
1.204	1	1	121	5	1	22	1383	0	0	0
1.204	1	1	121	5	1	22	1383	0	0	1
1.205	1	1	121	6	1	22	1383	0	0	0
1.205	1	1	121	6	1	22	1383	0	0	1
1.206	1	1	121	7	1	22	1383	0	0	0
1.206	1	1	121	7	1	22	1383	0	0	1
1.207	1	1	121	8	1	22	1383	0	0	0
1.207	1	1	121	8	1	22	1383	0	0	1
1.208	1	1	121	9	1	22	1383	0	0	0
1.208	1	1	121	9	1	22	1383	0	0	1
1.209	1	1	121	10	1	22	1383	0	0	0
1.209	1	1	121	10	1	22	1383	0	0	1
1.21	1	1	122	1	1	22	1383	0	0	0
1.21	1	1	122	1	1	22	1383	0	0	1
1.211	1	1	122	2	1	22	1383	0	0	0
1.211	1	1	122	2	1	22	1383	0	0	1
1.212	1	1	122	3	1	24	1620	0	0	0
1.212	1	1	122	3	1	24	1620	0	0	1
1.213	1	1	122	4	1	24	1620	0	0	0
1.213	1	1	122	4	1	24	1620	0	0	1
1.214	1	1	122	5	1	24	1620	0	0	0
1.214	1	1	122	5	1	24	1620	0	0	1
1.215	1	1	122	6	1	24	1620	0	0	0
1.215	1	1	122	6	1	24	1620	0	0	1
1.216	1	1	122	7	1	24	1620	0	0	0
1.216	1	1	122	7	1	24	1620	0	0	1
1.217	1	1	122	8	1	24	1620	0	0	0
1.217	1	1	122	8	1	24	1620	0	0	1
1.218	1	1	122	9	1	24	1620	0	0	0
1.218	1	1	122	9	1	24	1620	0	0	1
1.219	1	1	122	10	1	24	1620	0	0	0
1.219	1	1	122	10	1	24	1620	0	0	1
1.221	1	1	123	2	1	24	1620	0	0	0
1.221	1	1	123	2	1	24	1620	0	0	1
1.222	1	1	123	3	1	24	1620	0	0	0
1.223	1	1	123	4	1	24	1620	0	0	0
1.224	1	1	123	5	1	24	1620	0	0	0
1.225	1	1	123	6	1	24	1620	0	0	0
1.225	1	1	123	6	1	24	1620	0	0	1
1.226	1	1	123	7	1	24	1620	0	0	0
1.226	1	1	123	7	1	24	1620	0	0	1
1.227	1	1	123	8	1	24	1620	0	0	0
1.227	1	1	123	8	1	24	1620	0	0	1
1.228	1	1	123	9	1	24	1620	0	0	0
1.228	1	1	123	9	1	24	1620	0	0	1
1.229	1	1	123	10	1	24	1620	0	0	0
1.229	1	1	123	10	1	24	1620	0	0	1
1.23	1	1	124	1	1	24	1620	0	0	0
1.23	1	1	124	1	1	24	1620	0	0	1
1.231	1	1	124	2	1	24	1620	0	0	0
1.231	1	1	124	2	1	24	1620	0	0	1
1.232	1	1	124	3	1	24	1620	0	0	0
1.233	1	1	124	4	1	24	1620	0	0	0
1.233	1	1	124	4	1	24	1620	0	0	1
1.234	1	1	124	5	1	24	1620	0	0	0
1.234	1	1	124	5	1	24	1620	0	0	1
1.235	1	1	124	6	1	24	1620	0	0	0
1.235	1	1	124	6	1	24	1620	0	0	1
1.236	1	1	124	7	1	24	1620	0	0	0
1.236	1	1	124	7	1	24	1620	0	0	1
1.237	1	1	124	8	1	24	1620	0	0	0
1.237	1	1	124	8	1	24	1620	0	0	1
1.238	1	1	124	9	1	24	1620	0	0	0
1.238	1	1	124	9	1	24	1620	0	0	1
1.24	1	1	125	1	1	24	1620	0	0	0
1.241	1	1	125	2	1	24	1620	0	0	0
1.242	1	1	125	3	1	24	1620	0	0	0
1.242	1	1	125	3	1	24	1620	0	0	1
1.243	1	1	125	4	1	24	1620	0	0	0
1.243	1	1	125	4	1	24	1620	0	0	1
1.244	1	1	125	5	1	24	1620	0	0	0
1.245	1	1	125	6	1	24	1620	0	0	0
1.245	1	1	125	6	1	24	1620	0	0	1
1.246	1	1	125	7	1	24	1620	0	0	0
1.246	1	1	125	7	1	24	1620	0	0	1
1.247	1	1	125	8	1	24	1620	0	0	0
1.247	1	1	125	8	1	24	1620	0	0	1
1.249	1	1	125	10	1	24	1620	0	0	0
1.249	1	1	125	10	1	24	1620	0	0	1
1.25	1	1	126	1	1	24	1620	0	0	0
1.25	1	1	126	1	1	24	1620	0	0	1
1.251	1	1	126	2	1	24	1620	0	0	0
1.251	1	1	126	2	1	24	1620	0	0	1
1.252	1	1	126	3	1	24	1620	0	0	0
1.252	1	1	126	3	1	24	1620	0	0	1
1.253	1	1	126	4	1	24	1620	0	0	0
1.253	1	1	126	4	1	24	1620	0	0	1
1.254	1	1	126	5	1	24	1620	0	0	0
1.254	1	1	126	5	1	24	1620	0	0	1
1.255	1	1	126	6	1	24	1620	0	0	0
1.255	1	1	126	6	1	24	1620	0	0	1
1.256	1	1	126	7	1	24	1620	0	0	0
1.257	1	1	126	8	1	24	1620	0	0	0
1.258	1	1	126	9	1	24	1620	0	0	0
1.259	1	1	126	10	1	24	1620	0	0	0
1.259	1	1	126	10	1	24	1620	0	0	1
1.26	1	1	127	1	1	22	1383	0	0	0
1.261	1	1	127	2	1	22	1383	0	0	0
1.261	1	1	127	2	1	22	1383	0	0	1
1.262	1	1	127	3	1	22	1383	0	0	0
1.262	1	1	127	3	1	22	1383	0	0	1
1.263	1	1	127	4	1	22	1383	0	0	0
1.263	1	1	127	4	1	22	1383	0	0	1
1.264	1	1	127	5	1	22	1383	0	0	0
1.264	1	1	127	5	1	22	1383	0	0	1
1.265	1	1	127	6	1	22	1383	0	0	0
1.265	1	1	127	6	1	22	1383	0	0	1
1.266	1	1	127	7	1	22	1383	0	0	0
1.266	1	1	127	7	1	22	1383	0	0	1
1.268	1	1	127	9	1	22	1383	0	0	0
1.268	1	1	127	9	1	22	1383	0	0	1
1.269	1	1	127	10	1	22	1383	0	0	0
1.269	1	1	127	10	1	22	1383	0	0	1
1.27	1	1	128	1	1	22	1383	0	0	0
1.27	1	1	128	1	1	22	1383	0	0	1
1.271	1	1	128	2	1	22	1383	0	0	0
1.271	1	1	128	2	1	22	1383	0	0	1
1.272	1	1	128	3	1	22	1383	0	0	0
1.272	1	1	128	3	1	22	1383	0	0	1
1.273	1	1	128	4	1	22	1383	0	0	0
1.273	1	1	128	4	1	22	1383	0	0	1
1.274	1	1	128	5	1	22	1383	0	0	0
1.274	1	1	128	5	1	22	1383	0	0	1
1.275	1	1	128	6	1	22	1383	0	0	0
1.275	1	1	128	6	1	22	1383	0	0	1
1.276	1	1	128	7	1	22	1383	0	0	0
1.276	1	1	128	7	1	22	1383	0	0	1
1.277	1	1	128	8	1	22	1383	0	0	0
1.277	1	1	128	8	1	22	1383	0	0	1
1.278	1	1	128	9	1	22	1383	0	0	0
1.278	1	1	128	9	1	22	1383	0	0	1
1.279	1	1	128	10	1	22	1383	0	0	0
1.279	1	1	128	10	1	22	1383	0	0	1
1.28	1	1	129	1	1	22	1383	0	0	0
1.28	1	1	129	1	1	22	1383	0	0	1
1.281	1	1	129	2	1	22	1383	0	0	0
1.281	1	1	129	2	1	22	1383	0	0	1
1.282	1	1	129	3	1	22	1383	0	0	0
1.282	1	1	129	3	1	22	1383	0	0	1
1.283	1	1	129	4	1	22	1383	0	0	0
1.283	1	1	129	4	1	22	1383	0	0	1
1.284	1	1	129	5	1	22	1383	0	0	0
1.284	1	1	129	5	1	22	1383	0	0	1
1.285	1	1	129	6	1	22	1383	0	0	0
1.285	1	1	129	6	1	22	1383	0	0	1
1.287	1	1	129	8	1	22	1383	0	0	0
1.287	1	1	129	8	1	22	1383	0	0	1
1.288	1	1	129	9	1	20	1191	0	0	0
1.288	1	1	129	9	1	20	1191	0	0	1
1.289	1	1	129	10	1	20	1191	0	0	0
1.289	1	1	129	10	1	20	1191	0	0	1
1.29	1	1	130	1	1	20	1191	0	0	0
1.29	1	1	130	1	1	20	1191	0	0	1
1.291	1	1	130	2	1	20	1191	0	0	0
1.291	1	1	130	2	1	20	1191	0	0	1
1.292	1	1	130	3	1	20	1191	0	0	0
1.292	1	1	130	3	1	20	1191	0	0	1
1.293	1	1	130	4	1	20	1191	0	0	0
1.293	1	1	130	4	1	20	1191	0	0	1
1.294	1	1	130	5	1	20	1191	0	0	0
1.294	1	1	130	5	1	20	1191	0	0	1
1.295	1	1	130	6	1	20	1191	0	0	0
1.295	1	1	130	6	1	20	1191	0	0	1
1.296	1	1	130	7	1	20	1191	0	0	0
1.296	1	1	130	7	1	20	1191	0	0	1
1.297	1	1	130	8	1	20	1191	0	0	0
1.297	1	1	130	8	1	20	1191	0	0	1
1.298	1	1	130	9	1	20	1191	0	0	0
1.298	1	1	130	9	1	20	1191	0	0	1
1.299	1	1	130	10	1	20	1191	0	0	0
1.299	1	1	130	10	1	20	1191	0	0	1
1.3	1	1	131	1	1	20	1191	0	0	0
1.3	1	1	131	1	1	20	1191	0	0	1
1.301	1	1	131	2	1	20	1191	0	0	0
1.301	1	1	131	2	1	20	1191	0	0	1
1.302	1	1	131	3	1	20	1191	0	0	0
1.302	1	1	131	3	1	20	1191	0	0	1
1.303	1	1	131	4	1	20	1191	0	0	0
1.303	1	1	131	4	1	20	1191	0	0	1
1.304	1	1	131	5	1	20	1191	0	0	0
1.304	1	1	131	5	1	20	1191	0	0	1
1.305	1	1	131	6	1	20	1191	0	0	0
1.305	1	1	131	6	1	20	1191	0	0	1
1.306	1	1	131	7	1	20	1191	0	0	0
1.306	1	1	131	7	1	20	1191	0	0	1
1.307	1	1	131	8	1	20	1191	0	0	0
1.307	1	1	131	8	1	20	1191	0	0	1
1.308	1	1	131	9	1	20	1191	0	0	0
1.308	1	1	131	9	1	20	1191	0	0	1
1.309	1	1	131	10	1	20	1191	0	0	0
1.309	1	1	131	10	1	20	1191	0	0	1
1.31	1	1	132	1	1	20	1191	0	0	0
1.31	1	1	132	1	1	20	1191	0	0	1
1.311	1	1	132	2	1	20	1191	0	0	0
1.311	1	1	132	2	1	20	1191	0	0	1
1.312	1	1	132	3	1	20	1191	0	0	0
1.312	1	1	132	3	1	20	1191	0	0	1
1.313	1	1	132	4	1	20	1191	0	0	0
1.313	1	1	132	4	1	20	1191	0	0	1
1.315	1	1	132	6	1	20	1191	0	0	0
1.315	1	1	132	6	1	20	1191	0	0	1
1.316	1	1	132	7	1	20	1191	0	0	0
1.316	1	1	132	7	1	20	1191	0	0	1
1.317	1	1	132	8	1	20	1191	0	0	0
1.317	1	1	132	8	1	20	1191	0	0	1
1.318	1	1	132	9	1	20	1191	0	0	0
1.318	1	1	132	9	1	20	1191	0	0	1
1.319	1	1	132	10	1	20	1191	0	0	0
1.319	1	1	132	10	1	20	1191	0	0	1
1.32	1	1	133	1	1	20	1191	0	0	0
1.32	1	1	133	1	1	20	1191	0	0	1
1.321	1	1	133	2	1	20	1191	0	0	0
1.321	1	1	133	2	1	20	1191	0	0	1
1.322	1	1	133	3	1	20	1191	0	0	0
1.322	1	1	133	3	1	20	1191	0	0	1
1.323	1	1	133	4	1	20	1191	0	0	0
1.323	1	1	133	4	1	20	1191	0	0	1
1.324	1	1	133	5	1	20	1191	0	0	0
1.324	1	1	133	5	1	20	1191	0	0	1
1.325	1	1	133	6	1	20	1191	0	0	0
1.325	1	1	133	6	1	20	1191	0	0	1
1.326	1	1	133	7	1	20	1191	0	0	0
1.326	1	1	133	7	1	20	1191	0	0	1
1.327	1	1	133	8	1	20	1191	0	0	0
1.327	1	1	133	8	1	20	1191	0	0	1
1.328	1	1	133	9	1	22	1383	0	0	0
1.328	1	1	133	9	1	22	1383	0	0	1
1.329	1	1	133	10	1	22	1383	0	0	0
1.329	1	1	133	10	1	22	1383	0	0	1
1.33	1	1	134	1	1	22	1383	0	0	0
1.33	1	1	134	1	1	22	1383	0	0	1
1.331	1	1	134	2	1	22	1383	0	0	0
1.331	1	1	134	2	1	22	1383	0	0	1
1.333	1	1	134	4	1	22	1383	0	0	0
1.333	1	1	134	4	1	22	1383	0	0	1
1.334	1	1	134	5	1	22	1383	0	0	0
1.334	1	1	134	5	1	22	1383	0	0	1
1.335	1	1	134	6	1	22	1383	0	0	0
1.335	1	1	134	6	1	22	1383	0	0	1
1.336	1	1	134	7	1	22	1383	0	0	0
1.336	1	1	134	7	1	22	1383	0	0	1
1.337	1	1	134	8	1	22	1383	0	0	0
1.337	1	1	134	8	1	22	1383	0	0	1
1.338	1	1	134	9	1	22	1383	0	0	0
1.338	1	1	134	9	1	22	1383	0	0	1
1.339	1	1	134	10	1	22	1383	0	0	0
1.339	1	1	134	10	1	22	1383	0	0	1
1.34	1	1	135	1	1	22	1383	0	0	0
1.34	1	1	135	1	1	22	1383	0	0	1
1.341	1	1	135	2	1	22	1383	0	0	0
1.341	1	1	135	2	1	22	1383	0	0	1
1.343	1	1	135	4	1	22	1383	0	0	0
1.343	1	1	135	4	1	22	1383	0	0	1
1.344	1	1	135	5	1	22	1383	0	0	0
1.344	1	1	135	5	1	22	1383	0	0	1
1.345	1	1	135	6	1	22	1383	0	0	0
1.345	1	1	135	6	1	22	1383	0	0	1
1.346	1	1	135	7	1	22	1383	0	0	0
1.346	1	1	135	7	1	22	1383	0	0	1
1.347	1	1	135	8	1	22	1383	0	0	0
1.347	1	1	135	8	1	22	1383	0	0	1
1.348	1	1	135	9	1	22	1383	0	0	0
1.348	1	1	135	9	1	22	1383	0	0	1
1.349	1	1	135	10	1	22	1383	0	0	0
1.349	1	1	135	10	1	22	1383	0	0	1
1.35	1	1	136	1	1	22	1383	0	0	0
1.35	1	1	136	1	1	22	1383	0	0	1
1.351	1	1	136	2	1	22	1383	0	0	0
1.351	1	1	136	2	1	22	1383	0	0	1
1.352	1	1	136	3	1	20	1191	0	0	0
1.352	1	1	136	3	1	20	1191	0	0	1
1.353	1	1	136	4	1	20	1191	0	0	0
1.353	1	1	136	4	1	20	1191	0	0	1
1.354	1	1	136	5	1	20	1191	0	0	0
1.354	1	1	136	5	1	20	1191	0	0	1
1.355	1	1	136	6	1	20	1191	0	0	0
1.355	1	1	136	6	1	20	1191	0	0	1
1.356	1	1	136	7	1	20	1191	0	0	0
1.356	1	1	136	7	1	20	1191	0	0	1
1.357	1	1	136	8	1	20	1191	0	0	0
1.357	1	1	136	8	1	20	1191	0	0	1
1.358	1	1	136	9	1	20	1191	0	0	0
1.358	1	1	136	9	1	20	1191	0	0	1
1.359	1	1	136	10	1	20	1191	0	0	0
1.359	1	1	136	10	1	20	1191	0	0	1
1.361	1	1	137	2	1	20	1191	0	0	0
1.361	1	1	137	2	1	20	1191	0	0	1
1.362	1	1	137	3	1	20	1191	0	0	0
1.362	1	1	137	3	1	20	1191	0	0	1
1.363	1	1	137	4	1	20	1191	0	0	0
1.363	1	1	137	4	1	20	1191	0	0	1
1.364	1	1	137	5	1	20	1191	0	0	0
1.364	1	1	137	5	1	20	1191	0	0	1
1.365	1	1	137	6	1	20	1191	0	0	0
1.365	1	1	137	6	1	20	1191	0	0	1
1.366	1	1	137	7	1	18	967	0	0	0
1.366	1	1	137	7	1	18	967	0	0	1
1.367	1	1	137	8	1	18	967	0	0	0
1.367	1	1	137	8	1	18	967	0	0	1
1.368	1	1	137	9	1	18	967	0	0	0
1.368	1	1	137	9	1	18	967	0	0	1
1.369	1	1	137	10	1	18	967	0	0	0
1.369	1	1	137	10	1	18	967	0	0	1
1.37	1	1	138	1	1	18	967	0	0	0
1.37	1	1	138	1	1	18	967	0	0	1
1.371	1	1	138	2	1	18	967	0	0	0
1.371	1	1	138	2	1	18	967	0	0	1
1.372	1	1	138	3	1	18	967	0	0	0
1.372	1	1	138	3	1	18	967	0	0	1
1.373	1	1	138	4	1	18	967	0	0	0
1.373	1	1	138	4	1	18	967	0	0	1
1.374	1	1	138	5	1	18	967	0	0	0
1.374	1	1	138	5	1	18	967	0	0	1
1.375	1	1	138	6	1	18	967	0	0	0
1.375	1	1	138	6	1	18	967	0	0	1
1.376	1	1	138	7	1	18	967	0	0	0
1.376	1	1	138	7	1	18	967	0	0	1
1.377	1	1	138	8	1	18	967	0	0	0
1.377	1	1	138	8	1	18	967	0	0	1
1.378	1	1	138	9	1	18	967	0	0	0
1.378	1	1	138	9	1	18	967	0	0	1
1.38	1	1	139	1	1	20	1191	0	0	0
1.38	1	1	139	1	1	20	1191	0	0	1
1.381	1	1	139	2	1	20	1191	0	0	0
1.381	1	1	139	2	1	20	1191	0	0	1
1.382	1	1	139	3	1	20	1191	0	0	0
1.382	1	1	139	3	1	20	1191	0	0	1
1.383	1	1	139	4	1	20	1191	0	0	0
1.383	1	1	139	4	1	20	1191	0	0	1
1.384	1	1	139	5	1	20	1191	0	0	0
1.384	1	1	139	5	1	20	1191	0	0	1
1.385	1	1	139	6	1	20	1191	0	0	0
1.385	1	1	139	6	1	20	1191	0	0	1
1.386	1	1	139	7	1	20	1191	0	0	0
1.386	1	1	139	7	1	20	1191	0	0	1
1.387	1	1	139	8	1	20	1191	0	0	0
1.387	1	1	139	8	1	20	1191	0	0	1
1.388	1	1	139	9	1	20	1191	0	0	0
1.388	1	1	139	9	1	20	1191	0	0	1
1.389	1	1	139	10	1	20	1191	0	0	0
1.389	1	1	139	10	1	20	1191	0	0	1
1.39	1	1	140	1	1	20	1191	0	0	0
1.39	1	1	140	1	1	20	1191	0	0	1
1.391	1	1	140	2	1	20	1191	0	0	0
1.391	1	1	140	2	1	20	1191	0	0	1
1.392	1	1	140	3	1	20	1191	0	0	0
1.392	1	1	140	3	1	20	1191	0	0	1
1.393	1	1	140	4	1	20	1191	0	0	0
1.393	1	1	140	4	1	20	1191	0	0	1
1.394	1	1	140	5	1	20	1191	0	0	0
1.394	1	1	140	5	1	20	1191	0	0	1
1.395	1	1	140	6	1	20	1191	0	0	0
1.395	1	1	140	6	1	20	1191	0	0	1
1.396	1	1	140	7	1	22	1383	0	0	0
1.396	1	1	140	7	1	22	1383	0	0	1
1.397	1	1	140	8	1	22	1383	0	0	0
1.397	1	1	140	8	1	22	1383	0	0	1
1.398	1	1	140	9	1	22	1383	0	0	0
1.398	1	1	140	9	1	22	1383	0	0	1
1.399	1	1	140	10	1	22	1383	0	0	0
1.399	1	1	140	10	1	22	1383	0	0	1
1.4	1	1	141	1	1	22	1383	0	0	0
1.4	1	1	141	1	1	22	1383	0	0	1
1.401	1	1	141	2	1	22	1383	0	0	0
1.401	1	1	141	2	1	22	1383	0	0	1
1.402	1	1	141	3	1	22	1383	0	0	0
1.402	1	1	141	3	1	22	1383	0	0	1
1.403	1	1	141	4	1	22	1383	0	0	0
1.403	1	1	141	4	1	22	1383	0	0	1
1.404	1	1	141	5	1	22	1383	0	0	0
1.404	1	1	141	5	1	22	1383	0	0	1
1.405	1	1	141	6	1	22	1383	0	0	0
1.405	1	1	141	6	1	22	1383	0	0	1
1.406	1	1	141	7	1	24	1620	0	0	0
1.406	1	1	141	7	1	24	1620	0	0	1
1.408	1	1	141	9	1	24	1620	0	0	0
1.408	1	1	141	9	1	24	1620	0	0	1
1.409	1	1	141	10	1	24	1620	0	0	0
1.409	1	1	141	10	1	24	1620	0	0	1
1.41	1	1	142	1	1	24	1620	0	0	0
1.41	1	1	142	1	1	24	1620	0	0	1
1.411	1	1	142	2	1	24	1620	0	0	0
1.411	1	1	142	2	1	24	1620	0	0	1
1.412	1	1	142	3	1	24	1620	0	0	0
1.412	1	1	142	3	1	24	1620	0	0	1
1.413	1	1	142	4	1	24	1620	0	0	0
1.413	1	1	142	4	1	24	1620	0	0	1
1.414	1	1	142	5	1	26	1836	0	0	0
1.414	1	1	142	5	1	26	1836	0	0	1
1.415	1	1	142	6	1	26	1836	0	0	0
1.416	1	1	142	7	1	26	1836	0	0	0
1.417	1	1	142	8	1	26	1836	0	0	0
1.418	1	1	142	9	1	26	1836	0	0	0
1.418	1	1	142	9	1	26	1836	0	0	1
1.419	1	1	142	10	1	26	1836	0	0	0
1.42	1	1	143	1	1	26	1836	0	0	0
1.42	1	1	143	1	1	26	1836	0	0	1
1.421	1	1	143	2	1	26	1836	0	0	0
1.421	1	1	143	2	1	26	1836	0	0	1
1.422	1	1	143	3	1	26	1836	0	0	0
1.422	1	1	143	3	1	26	1836	0	0	1
1.423	1	1	143	4	1	26	1836	0	0	0
1.423	1	1	143	4	1	26	1836	0	0	1
1.424	1	1	143	5	1	26	1836	0	0	0
1.424	1	1	143	5	1	26	1836	0	0	1
1.425	1	1	143	6	1	26	1836	0	0	0
1.425	1	1	143	6	1	26	1836	0	0	1
1.427	1	1	143	8	1	26	1836	0	0	0
1.427	1	1	143	8	1	26	1836	0	0	1
1.428	1	1	143	9	1	26	1836	0	0	0
1.428	1	1	143	9	1	26	1836	0	0	1
1.429	1	1	143	10	1	26	1836	0	0	0
1.43	1	1	144	1	1	26	1836	0	0	0
1.431	1	1	144	2	1	26	1836	0	0	0
1.432	1	1	144	3	1	26	1836	0	0	0
1.432	1	1	144	3	1	26	1836	0	0	1
1.433	1	1	144	4	1	26	1836	0	0	0
1.433	1	1	144	4	1	26	1836	0	0	1
1.434	1	1	144	5	1	26	1836	0	0	0
1.434	1	1	144	5	1	26	1836	0	0	1
1.436	1	1	144	7	1	26	1836	0	0	0
1.436	1	1	144	7	1	26	1836	0	0	1
1.437	1	1	144	8	1	26	1836	0	0	0
1.437	1	1	144	8	1	26	1836	0	0	1
1.438	1	1	144	9	1	26	1836	0	0	0
1.438	1	1	144	9	1	26	1836	0	0	1
1.439	1	1	144	10	1	26	1836	0	0	0
1.439	1	1	144	10	1	26	1836	0	0	1
1.44	1	1	145	1	1	26	1836	0	0	0
1.44	1	1	145	1	1	26	1836	0	0	1
1.441	1	1	145	2	1	26	1836	0	0	0
1.441	1	1	145	2	1	26	1836	0	0	1
1.442	1	1	145	3	1	26	1836	0	0	0
1.442	1	1	145	3	1	26	1836	0	0	1
1.443	1	1	145	4	1	26	1836	0	0	0
1.443	1	1	145	4	1	26	1836	0	0	1
1.445	1	1	145	6	1	26	1836	0	0	0
1.446	1	1	145	7	1	26	1836	0	0	0
1.447	1	1	145	8	1	26	1836	0	0	0
1.448	1	1	145	9	1	26	1836	0	0	0
1.448	1	1	145	9	1	26	1836	0	0	1
1.449	1	1	145	10	1	26	1836	0	0	0
1.449	1	1	145	10	1	26	1836	0	0	1
1.45	1	1	146	1	1	26	1836	0	0	0
1.45	1	1	146	1	1	26	1836	0	0	1
1.451	1	1	146	2	1	26	1836	0	0	0
1.451	1	1	146	2	1	26	1836	0	0	1
1.452	1	1	146	3	1	26	1836	0	0	0
1.452	1	1	146	3	1	26	1836	0	0	1
1.453	1	1	146	4	1	26	1836	0	0	0
1.453	1	1	146	4	1	26	1836	0	0	1
1.455	1	1	146	6	1	26	1836	0	0	0
1.455	1	1	146	6	1	26	1836	0	0	1
1.456	1	1	146	7	1	26	1836	0	0	0
1.456	1	1	146	7	1	26	1836	0	0	1
1.457	1	1	146	8	1	26	1836	0	0	0
1.457	1	1	146	8	1	26	1836	0	0	1
1.458	1	1	146	9	1	26	1836	0	0	0
1.458	1	1	146	9	1	26	1836	0	0	1
1.459	1	1	146	10	1	26	1836	0	0	0
1.459	1	1	146	10	1	26	1836	0	0	1
1.46	1	1	147	1	1	26	1836	0	0	0
1.461	1	1	147	2	1	26	1836	0	0	0
1.462	1	1	147	3	1	26	1836	0	0	0
1.463	1	1	147	4	1	26	1836	0	0	0
1.463	1	1	147	4	1	26	1836	0	0	1
1.464	1	1	147	5	1	26	1836	0	0	0
1.464	1	1	147	5	1	26	1836	0	0	1
1.465	1	1	147	6	1	26	1836	0	0	0
1.465	1	1	147	6	1	26	1836	0	0	1
1.466	1	1	147	7	1	26	1836	0	0	0
1.467	1	1	147	8	1	26	1836	0	0	0
1.467	1	1	147	8	1	26	1836	0	0	1
1.468	1	1	147	9	1	26	1836	0	0	0
1.468	1	1	147	9	1	26	1836	0	0	1
1.469	1	1	147	10	1	26	1836	0	0	0
1.469	1	1	147	10	1	26	1836	0	0	1
1.47	1	1	148	1	1	24	1620	0	0	0
1.47	1	1	148	1	1	24	1620	0	0	1
1.471	1	1	148	2	1	24	1620	0	0	0
1.471	1	1	148	2	1	24	1620	0	0	1
1.473	1	1	148	4	1	24	1620	0	0	0
1.473	1	1	148	4	1	24	1620	0	0	1
1.474	1	1	148	5	1	24	1620	0	0	0
1.474	1	1	148	5	1	24	1620	0	0	1
1.475	1	1	148	6	1	24	1620	0	0	0
1.476	1	1	148	7	1	24	1620	0	0	0
1.477	1	1	148	8	1	24	1620	0	0	0
1.477	1	1	148	8	1	24	1620	0	0	1
1.478	1	1	148	9	1	24	1620	0	0	0
1.479	1	1	148	10	1	24	1620	0	0	0
1.479	1	1	148	10	1	24	1620	0	0	1
1.48	1	1	149	1	1	24	1620	0	0	0
1.48	1	1	149	1	1	24	1620	0	0	1
1.481	1	1	149	2	1	24	1620	0	0	0
1.481	1	1	149	2	1	24	1620	0	0	1
1.482	1	1	149	3	1	24	1620	0	0	0
1.482	1	1	149	3	1	24	1620	0	0	1
1.483	1	1	149	4	1	24	1620	0	0	0
1.483	1	1	149	4	1	24	1620	0	0	1
1.484	1	1	149	5	1	24	1620	0	0	0
1.485	1	1	149	6	1	24	1620	0	0	0
1.485	1	1	149	6	1	24	1620	0	0	1
1.486	1	1	149	7	1	24	1620	0	0	0
1.486	1	1	149	7	1	24	1620	0	0	1
1.487	1	1	149	8	1	24	1620	0	0	0
1.487	1	1	149	8	1	24	1620	0	0	1
1.488	1	1	149	9	1	24	1620	0	0	0
1.488	1	1	149	9	1	24	1620	0	0	1
1.489	1	1	149	10	1	24	1620	0	0	0
1.489	1	1	149	10	1	24	1620	0	0	1
1.49	1	1	150	1	1	24	1620	0	0	0
1.49	1	1	150	1	1	24	1620	0	0	1
1.492	1	1	150	3	1	24	1620	0	0	0
1.493	1	1	150	4	1	24	1620	0	0	0
1.494	1	1	150	5	1	24	1620	0	0	0
1.494	1	1	150	5	1	24	1620	0	0	1
1.495	1	1	150	6	1	24	1620	0	0	0
1.495	1	1	150	6	1	24	1620	0	0	1
1.496	1	1	150	7	1	24	1620	0	0	0
1.497	1	1	150	8	1	24	1620	0	0	0
1.497	1	1	150	8	1	24	1620	0	0	1
1.498	1	1	150	9	1	24	1620	0	0	0
1.498	1	1	150	9	1	24	1620	0	0	1
1.499	1	1	150	10	1	24	1620	0	0	0
1.499	1	1	150	10	1	24	1620	0	0	1
1.501	1	1	151	2	1	24	1620	0	0	0
1.501	1	1	151	2	1	24	1620	0	0	1
1.502	1	1	151	3	1	24	1620	0	0	0
1.502	1	1	151	3	1	24	1620	0	0	1
1.503	1	1	151	4	1	24	1620	0	0	0
1.503	1	1	151	4	1	24	1620	0	0	1
1.504	1	1	151	5	1	24	1620	0	0	0
1.504	1	1	151	5	1	24	1620	0	0	1
1.505	1	1	151	6	1	24	1620	0	0	0
1.505	1	1	151	6	1	24	1620	0	0	1
1.506	1	1	151	7	1	24	1620	0	0	0
1.506	1	1	151	7	1	24	1620	0	0	1
1.507	1	1	151	8	1	24	1620	0	0	0
1.507	1	1	151	8	1	24	1620	0	0	1
1.508	1	1	151	9	1	24	1620	0	0	0
1.509	1	1	151	10	1	24	1620	0	0	0
1.51	1	1	152	1	1	24	1620	0	0	0
1.511	1	1	152	2	1	24	1620	0	0	0
1.511	1	1	152	2	1	24	1620	0	0	1
1.512	1	1	152	3	1	24	1620	0	0	0
1.513	1	1	152	4	1	24	1620	0	0	0
1.513	1	1	152	4	1	24	1620	0	0	1
1.514	1	1	152	5	1	24	1620	0	0	0
1.514	1	1	152	5	1	24	1620	0	0	1
1.515	1	1	152	6	1	24	1620	0	0	0
1.515	1	1	152	6	1	24	1620	0	0	1
1.516	1	1	152	7	1	24	1620	0	0	0
1.516	1	1	152	7	1	24	1620	0	0	1
1.517	1	1	152	8	1	24	1620	0	0	0
1.517	1	1	152	8	1	24	1620	0	0	1
1.518	1	1	152	9	1	24	1620	0	0	0
1.518	1	1	152	9	1	24	1620	0	0	1
1.52	1	1	153	1	1	24	1620	0	0	0
1.52	1	1	153	1	1	24	1620	0	0	1
1.521	1	1	153	2	1	24	1620	0	0	0
1.521	1	1	153	2	1	24	1620	0	0	1
1.522	1	1	153	3	1	24	1620	0	0	0
1.522	1	1	153	3	1	24	1620	0	0	1
1.523	1	1	153	4	1	24	1620	0	0	0
1.523	1	1	153	4	1	24	1620	0	0	1
1.524	1	1	153	5	1	24	1620	0	0	0
1.525	1	1	153	6	1	24	1620	0	0	0
1.526	1	1	153	7	1	24	1620	0	0	0
1.527	1	1	153	8	1	24	1620	0	0	0
1.527	1	1	153	8	1	24	1620	0	0	1
1.528	1	1	153	9	1	24	1620	0	0	0
1.528	1	1	153	9	1	24	1620	0	0	1
1.529	1	1	153	10	1	24	1620	0	0	0
1.529	1	1	153	10	1	24	1620	0	0	1
1.53	1	1	154	1	1	24	1620	0	0	0
1.53	1	1	154	1	1	24	1620	0	0	1
1.531	1	1	154	2	1	24	1620	0	0	0
1.532	1	1	154	3	1	24	1620	0	0	0
1.532	1	1	154	3	1	24	1620	0	0	1
1.533	1	1	154	4	1	24	1620	0	0	0
1.533	1	1	154	4	1	24	1620	0	0	1
1.534	1	1	154	5	1	24	1620	0	0	0
1.534	1	1	154	5	1	24	1620	0	0	1
1.535	1	1	154	6	1	24	1620	0	0	0
1.535	1	1	154	6	1	24	1620	0	0	1
1.536	1	1	154	7	1	24	1620	0	0	0
1.536	1	1	154	7	1	24	1620	0	0	1
1.537	1	1	154	8	1	24	1620	0	0	0
1.537	1	1	154	8	1	24	1620	0	0	1
1.539	1	1	154	10	1	24	1620	0	0	0
1.539	1	1	154	10	1	24	1620	0	0	1
1.54	1	1	155	1	1	24	1620	0	0	0
1.541	1	1	155	2	1	24	1620	0	0	0
1.542	1	1	155	3	1	24	1620	0	0	0
1.542	1	1	155	3	1	24	1620	0	0	1
1.543	1	1	155	4	1	24	1620	0	0	0
1.544	1	1	155	5	1	24	1620	0	0	0
1.544	1	1	155	5	1	24	1620	0	0	1
1.545	1	1	155	6	1	24	1620	0	0	0
1.545	1	1	155	6	1	24	1620	0	0	1
1.546	1	1	155	7	1	24	1620	0	0	0
1.546	1	1	155	7	1	24	1620	0	0	1
1.548	1	1	155	9	1	24	1620	0	0	0
1.548	1	1	155	9	1	24	1620	0	0	1
1.549	1	1	155	10	1	24	1620	0	0	0
1.549	1	1	155	10	1	24	1620	0	0	1
1.55	1	1	156	1	1	24	1620	0	0	0
1.55	1	1	156	1	1	24	1620	0	0	1
1.551	1	1	156	2	1	24	1620	0	0	0
1.551	1	1	156	2	1	24	1620	0	0	1
1.552	1	1	156	3	1	22	1383	0	0	0
1.552	1	1	156	3	1	22	1383	0	0	1
1.553	1	1	156	4	1	22	1383	0	0	0
1.553	1	1	156	4	1	22	1383	0	0	1
1.554	1	1	156	5	1	22	1383	0	0	0
1.554	1	1	156	5	1	22	1383	0	0	1
1.555	1	1	156	6	1	22	1383	0	0	0
1.555	1	1	156	6	1	22	1383	0	0	1
1.557	1	1	156	8	1	22	1383	0	0	0
1.558	1	1	156	9	1	22	1383	0	0	0
1.559	1	1	156	10	1	22	1383	0	0	0
1.559	1	1	156	10	1	22	1383	0	0	1
1.56	1	1	157	1	1	22	1383	0	0	0
1.56	1	1	157	1	1	22	1383	0	0	1
1.561	1	1	157	2	1	22	1383	0	0	0
1.561	1	1	157	2	1	22	1383	0	0	1
1.562	1	1	157	3	1	22	1383	0	0	0
1.562	1	1	157	3	1	22	1383	0	0	1
1.563	1	1	157	4	1	22	1383	0	0	0
1.563	1	1	157	4	1	22	1383	0	0	1
1.564	1	1	157	5	1	22	1383	0	0	0
1.564	1	1	157	5	1	22	1383	0	0	1
1.565	1	1	157	6	1	22	1383	0	0	0
1.565	1	1	157	6	1	22	1383	0	0	1
1.567	1	1	157	8	1	22	1383	0	0	0
1.567	1	1	157	8	1	22	1383	0	0	1
1.568	1	1	157	9	1	22	1383	0	0	0
1.568	1	1	157	9	1	22	1383	0	0	1
1.569	1	1	157	10	1	22	1383	0	0	0
1.569	1	1	157	10	1	22	1383	0	0	1
1.57	1	1	158	1	1	22	1383	0	0	0
1.57	1	1	158	1	1	22	1383	0	0	1
1.571	1	1	158	2	1	22	1383	0	0	0
1.571	1	1	158	2	1	22	1383	0	0	1
1.572	1	1	158	3	1	22	1383	0	0	0
1.572	1	1	158	3	1	22	1383	0	0	1
1.573	1	1	158	4	1	22	1383	0	0	0
1.573	1	1	158	4	1	22	1383	0	0	1
1.574	1	1	158	5	1	22	1383	0	0	0
1.574	1	1	158	5	1	22	1383	0	0	1
1.575	1	1	158	6	1	22	1383	0	0	0
1.575	1	1	158	6	1	22	1383	0	0	1
1.576	1	1	158	7	1	22	1383	0	0	0
1.576	1	1	158	7	1	22	1383	0	0	1
1.577	1	1	158	8	1	22	1383	0	0	0
1.577	1	1	158	8	1	22	1383	0	0	1
1.578	1	1	158	9	1	24	1620	0	0	0
1.578	1	1	158	9	1	24	1620	0	0	1
1.579	1	1	158	10	1	24	1620	0	0	0
1.579	1	1	158	10	1	24	1620	0	0	1
1.58	1	1	159	1	1	24	1620	0	0	0
1.58	1	1	159	1	1	24	1620	0	0	1
1.581	1	1	159	2	1	24	1620	0	0	0
1.581	1	1	159	2	1	24	1620	0	0	1
1.582	1	1	159	3	1	24	1620	0	0	0
1.582	1	1	159	3	1	24	1620	0	0	1
1.583	1	1	159	4	1	24	1620	0	0	0
1.583	1	1	159	4	1	24	1620	0	0	1
1.585	1	1	159	6	1	24	1620	0	0	0
1.585	1	1	159	6	1	24	1620	0	0	1
1.586	1	1	159	7	1	26	1836	0	0	0
1.586	1	1	159	7	1	26	1836	0	0	1
1.587	1	1	159	8	1	26	1836	0	0	0
1.588	1	1	159	9	1	26	1836	0	0	0
1.589	1	1	159	10	1	26	1836	0	0	0
1.59	1	1	160	1	1	26	1836	0	0	0
1.59	1	1	160	1	1	26	1836	0	0	1
1.591	1	1	160	2	1	26	1836	0	0	0
1.591	1	1	160	2	1	26	1836	0	0	1
1.592	1	1	160	3	1	26	1836	0	0	0
1.592	1	1	160	3	1	26	1836	0	0	1
1.593	1	1	160	4	1	26	1836	0	0	0
1.593	1	1	160	4	1	26	1836	0	0	1
1.595	1	1	160	6	1	26	1836	0	0	0
1.595	1	1	160	6	1	26	1836	0	0	1
1.596	1	1	160	7	1	26	1836	0	0	0
1.596	1	1	160	7	1	26	1836	0	0	1
1.597	1	1	160	8	1	26	1836	0	0	0
1.597	1	1	160	8	1	26	1836	0	0	1
1.598	1	1	160	9	1	26	1836	0	0	0
1.598	1	1	160	9	1	26	1836	0	0	1
1.599	1	1	160	10	1	26	1836	0	0	0
1.599	1	1	160	10	1	26	1836	0	0	1
1.6	1	1	161	1	1	26	1836	0	0	0
1.6	1	1	161	1	1	26	1836	0	0	1
1.601	1	1	161	2	1	26	1836	0	0	0
1.602	1	1	161	3	1	26	1836	0	0	0
1.604	1	1	161	5	1	26	1836	0	0	0
1.604	1	1	161	5	1	26	1836	0	0	1
1.605	1	1	161	6	1	26	1836	0	0	0
1.605	1	1	161	6	1	26	1836	0	0	1
1.606	1	1	161	7	1	26	1836	0	0	0
1.607	1	1	161	8	1	26	1836	0	0	0
1.607	1	1	161	8	1	26	1836	0	0	1
1.608	1	1	161	9	1	26	1836	0	0	0
1.608	1	1	161	9	1	26	1836	0	0	1
1.609	1	1	161	10	1	26	1836	0	0	0
1.609	1	1	161	10	1	26	1836	0	0	1
1.61	1	1	162	1	1	26	1836	0	0	0
1.61	1	1	162	1	1	26	1836	0	0	1
1.611	1	1	162	2	1	26	1836	0	0	0
1.611	1	1	162	2	1	26	1836	0	0	1
1.613	1	1	162	4	1	26	1836	0	0	0
1.613	1	1	162	4	1	26	1836	0	0	1
1.614	1	1	162	5	1	26	1836	0	0	0
1.614	1	1	162	5	1	26	1836	0	0	1
1.615	1	1	162	6	1	26	1836	0	0	0
1.615	1	1	162	6	1	26	1836	0	0	1
1.616	1	1	162	7	1	26	1836	0	0	0
1.616	1	1	162	7	1	26	1836	0	0	1
1.617	1	1	162	8	1	26	1836	0	0	0
1.618	1	1	162	9	1	28	2196	0	0	0
1.619	1	1	162	10	1	28	2196	0	0	0
1.62	1	1	163	1	1	28	2196	0	0	0
1.62	1	1	163	1	1	28	2196	0	0	1
1.621	1	1	163	2	1	28	2196	0	0	0
1.621	1	1	163	2	1	28	2196	0	0	1
1.622	1	1	163	3	1	28	2196	0	0	0
1.622	1	1	163	3	1	28	2196	0	0	1
1.623	1	1	163	4	1	28	2196	0	0	0
1.623	1	1	163	4	1	28	2196	0	0	1
1.624	1	1	163	5	1	28	2196	0	0	0
1.625	1	1	163	6	1	28	2196	0	0	0
1.625	1	1	163	6	1	28	2196	0	0	1
1.626	1	1	163	7	1	28	2196	0	0	0
1.626	1	1	163	7	1	28	2196	0	0	1
1.627	1	1	163	8	1	28	2196	0	0	0
1.627	1	1	163	8	1	28	2196	0	0	1
1.628	1	1	163	9	1	28	2196	0	0	0
1.628	1	1	163	9	1	28	2196	0	0	1
1.629	1	1	163	10	1	28	2196	0	0	0
1.629	1	1	163	10	1	28	2196	0	0	1
1.63	1	1	164	1	1	28	2196	0	0	0
1.63	1	1	164	1	1	28	2196	0	0	1
1.632	1	1	164	3	1	28	2196	0	0	0
1.633	1	1	164	4	1	28	2196	0	0	0
1.634	1	1	164	5	1	28	2196	0	0	0
1.634	1	1	164	5	1	28	2196	0	0	1
1.635	1	1	164	6	1	28	2196	0	0	0
1.635	1	1	164	6	1	28	2196	0	0	1
1.636	1	1	164	7	1	28	2196	0	0	0
1.637	1	1	164	8	1	28	2196	0	0	0
1.637	1	1	164	8	1	28	2196	0	0	1
1.638	1	1	164	9	1	28	2196	0	0	0
1.638	1	1	164	9	1	28	2196	0	0	1
1.639	1	1	164	10	1	28	2196	0	0	0
1.639	1	1	164	10	1	28	2196	0	0	1
1.641	1	1	165	2	1	28	2196	0	0	0
1.641	1	1	165	2	1	28	2196	0	0	1
1.642	1	1	165	3	1	28	2196	0	0	0
1.642	1	1	165	3	1	28	2196	0	0	1
1.643	1	1	165	4	1	28	2196	0	0	0
1.643	1	1	165	4	1	28	2196	0	0	1
1.644	1	1	165	5	1	28	2196	0	0	0
1.644	1	1	165	5	1	28	2196	0	0	1
1.645	1	1	165	6	1	28	2196	0	0	0
1.645	1	1	165	6	1	28	2196	0	0	1
1.646	1	1	165	7	1	28	2196	0	0	0
1.646	1	1	165	7	1	28	2196	0	0	1
1.647	1	1	165	8	1	28	2196	0	0	0
1.647	1	1	165	8	1	28	2196	0	0	1
1.648	1	1	165	9	1	28	2196	0	0	0
1.649	1	1	165	10	1	28	2196	0	0	0
1.651	1	1	166	2	1	28	2196	0	0	0
1.651	1	1	166	2	1	28	2196	0	0	1
1.652	1	1	166	3	1	28	2196	0	0	0
1.653	1	1	166	4	1	28	2196	0	0	0
1.653	1	1	166	4	1	28	2196	0	0	1
1.654	1	1	166	5	1	28	2196	0	0	0
1.654	1	1	166	5	1	28	2196	0	0	1
1.655	1	1	166	6	1	28	2196	0	0	0
1.655	1	1	166	6	1	28	2196	0	0	1
1.656	1	1	166	7	1	28	2196	0	0	0
1.656	1	1	166	7	1	28	2196	0	0	1
1.657	1	1	166	8	1	28	2196	0	0	0
1.657	1	1	166	8	1	28	2196	0	0	1
1.658	1	1	166	9	1	28	2196	0	0	0
1.658	1	1	166	9	1	28	2196	0	0	1
1.66	1	1	167	1	1	28	2196	0	0	0
1.66	1	1	167	1	1	28	2196	0	0	1
1.661	1	1	167	2	1	28	2196	0	0	0
1.661	1	1	167	2	1	28	2196	0	0	1
1.662	1	1	167	3	1	28	2196	0	0	0
1.662	1	1	167	3	1	28	2196	0	0	1
1.663	1	1	167	4	1	28	2196	0	0	0
1.663	1	1	167	4	1	28	2196	0	0	1
1.664	1	1	167	5	1	28	2196	0	0	0
1.664	1	1	167	5	1	28	2196	0	0	1
1.665	1	1	167	6	1	28	2196	0	0	0
1.666	1	1	167	7	1	28	2196	0	0	0
1.667	1	1	167	8	1	28	2196	0	0	0
1.668	1	1	167	9	1	28	2196	0	0	0
1.668	1	1	167	9	1	28	2196	0	0	1
1.669	1	1	167	10	1	28	2196	0	0	0
1.669	1	1	167	10	1	28	2196	0	0	1
1.67	1	1	168	1	1	26	1836	0	0	0
1.67	1	1	168	1	1	26	1836	0	0	1
1.671	1	1	168	2	1	26	1836	0	0	0
1.672	1	1	168	3	1	26	1836	0	0	0
1.672	1	1	168	3	1	26	1836	0	0	1
1.673	1	1	168	4	1	26	1836	0	0	0
1.673	1	1	168	4	1	26	1836	0	0	1
1.674	1	1	168	5	1	26	1836	0	0	0
1.674	1	1	168	5	1	26	1836	0	0	1
1.675	1	1	168	6	1	26	1836	0	0	0
1.675	1	1	168	6	1	26	1836	0	0	1
1.676	1	1	168	7	1	26	1836	0	0	0
1.676	1	1	168	7	1	26	1836	0	0	1
1.677	1	1	168	8	1	26	1836	0	0	0
1.677	1	1	168	8	1	26	1836	0	0	1
1.679	1	1	168	10	1	26	1836	0	0	0
1.679	1	1	168	10	1	26	1836	0	0	1
1.68	1	1	169	1	1	26	1836	0	0	0
1.681	1	1	169	2	1	26	1836	0	0	0
1.682	1	1	169	3	1	24	1620	0	0	0
1.682	1	1	169	3	1	24	1620	0	0	1
1.683	1	1	169	4	1	24	1620	0	0	0
1.684	1	1	169	5	1	24	1620	0	0	0
1.684	1	1	169	5	1	24	1620	0	0	1
1.685	1	1	169	6	1	24	1620	0	0	0
1.685	1	1	169	6	1	24	1620	0	0	1
1.686	1	1	169	7	1	22	1383	0	0	0
1.686	1	1	169	7	1	22	1383	0	0	1
1.687	1	1	169	8	1	22	1383	0	0	0
1.687	1	1	169	8	1	22	1383	0	0	1
1.688	1	1	169	9	1	22	1383	0	0	0
1.688	1	1	169	9	1	22	1383	0	0	1
1.689	1	1	169	10	1	22	1383	0	0	0
1.689	1	1	169	10	1	22	1383	0	0	1
1.69	1	1	170	1	1	22	1383	0	0	0
1.691	1	1	170	2	1	22	1383	0	0	0
1.691	1	1	170	2	1	22	1383	0	0	1
1.692	1	1	170	3	1	20	1191	0	0	0
1.692	1	1	170	3	1	20	1191	0	0	1
1.693	1	1	170	4	1	20	1191	0	0	0
1.693	1	1	170	4	1	20	1191	0	0	1
1.694	1	1	170	5	1	18	967	0	0	0
1.694	1	1	170	5	1	18	967	0	0	1
1.695	1	1	170	6	1	18	967	0	0	0
1.695	1	1	170	6	1	18	967	0	0	1
1.697	1	1	170	8	1	18	967	0	0	0
1.697	1	1	170	8	1	18	967	0	0	1
1.698	1	1	170	9	1	18	967	0	0	0
1.698	1	1	170	9	1	18	967	0	0	1
1.699	1	1	170	10	1	18	967	0	0	0
1.699	1	1	170	10	1	18	967	0	0	1
1.7	1	1	171	1	1	18	967	0	0	0
1.7	1	1	171	1	1	18	967	0	0	1
1.701	1	1	171	2	1	18	967	0	0	0
1.701	1	1	171	2	1	18	967	0	0	1
1.702	1	1	171	3	1	18	967	0	0	0
1.702	1	1	171	3	1	18	967	0	0	1
1.703	1	1	171	4	1	18	967	0	0	0
1.703	1	1	171	4	1	18	967	0	0	1
1.704	1	1	171	5	1	18	967	0	0	0
1.704	1	1	171	5	1	18	967	0	0	1
1.705	1	1	171	6	1	18	967	0	0	0
1.705	1	1	171	6	1	18	967	0	0	1
1.706	1	1	171	7	1	18	967	0	0	0
1.706	1	1	171	7	1	18	967	0	0	1
1.707	1	1	171	8	1	18	967	0	0	0
1.707	1	1	171	8	1	18	967	0	0	1
1.708	1	1	171	9	1	20	1191	0	0	0
1.708	1	1	171	9	1	20	1191	0	0	1
1.709	1	1	171	10	1	20	1191	0	0	0
1.709	1	1	171	10	1	20	1191	0	0	1
1.71	1	1	172	1	1	20	1191	0	0	0
1.71	1	1	172	1	1	20	1191	0	0	1
1.711	1	1	172	2	1	20	1191	0	0	0
1.711	1	1	172	2	1	20	1191	0	0	1
1.712	1	1	172	3	1	20	1191	0	0	0
1.712	1	1	172	3	1	20	1191	0	0	1
1.713	1	1	172	4	1	20	1191	0	0	0
1.713	1	1	172	4	1	20	1191	0	0	1
1.714	1	1	172	5	1	20	1191	0	0	0
1.714	1	1	172	5	1	20	1191	0	0	1
1.716	1	1	172	7	1	20	1191	0	0	0
1.716	1	1	172	7	1	20	1191	0	0	1
1.717	1	1	172	8	1	20	1191	0	0	0
1.717	1	1	172	8	1	20	1191	0	0	1
1.718	1	1	172	9	1	22	1383	0	0	0
1.718	1	1	172	9	1	22	1383	0	0	1
1.719	1	1	172	10	1	22	1383	0	0	0
1.719	1	1	172	10	1	22	1383	0	0	1
1.72	1	1	173	1	1	22	1383	0	0	0
1.72	1	1	173	1	1	22	1383	0	0	1
1.721	1	1	173	2	1	22	1383	0	0	0
1.721	1	1	173	2	1	22	1383	0	0	1
1.722	1	1	173	3	1	22	1383	0	0	0
1.722	1	1	173	3	1	22	1383	0	0	1
1.723	1	1	173	4	1	22	1383	0	0	0
1.723	1	1	173	4	1	22	1383	0	0	1
1.725	1	1	173	6	1	24	1620	0	0	0
1.725	1	1	173	6	1	24	1620	0	0	1
1.726	1	1	173	7	1	24	1620	0	0	0
1.726	1	1	173	7	1	24	1620	0	0	1
1.727	1	1	173	8	1	24	1620	0	0	0
1.727	1	1	173	8	1	24	1620	0	0	1
1.728	1	1	173	9	1	24	1620	0	0	0
1.728	1	1	173	9	1	24	1620	0	0	1
1.729	1	1	173	10	1	24	1620	0	0	0
1.729	1	1	173	10	1	24	1620	0	0	1
1.73	1	1	174	1	1	24	1620	0	0	0
1.73	1	1	174	1	1	24	1620	0	0	1
1.731	1	1	174	2	1	24	1620	0	0	0
1.731	1	1	174	2	1	24	1620	0	0	1
1.732	1	1	174	3	1	24	1620	0	0	0
1.732	1	1	174	3	1	24	1620	0	0	1
1.733	1	1	174	4	1	24	1620	0	0	0
1.734	1	1	174	5	1	26	1836	0	0	0
1.735	1	1	174	6	1	26	1836	0	0	0
1.736	1	1	174	7	1	26	1836	0	0	0
1.737	1	1	174	8	1	26	1836	0	0	0
1.737	1	1	174	8	1	26	1836	0	0	1
1.738	1	1	174	9	1	26	1836	0	0	0
1.738	1	1	174	9	1	26	1836	0	0	1
1.739	1	1	174	10	1	26	1836	0	0	0
1.739	1	1	174	10	1	26	1836	0	0	1
1.74	1	1	175	1	1	26	1836	0	0	0
1.74	1	1	175	1	1	26	1836	0	0	1
1.741	1	1	175	2	1	26	1836	0	0	0
1.741	1	1	175	2	1	26	1836	0	0	1
1.742	1	1	175	3	1	26	1836	0	0	0
1.742	1	1	175	3	1	26	1836	0	0	1
1.744	1	1	175	5	1	26	1836	0	0	0
1.744	1	1	175	5	1	26	1836	0	0	1
1.745	1	1	175	6	1	26	1836	0	0	0
1.745	1	1	175	6	1	26	1836	0	0	1
1.746	1	1	175	7	1	26	1836	0	0	0
1.746	1	1	175	7	1	26	1836	0	0	1
1.747	1	1	175	8	1	26	1836	0	0	0
1.747	1	1	175	8	1	26	1836	0	0	1
1.748	1	1	175	9	1	26	1836	0	0	0
1.749	1	1	175	10	1	26	1836	0	0	0
1.75	1	1	176	1	1	26	1836	0	0	0
1.751	1	1	176	2	1	26	1836	0	0	0
1.751	1	1	176	2	1	26	1836	0	0	1
1.753	1	1	176	4	1	26	1836	0	0	0
1.753	1	1	176	4	1	26	1836	0	0	1
1.754	1	1	176	5	1	26	1836	0	0	0
1.754	1	1	176	5	1	26	1836	0	0	1
1.755	1	1	176	6	1	26	1836	0	0	0
1.755	1	1	176	6	1	26	1836	0	0	1
1.756	1	1	176	7	1	26	1836	0	0	0
1.756	1	1	176	7	1	26	1836	0	0	1
1.757	1	1	176	8	1	26	1836	0	0	0
1.757	1	1	176	8	1	26	1836	0	0	1
1.758	1	1	176	9	1	26	1836	0	0	0
1.758	1	1	176	9	1	26	1836	0	0	1
1.759	1	1	176	10	1	26	1836	0	0	0
1.759	1	1	176	10	1	26	1836	0	0	1
1.76	1	1	177	1	1	26	1836	0	0	0
1.76	1	1	177	1	1	26	1836	0	0	1
1.761	1	1	177	2	1	26	1836	0	0	0
1.762	1	1	177	3	1	26	1836	0	0	0
1.763	1	1	177	4	1	26	1836	0	0	0
1.764	1	1	177	5	1	26	1836	0	0	0
1.765	1	1	177	6	1	26	1836	0	0	0
1.765	1	1	177	6	1	26	1836	0	0	1
1.766	1	1	177	7	1	26	1836	0	0	0
1.766	1	1	177	7	1	26	1836	0	0	1
1.767	1	1	177	8	1	26	1836	0	0	0
1.767	1	1	177	8	1	26	1836	0	0	1
1.768	1	1	177	9	1	26	1836	0	0	0
1.768	1	1	177	9	1	26	1836	0	0	1
1.769	1	1	177	10	1	26	1836	0	0	0
1.769	1	1	177	10	1	26	1836	0	0	1
1.77	1	1	178	1	1	26	1836	0	0	0
1.77	1	1	178	1	1	26	1836	0	0	1
1.772	1	1	178	3	1	24	1620	0	0	0
1.772	1	1	178	3	1	24	1620	0	0	1
1.773	1	1	178	4	1	24	1620	0	0	0
1.773	1	1	178	4	1	24	1620	0	0	1
1.774	1	1	178	5	1	24	1620	0	0	0
1.774	1	1	178	5	1	24	1620	0	0	1
1.775	1	1	178	6	1	24	1620	0	0	0
1.776	1	1	178	7	1	24	1620	0	0	0
1.777	1	1	178	8	1	24	1620	0	0	0
1.778	1	1	178	9	1	24	1620	0	0	0
1.778	1	1	178	9	1	24	1620	0	0	1
1.779	1	1	178	10	1	24	1620	0	0	0
1.779	1	1	178	10	1	24	1620	0	0	1
1.78	1	1	179	1	1	24	1620	0	0	0
1.78	1	1	179	1	1	24	1620	0	0	1
1.781	1	1	179	2	1	24	1620	0	0	0
1.781	1	1	179	2	1	24	1620	0	0	1
1.782	1	1	179	3	1	22	1383	0	0	0
1.782	1	1	179	3	1	22	1383	0	0	1
1.783	1	1	179	4	1	22	1383	0	0	0
1.784	1	1	179	5	1	22	1383	0	0	0
1.784	1	1	179	5	1	22	1383	0	0	1
1.785	1	1	179	6	1	22	1383	0	0	0
1.785	1	1	179	6	1	22	1383	0	0	1
1.786	1	1	179	7	1	22	1383	0	0	0
1.786	1	1	179	7	1	22	1383	0	0	1
1.787	1	1	179	8	1	22	1383	0	0	0
1.787	1	1	179	8	1	22	1383	0	0	1
1.788	1	1	179	9	1	20	1191	0	0	0
1.788	1	1	179	9	1	20	1191	0	0	1
1.789	1	1	179	10	1	20	1191	0	0	0
1.789	1	1	179	10	1	20	1191	0	0	1
1.791	1	1	180	2	1	20	1191	0	0	0
1.791	1	1	180	2	1	20	1191	0	0	1
1.792	1	1	180	3	1	18	967	0	0	0
1.792	1	1	180	3	1	18	967	0	0	1
1.793	1	1	180	4	1	18	967	0	0	0
1.793	1	1	180	4	1	18	967	0	0	1
1.794	1	1	180	5	1	18	967	0	0	0
1.794	1	1	180	5	1	18	967	0	0	1
1.795	1	1	180	6	1	18	967	0	0	0
1.795	1	1	180	6	1	18	967	0	0	1
1.796	1	1	180	7	1	18	967	0	0	0
1.796	1	1	180	7	1	18	967	0	0	1
1.797	1	1	180	8	1	18	967	0	0	0
1.797	1	1	180	8	1	18	967	0	0	1
1.798	1	1	180	9	1	16	903	0	0	0
1.798	1	1	180	9	1	16	903	0	0	1
1.799	1	1	180	10	1	16	903	0	0	0
1.799	1	1	180	10	1	16	903	0	0	1
1.8	1	1	181	1	1	16	903	0	0	0
1.8	1	1	181	1	1	16	903	0	0	1
1.801	1	1	181	2	1	16	903	0	0	0
1.801	1	1	181	2	1	16	903	0	0	1
1.802	1	1	181	3	1	16	903	0	0	0
1.802	1	1	181	3	1	16	903	0	0	1
1.803	1	1	181	4	1	16	903	0	0	0
1.803	1	1	181	4	1	16	903	0	0	1
1.804	1	1	181	5	1	14	775	0	0	0
1.804	1	1	181	5	1	14	775	0	0	1
1.805	1	1	181	6	1	14	775	0	0	0
1.805	1	1	181	6	1	14	775	0	0	1
1.806	1	1	181	7	1	14	775	0	0	0
1.806	1	1	181	7	1	14	775	0	0	1
1.807	1	1	181	8	1	14	775	0	0	0
1.807	1	1	181	8	1	14	775	0	0	1
1.809	1	1	181	10	1	14	775	0	0	0
1.809	1	1	181	10	1	14	775	0	0	1
1.81	1	1	182	1	1	16	903	0	0	0
1.81	1	1	182	1	1	16	903	0	0	1
1.811	1	1	182	2	1	16	903	0	0	0
1.811	1	1	182	2	1	16	903	0	0	1
1.812	1	1	182	3	1	16	903	0	0	0
1.812	1	1	182	3	1	16	903	0	0	1
1.813	1	1	182	4	1	16	903	0	0	0
1.813	1	1	182	4	1	16	903	0	0	1
1.814	1	1	182	5	1	16	903	0	0	0
1.814	1	1	182	5	1	16	903	0	0	1
1.815	1	1	182	6	1	16	903	0	0	0
1.815	1	1	182	6	1	16	903	0	0	1
1.816	1	1	182	7	1	18	967	0	0	0
1.816	1	1	182	7	1	18	967	0	0	1
1.817	1	1	182	8	1	18	967	0	0	0
1.817	1	1	182	8	1	18	967	0	0	1
1.819	1	1	182	10	1	18	967	0	0	0
1.819	1	1	182	10	1	18	967	0	0	1
1.82	1	1	183	1	1	20	1191	0	0	0
1.82	1	1	183	1	1	20	1191	0	0	1
1.821	1	1	183	2	1	20	1191	0	0	0
1.821	1	1	183	2	1	20	1191	0	0	1
1.822	1	1	183	3	1	20	1191	0	0	0
1.822	1	1	183	3	1	20	1191	0	0	1
1.823	1	1	183	4	1	20	1191	0	0	0
1.823	1	1	183	4	1	20	1191	0	0	1
1.824	1	1	183	5	1	20	1191	0	0	0
1.824	1	1	183	5	1	20	1191	0	0	1
1.825	1	1	183	6	1	20	1191	0	0	0
1.825	1	1	183	6	1	20	1191	0	0	1
1.826	1	1	183	7	1	20	1191	0	0	0
1.826	1	1	183	7	1	20	1191	0	0	1
1.828	1	1	183	9	1	20	1191	0	0	0
1.828	1	1	183	9	1	20	1191	0	0	1
1.829	1	1	183	10	1	20	1191	0	0	0
1.829	1	1	183	10	1	20	1191	0	0	1
1.83	1	1	184	1	1	20	1191	0	0	0
1.83	1	1	184	1	1	20	1191	0	0	1
1.831	1	1	184	2	1	20	1191	0	0	0
1.831	1	1	184	2	1	20	1191	0	0	1
1.832	1	1	184	3	1	22	1383	0	0	0
1.832	1	1	184	3	1	22	1383	0	0	1
1.833	1	1	184	4	1	22	1383	0	0	0
1.833	1	1	184	4	1	22	1383	0	0	1
1.834	1	1	184	5	1	22	1383	0	0	0
1.834	1	1	184	5	1	22	1383	0	0	1
1.835	1	1	184	6	1	22	1383	0	0	0
1.835	1	1	184	6	1	22	1383	0	0	1
1.837	1	1	184	8	1	22	1383	0	0	0
1.837	1	1	184	8	1	22	1383	0	0	1
1.838	1	1	184	9	1	22	1383	0	0	0
1.838	1	1	184	9	1	22	1383	0	0	1
1.839	1	1	184	10	1	22	1383	0	0	0
1.839	1	1	184	10	1	22	1383	0	0	1
1.84	1	1	185	1	1	22	1383	0	0	0
1.84	1	1	185	1	1	22	1383	0	0	1
1.841	1	1	185	2	1	22	1383	0	0	0
1.841	1	1	185	2	1	22	1383	0	0	1
1.842	1	1	185	3	1	22	1383	0	0	0
1.842	1	1	185	3	1	22	1383	0	0	1
1.843	1	1	185	4	1	22	1383	0	0	0
1.843	1	1	185	4	1	22	1383	0	0	1
1.844	1	1	185	5	1	22	1383	0	0	0
1.844	1	1	185	5	1	22	1383	0	0	1
1.845	1	1	185	6	1	22	1383	0	0	0
1.845	1	1	185	6	1	22	1383	0	0	1
1.847	1	1	185	8	1	22	1383	0	0	0
1.847	1	1	185	8	1	22	1383	0	0	1
1.848	1	1	185	9	1	22	1383	0	0	0
1.848	1	1	185	9	1	22	1383	0	0	1
1.849	1	1	185	10	1	22	1383	0	0	0
1.849	1	1	185	10	1	22	1383	0	0	1
1.85	1	1	186	1	1	22	1383	0	0	0
1.85	1	1	186	1	1	22	1383	0	0	1
1.851	1	1	186	2	1	22	1383	0	0	0
1.851	1	1	186	2	1	22	1383	0	0	1
1.852	1	1	186	3	1	22	1383	0	0	0
1.852	1	1	186	3	1	22	1383	0	0	1
1.853	1	1	186	4	1	22	1383	0	0	0
1.853	1	1	186	4	1	22	1383	0	0	1
1.854	1	1	186	5	1	22	1383	0	0	0
1.854	1	1	186	5	1	22	1383	0	0	1
1.856	1	1	186	7	1	22	1383	0	0	0
1.856	1	1	186	7	1	22	1383	0	0	1
1.857	1	1	186	8	1	22	1383	0	0	0
1.857	1	1	186	8	1	22	1383	0	0	1
1.858	1	1	186	9	1	22	1383	0	0	0
1.858	1	1	186	9	1	22	1383	0	0	1
1.859	1	1	186	10	1	22	1383	0	0	0
1.859	1	1	186	10	1	22	1383	0	0	1
1.86	1	1	187	1	1	22	1383	0	0	0
1.86	1	1	187	1	1	22	1383	0	0	1
1.861	1	1	187	2	1	22	1383	0	0	0
1.861	1	1	187	2	1	22	1383	0	0	1
1.862	1	1	187	3	1	22	1383	0	0	0
1.862	1	1	187	3	1	22	1383	0	0	1
1.863	1	1	187	4	1	22	1383	0	0	0
1.863	1	1	187	4	1	22	1383	0	0	1
1.865	1	1	187	6	1	22	1383	0	0	0
1.865	1	1	187	6	1	22	1383	0	0	1
1.866	1	1	187	7	1	22	1383	0	0	0
1.866	1	1	187	7	1	22	1383	0	0	1
1.867	1	1	187	8	1	22	1383	0	0	0
1.867	1	1	187	8	1	22	1383	0	0	1
1.868	1	1	187	9	1	22	1383	0	0	0
1.868	1	1	187	9	1	22	1383	0	0	1
1.869	1	1	187	10	1	22	1383	0	0	0
1.869	1	1	187	10	1	22	1383	0	0	1
1.87	1	1	188	1	1	22	1383	0	0	0
1.87	1	1	188	1	1	22	1383	0	0	1
1.871	1	1	188	2	1	22	1383	0	0	0
1.871	1	1	188	2	1	22	1383	0	0	1
1.872	1	1	188	3	1	22	1383	0	0	0
1.872	1	1	188	3	1	22	1383	0	0	1
1.873	1	1	188	4	1	22	1383	0	0	0
1.873	1	1	188	4	1	22	1383	0	0	1
1.875	1	1	188	6	1	22	1383	0	0	0
1.875	1	1	188	6	1	22	1383	0	0	1
1.876	1	1	188	7	1	22	1383	0	0	0
1.876	1	1	188	7	1	22	1383	0	0	1
1.877	1	1	188	8	1	22	1383	0	0	0
1.877	1	1	188	8	1	22	1383	0	0	1
1.878	1	1	188	9	1	22	1383	0	0	0
1.878	1	1	188	9	1	22	1383	0	0	1
1.879	1	1	188	10	1	22	1383	0	0	0
1.879	1	1	188	10	1	22	1383	0	0	1
1.88	1	1	189	1	1	22	1383	0	0	0
1.88	1	1	189	1	1	22	1383	0	0	1
1.881	1	1	189	2	1	22	1383	0	0	0
1.881	1	1	189	2	1	22	1383	0	0	1
1.882	1	1	189	3	1	22	1383	0	0	0
1.882	1	1	189	3	1	22	1383	0	0	1
1.884	1	1	189	5	1	22	1383	0	0	0
1.884	1	1	189	5	1	22	1383	0	0	1
1.885	1	1	189	6	1	22	1383	0	0	0
1.885	1	1	189	6	1	22	1383	0	0	1
1.886	1	1	189	7	1	22	1383	0	0	0
1.886	1	1	189	7	1	22	1383	0	0	1
1.887	1	1	189	8	1	22	1383	0	0	0
1.887	1	1	189	8	1	22	1383	0	0	1
1.888	1	1	189	9	1	22	1383	0	0	0
1.888	1	1	189	9	1	22	1383	0	0	1
1.889	1	1	189	10	1	22	1383	0	0	0
1.889	1	1	189	10	1	22	1383	0	0	1
1.89	1	1	190	1	1	22	1383	0	0	0
1.89	1	1	190	1	1	22	1383	0	0	1
1.891	1	1	190	2	1	22	1383	0	0	0
1.891	1	1	190	2	1	22	1383	0	0	1
1.893	1	1	190	4	1	22	1383	0	0	0
1.893	1	1	190	4	1	22	1383	0	0	1
1.894	1	1	190	5	1	22	1383	0	0	0
1.894	1	1	190	5	1	22	1383	0	0	1
1.895	1	1	190	6	1	22	1383	0	0	0
1.895	1	1	190	6	1	22	1383	0	0	1
1.896	1	1	190	7	1	22	1383	0	0	0
1.896	1	1	190	7	1	22	1383	0	0	1
1.897	1	1	190	8	1	22	1383	0	0	0
1.897	1	1	190	8	1	22	1383	0	0	1
1.898	1	1	190	9	1	22	1383	0	0	0
1.898	1	1	190	9	1	22	1383	0	0	1
1.899	1	1	190	10	1	22	1383	0	0	0
1.899	1	1	190	10	1	22	1383	0	0	1
1.9	1	1	191	1	1	22	1383	0	0	0
1.9	1	1	191	1	1	22	1383	0	0	1
1.901	1	1	191	2	1	22	1383	0	0	0
1.901	1	1	191	2	1	22	1383	0	0	1
1.903	1	1	191	4	1	22	1383	0	0	0
1.903	1	1	191	4	1	22	1383	0	0	1
1.904	1	1	191	5	1	22	1383	0	0	0
1.904	1	1	191	5	1	22	1383	0	0	1
1.905	1	1	191	6	1	22	1383	0	0	0
1.905	1	1	191	6	1	22	1383	0	0	1
1.906	1	1	191	7	1	22	1383	0	0	0
1.906	1	1	191	7	1	22	1383	0	0	1
1.907	1	1	191	8	1	22	1383	0	0	0
1.907	1	1	191	8	1	22	1383	0	0	1
1.908	1	1	191	9	1	22	1383	0	0	0
1.908	1	1	191	9	1	22	1383	0	0	1
1.909	1	1	191	10	1	22	1383	0	0	0
1.909	1	1	191	10	1	22	1383	0	0	1
1.91	1	1	192	1	1	22	1383	0	0	0
1.91	1	1	192	1	1	22	1383	0	0	1
1.912	1	1	192	3	1	22	1383	0	0	0
1.912	1	1	192	3	1	22	1383	0	0	1
1.913	1	1	192	4	1	22	1383	0	0	0
1.913	1	1	192	4	1	22	1383	0	0	1
1.914	1	1	192	5	1	22	1383	0	0	0
1.914	1	1	192	5	1	22	1383	0	0	1
1.915	1	1	192	6	1	22	1383	0	0	0
1.915	1	1	192	6	1	22	1383	0	0	1
1.916	1	1	192	7	1	22	1383	0	0	0
1.916	1	1	192	7	1	22	1383	0	0	1
1.917	1	1	192	8	1	22	1383	0	0	0
1.917	1	1	192	8	1	22	1383	0	0	1
1.918	1	1	192	9	1	22	1383	0	0	0
1.918	1	1	192	9	1	22	1383	0	0	1
1.919	1	1	192	10	1	22	1383	0	0	0
1.919	1	1	192	10	1	22	1383	0	0	1
1.921	1	1	193	2	1	22	1383	0	0	0
1.921	1	1	193	2	1	22	1383	0	0	1
1.922	1	1	193	3	1	22	1383	0	0	0
1.922	1	1	193	3	1	22	1383	0	0	1
1.923	1	1	193	4	1	22	1383	0	0	0
1.923	1	1	193	4	1	22	1383	0	0	1
1.924	1	1	193	5	1	22	1383	0	0	0
1.924	1	1	193	5	1	22	1383	0	0	1
1.925	1	1	193	6	1	22	1383	0	0	0
1.925	1	1	193	6	1	22	1383	0	0	1
1.926	1	1	193	7	1	22	1383	0	0	0
1.926	1	1	193	7	1	22	1383	0	0	1
1.927	1	1	193	8	1	22	1383	0	0	0
1.927	1	1	193	8	1	22	1383	0	0	1
1.928	1	1	193	9	1	22	1383	0	0	0
1.928	1	1	193	9	1	22	1383	0	0	1
1.929	1	1	193	10	1	22	1383	0	0	0
1.929	1	1	193	10	1	22	1383	0	0	1
1.93	1	1	194	1	1	22	1383	0	0	0
1.93	1	1	194	1	1	22	1383	0	0	1
1.931	1	1	194	2	1	22	1383	0	0	0
1.931	1	1	194	2	1	22	1383	0	0	1
1.932	1	1	194	3	1	22	1383	0	0	0
1.932	1	1	194	3	1	22	1383	0	0	1
1.933	1	1	194	4	1	22	1383	0	0	0
1.933	1	1	194	4	1	22	1383	0	0	1
1.934	1	1	194	5	1	22	1383	0	0	0
1.934	1	1	194	5	1	22	1383	0	0	1
1.935	1	1	194	6	1	22	1383	0	0	0
1.935	1	1	194	6	1	22	1383	0	0	1
1.936	1	1	194	7	1	22	1383	0	0	0
1.936	1	1	194	7	1	22	1383	0	0	1
1.937	1	1	194	8	1	22	1383	0	0	0
1.937	1	1	194	8	1	22	1383	0	0	1
1.938	1	1	194	9	1	24	1620	0	0	0
1.938	1	1	194	9	1	24	1620	0	0	1
1.94	1	1	195	1	1	24	1620	0	0	0
1.94	1	1	195	1	1	24	1620	0	0	1
1.941	1	1	195	2	1	24	1620	0	0	0
1.941	1	1	195	2	1	24	1620	0	0	1
1.942	1	1	195	3	1	24	1620	0	0	0
1.942	1	1	195	3	1	24	1620	0	0	1
1.943	1	1	195	4	1	24	1620	0	0	0
1.943	1	1	195	4	1	24	1620	0	0	1
1.944	1	1	195	5	1	24	1620	0	0	0
1.944	1	1	195	5	1	24	1620	0	0	1
1.945	1	1	195	6	1	24	1620	0	0	0
1.945	1	1	195	6	1	24	1620	0	0	1
1.946	1	1	195	7	1	24	1620	0	0	0
1.946	1	1	195	7	1	24	1620	0	0	1
1.947	1	1	195	8	1	24	1620	0	0	0
1.948	1	1	195	9	1	24	1620	0	0	0
1.949	1	1	195	10	1	24	1620	0	0	0
1.95	1	1	196	1	1	24	1620	0	0	0
1.95	1	1	196	1	1	24	1620	0	0	1
1.951	1	1	196	2	1	24	1620	0	0	0
1.951	1	1	196	2	1	24	1620	0	0	1
1.952	1	1	196	3	1	24	1620	0	0	0
1.952	1	1	196	3	1	24	1620	0	0	1
1.953	1	1	196	4	1	24	1620	0	0	0
1.953	1	1	196	4	1	24	1620	0	0	1
1.954	1	1	196	5	1	24	1620	0	0	0
1.954	1	1	196	5	1	24	1620	0	0	1
1.955	1	1	196	6	1	24	1620	0	0	0
1.955	1	1	196	6	1	24	1620	0	0	1
1.956	1	1	196	7	1	24	1620	0	0	0
1.956	1	1	196	7	1	24	1620	0	0	1
1.957	1	1	196	8	1	24	1620	0	0	0
1.957	1	1	196	8	1	24	1620	0	0	1
1.959	1	1	196	10	1	24	1620	0	0	0
1.96	1	1	197	1	1	24	1620	0	0	0
1.961	1	1	197	2	1	24	1620	0	0	0
1.962	1	1	197	3	1	24	1620	0	0	0
1.962	1	1	197	3	1	24	1620	0	0	1
1.963	1	1	197	4	1	24	1620	0	0	0
1.963	1	1	197	4	1	24	1620	0	0	1
1.964	1	1	197	5	1	24	1620	0	0	0
1.964	1	1	197	5	1	24	1620	0	0	1
1.965	1	1	197	6	1	24	1620	0	0	0
1.965	1	1	197	6	1	24	1620	0	0	1
1.966	1	1	197	7	1	24	1620	0	0	0
1.966	1	1	197	7	1	24	1620	0	0	1
1.968	1	1	197	9	1	24	1620	0	0	0
1.968	1	1	197	9	1	24	1620	0	0	1
1.969	1	1	197	10	1	24	1620	0	0	0
1.969	1	1	197	10	1	24	1620	0	0	1
1.97	1	1	198	1	1	24	1620	0	0	0
1.97	1	1	198	1	1	24	1620	0	0	1
1.971	1	1	198	2	1	24	1620	0	0	0
1.971	1	1	198	2	1	24	1620	0	0	1
1.972	1	1	198	3	1	24	1620	0	0	0
1.972	1	1	198	3	1	24	1620	0	0	1
1.973	1	1	198	4	1	24	1620	0	0	0
1.973	1	1	198	4	1	24	1620	0	0	1
1.974	1	1	198	5	1	22	1383	0	0	0
1.974	1	1	198	5	1	22	1383	0	0	1
1.975	1	1	198	6	1	22	1383	0	0	0
1.976	1	1	198	7	1	22	1383	0	0	0
1.977	1	1	198	8	1	22	1383	0	0	0
1.978	1	1	198	9	1	22	1383	0	0	0
1.978	1	1	198	9	1	22	1383	0	0	1
1.979	1	1	198	10	1	22	1383	0	0	0
1.98	1	1	199	1	1	22	1383	0	0	0
1.98	1	1	199	1	1	22	1383	0	0	1
1.981	1	1	199	2	1	22	1383	0	0	0
1.981	1	1	199	2	1	22	1383	0	0	1
1.982	1	1	199	3	1	22	1383	0	0	0
1.982	1	1	199	3	1	22	1383	0	0	1
1.983	1	1	199	4	1	22	1383	0	0	0
1.983	1	1	199	4	1	22	1383	0	0	1
1.984	1	1	199	5	1	20	1191	0	0	0
1.984	1	1	199	5	1	20	1191	0	0	1
1.985	1	1	199	6	1	20	1191	0	0	0
1.985	1	1	199	6	1	20	1191	0	0	1
1.987	1	1	199	8	1	20	1191	0	0	0
1.987	1	1	199	8	1	20	1191	0	0	1
1.988	1	1	199	9	1	20	1191	0	0	0
1.988	1	1	199	9	1	20	1191	0	0	1
1.989	1	1	199	10	1	20	1191	0	0	0
1.989	1	1	199	10	1	20	1191	0	0	1
1.99	1	1	200	1	1	20	1191	0	0	0
1.99	1	1	200	1	1	20	1191	0	0	1
1.991	1	1	200	2	1	20	1191	0	0	0
1.991	1	1	200	2	1	20	1191	0	0	1
1.992	1	1	200	3	1	20	1191	0	0	0
1.992	1	1	200	3	1	20	1191	0	0	1
1.993	1	1	200	4	1	20	1191	0	0	0
1.993	1	1	200	4	1	20	1191	0	0	1
1.994	1	1	200	5	1	20	1191	0	0	0
1.994	1	1	200	5	1	20	1191	0	0	1
1.995	1	1	200	6	1	20	1191	0	0	0
1.995	1	1	200	6	1	20	1191	0	0	1
1.996	1	1	200	7	1	20	1191	0	0	0
1.996	1	1	200	7	1	20	1191	0	0	1
1.997	1	1	200	8	1	20	1191	0	0	0
1.997	1	1	200	8	1	20	1191	0	0	1
1.998	1	1	200	9	1	20	1191	0	0	0
1.998	1	1	200	9	1	20	1191	0	0	1
1.999	1	1	200	10	1	20	1191	0	0	0
1.999	1	1	200	10	1	20	1191	0	0	1
2	1	1	201	1	1	20	1191	0	0	0
2	1	1	201	1	1	20	1191	0	0	1
2.001	1	1	201	2	1	20	1191	0	0	0
2.001	1	1	201	2	1	20	1191	0	0	1
2.002	1	1	201	3	1	20	1191	0	0	0
2.002	1	1	201	3	1	20	1191	0	0	1
2.003	1	1	201	4	1	20	1191	0	0	0
2.003	1	1	201	4	1	20	1191	0	0	1
2.005	1	1	201	6	1	20	1191	0	0	0
2.005	1	1	201	6	1	20	1191	0	0	1
2.006	1	1	201	7	1	24	1620	0	0	0
2.006	1	1	201	7	1	24	1620	0	0	1
2.007	1	1	201	8	1	24	1620	0	0	0
2.007	1	1	201	8	1	24	1620	0	0	1
2.008	1	1	201	9	1	24	1620	0	0	0
2.008	1	1	201	9	1	24	1620	0	0	1
2.009	1	1	201	10	1	24	1620	0	0	0
2.009	1	1	201	10	1	24	1620	0	0	1
2.01	1	1	202	1	1	24	1620	0	0	0
2.01	1	1	202	1	1	24	1620	0	0	1
2.011	1	1	202	2	1	24	1620	0	0	0
2.011	1	1	202	2	1	24	1620	0	0	1
2.012	1	1	202	3	1	24	1620	0	0	0
2.012	1	1	202	3	1	24	1620	0	0	1
2.013	1	1	202	4	1	24	1620	0	0	0
2.013	1	1	202	4	1	24	1620	0	0	1
2.015	1	1	202	6	1	24	1620	0	0	0
2.015	1	1	202	6	1	24	1620	0	0	1
2.016	1	1	202	7	1	26	1836	0	0	0
2.016	1	1	202	7	1	26	1836	0	0	1
2.017	1	1	202	8	1	26	1836	0	0	0
2.017	1	1	202	8	1	26	1836	0	0	1
2.018	1	1	202	9	1	26	1836	0	0	0
2.018	1	1	202	9	1	26	1836	0	0	1
2.019	1	1	202	10	1	26	1836	0	0	0
2.019	1	1	202	10	1	26	1836	0	0	1
2.02	1	1	203	1	1	26	1836	0	0	0
2.02	1	1	203	1	1	26	1836	0	0	1
2.021	1	1	203	2	1	26	1836	0	0	0
2.021	1	1	203	2	1	26	1836	0	0	1
2.022	1	1	203	3	1	26	1836	0	0	0
2.023	1	1	203	4	1	26	1836	0	0	0
2.024	1	1	203	5	1	26	1836	0	0	0
2.025	1	1	203	6	1	26	1836	0	0	0
2.025	1	1	203	6	1	26	1836	0	0	1
2.026	1	1	203	7	1	26	1836	0	0	0
2.027	1	1	203	8	1	26	1836	0	0	0
2.027	1	1	203	8	1	26	1836	0	0	1
2.028	1	1	203	9	1	26	1836	0	0	0
2.028	1	1	203	9	1	26	1836	0	0	1
2.029	1	1	203	10	1	26	1836	0	0	0
2.029	1	1	203	10	1	26	1836	0	0	1
2.03	1	1	204	1	1	26	1836	0	0	0
2.03	1	1	204	1	1	26	1836	0	0	1
2.031	1	1	204	2	1	26	1836	0	0	0
2.031	1	1	204	2	1	26	1836	0	0	1
2.033	1	1	204	4	1	26	1836	0	0	0
2.033	1	1	204	4	1	26	1836	0	0	1
2.034	1	1	204	5	1	26	1836	0	0	0
2.034	1	1	204	5	1	26	1836	0	0	1
2.035	1	1	204	6	1	26	1836	0	0	0
2.035	1	1	204	6	1	26	1836	0	0	1
2.036	1	1	204	7	1	26	1836	0	0	0
2.036	1	1	204	7	1	26	1836	0	0	1
2.037	1	1	204	8	1	26	1836	0	0	0
2.037	1	1	204	8	1	26	1836	0	0	1
2.038	1	1	204	9	1	26	1836	0	0	0
2.039	1	1	204	10	1	26	1836	0	0	0
2.04	1	1	205	1	1	26	1836	0	0	0
2.041	1	1	205	2	1	26	1836	0	0	0
2.041	1	1	205	2	1	26	1836	0	0	1
2.042	1	1	205	3	1	26	1836	0	0	0
2.042	1	1	205	3	1	26	1836	0	0	1
2.043	1	1	205	4	1	26	1836	0	0	0
2.043	1	1	205	4	1	26	1836	0	0	1
2.044	1	1	205	5	1	26	1836	0	0	0
2.045	1	1	205	6	1	26	1836	0	0	0
2.045	1	1	205	6	1	26	1836	0	0	1
2.046	1	1	205	7	1	26	1836	0	0	0
2.046	1	1	205	7	1	26	1836	0	0	1
2.047	1	1	205	8	1	26	1836	0	0	0
2.047	1	1	205	8	1	26	1836	0	0	1
2.048	1	1	205	9	1	26	1836	0	0	0
2.048	1	1	205	9	1	26	1836	0	0	1
2.049	1	1	205	10	1	26	1836	0	0	0
2.049	1	1	205	10	1	26	1836	0	0	1
2.05	1	1	206	1	1	26	1836	0	0	0
2.05	1	1	206	1	1	26	1836	0	0	1
2.052	1	1	206	3	1	26	1836	0	0	0
2.052	1	1	206	3	1	26	1836	0	0	1
2.053	1	1	206	4	1	26	1836	0	0	0
2.054	1	1	206	5	1	26	1836	0	0	0
2.055	1	1	206	6	1	26	1836	0	0	0
2.055	1	1	206	6	1	26	1836	0	0	1
2.056	1	1	206	7	1	26	1836	0	0	0
2.057	1	1	206	8	1	26	1836	0	0	0
2.057	1	1	206	8	1	26	1836	0	0	1
2.058	1	1	206	9	1	26	1836	0	0	0
2.058	1	1	206	9	1	26	1836	0	0	1
2.059	1	1	206	10	1	26	1836	0	0	0
2.059	1	1	206	10	1	26	1836	0	0	1
2.061	1	1	207	2	1	26	1836	0	0	0
2.061	1	1	207	2	1	26	1836	0	0	1
2.062	1	1	207	3	1	26	1836	0	0	0
2.062	1	1	207	3	1	26	1836	0	0	1
2.063	1	1	207	4	1	26	1836	0	0	0
2.063	1	1	207	4	1	26	1836	0	0	1
2.064	1	1	207	5	1	26	1836	0	0	0
2.064	1	1	207	5	1	26	1836	0	0	1
2.065	1	1	207	6	1	26	1836	0	0	0
2.065	1	1	207	6	1	26	1836	0	0	1
2.066	1	1	207	7	1	26	1836	0	0	0
2.066	1	1	207	7	1	26	1836	0	0	1
2.067	1	1	207	8	1	26	1836	0	0	0
2.068	1	1	207	9	1	26	1836	0	0	0
2.069	1	1	207	10	1	26	1836	0	0	0
2.07	1	1	208	1	1	26	1836	0	0	0
2.07	1	1	208	1	1	26	1836	0	0	1
2.071	1	1	208	2	1	26	1836	0	0	0
2.071	1	1	208	2	1	26	1836	0	0	1
2.072	1	1	208	3	1	26	1836	0	0	0
2.073	1	1	208	4	1	26	1836	0	0	0
2.073	1	1	208	4	1	26	1836	0	0	1
2.074	1	1	208	5	1	26	1836	0	0	0
2.074	1	1	208	5	1	26	1836	0	0	1
2.075	1	1	208	6	1	26	1836	0	0	0
2.075	1	1	208	6	1	26	1836	0	0	1
2.076	1	1	208	7	1	26	1836	0	0	0
2.076	1	1	208	7	1	26	1836	0	0	1
2.077	1	1	208	8	1	26	1836	0	0	0
2.077	1	1	208	8	1	26	1836	0	0	1
2.078	1	1	208	9	1	26	1836	0	0	0
2.078	1	1	208	9	1	26	1836	0	0	1
2.08	1	1	209	1	1	26	1836	0	0	0
2.08	1	1	209	1	1	26	1836	0	0	1
2.081	1	1	209	2	1	26	1836	0	0	0
2.081	1	1	209	2	1	26	1836	0	0	1
2.082	1	1	209	3	1	26	1836	0	0	0
2.083	1	1	209	4	1	26	1836	0	0	0
2.084	1	1	209	5	1	26	1836	0	0	0
2.085	1	1	209	6	1	26	1836	0	0	0
2.085	1	1	209	6	1	26	1836	0	0	1
2.086	1	1	209	7	1	24	1620	0	0	0
2.086	1	1	209	7	1	24	1620	0	0	1
2.087	1	1	209	8	1	24	1620	0	0	0
2.087	1	1	209	8	1	24	1620	0	0	1
2.088	1	1	209	9	1	24	1620	0	0	0
2.088	1	1	209	9	1	24	1620	0	0	1
2.089	1	1	209	10	1	24	1620	0	0	0
2.089	1	1	209	10	1	24	1620	0	0	1
2.09	1	1	210	1	1	24	1620	0	0	0
2.09	1	1	210	1	1	24	1620	0	0	1
2.091	1	1	210	2	1	24	1620	0	0	0
2.092	1	1	210	3	1	24	1620	0	0	0
2.092	1	1	210	3	1	24	1620	0	0	1
2.093	1	1	210	4	1	24	1620	0	0	0
2.093	1	1	210	4	1	24	1620	0	0	1
2.094	1	1	210	5	1	24	1620	0	0	0
2.094	1	1	210	5	1	24	1620	0	0	1
2.095	1	1	210	6	1	24	1620	0	0	0
2.095	1	1	210	6	1	24	1620	0	0	1
2.096	1	1	210	7	1	24	1620	0	0	0
2.096	1	1	210	7	1	24	1620	0	0	1
2.097	1	1	210	8	1	24	1620	0	0	0
2.099	1	1	210	10	1	24	1620	0	0	0
2.1	1	1	211	1	1	24	1620	0	0	0
2.1	1	1	211	1	1	24	1620	0	0	1
2.101	1	1	211	2	1	24	1620	0	0	0
2.101	1	1	211	2	1	24	1620	0	0	1
2.102	1	1	211	3	1	24	1620	0	0	0
2.102	1	1	211	3	1	24	1620	0	0	1
2.103	1	1	211	4	1	24	1620	0	0	0
2.104	1	1	211	5	1	24	1620	0	0	0
2.104	1	1	211	5	1	24	1620	0	0	1
2.105	1	1	211	6	1	24	1620	0	0	0
2.105	1	1	211	6	1	24	1620	0	0	1
2.106	1	1	211	7	1	24	1620	0	0	0
2.106	1	1	211	7	1	24	1620	0	0	1
2.108	1	1	211	9	1	24	1620	0	0	0
2.108	1	1	211	9	1	24	1620	0	0	1
2.109	1	1	211	10	1	24	1620	0	0	0
2.109	1	1	211	10	1	24	1620	0	0	1
2.11	1	1	212	1	1	24	1620	0	0	0
2.11	1	1	212	1	1	24	1620	0	0	1
2.111	1	1	212	2	1	24	1620	0	0	0
2.111	1	1	212	2	1	24	1620	0	0	1
2.112	1	1	212	3	1	24	1620	0	0	0
2.112	1	1	212	3	1	24	1620	0	0	1
2.113	1	1	212	4	1	24	1620	0	0	0
2.113	1	1	212	4	1	24	1620	0	0	1
2.114	1	1	212	5	1	24	1620	0	0	0
2.114	1	1	212	5	1	24	1620	0	0	1
2.115	1	1	212	6	1	24	1620	0	0	0
2.117	1	1	212	8	1	24	1620	0	0	0
2.118	1	1	212	9	1	24	1620	0	0	0
2.118	1	1	212	9	1	24	1620	0	0	1
2.119	1	1	212	10	1	24	1620	0	0	0
2.12	1	1	213	1	1	24	1620	0	0	0
2.12	1	1	213	1	1	24	1620	0	0	1
2.121	1	1	213	2	1	24	1620	0	0	0
2.121	1	1	213	2	1	24	1620	0	0	1
2.122	1	1	213	3	1	24	1620	0	0	0
2.122	1	1	213	3	1	24	1620	0	0	1
2.123	1	1	213	4	1	24	1620	0	0	0
2.123	1	1	213	4	1	24	1620	0	0	1
2.124	1	1	213	5	1	24	1620	0	0	0
2.124	1	1	213	5	1	24	1620	0	0	1
2.125	1	1	213	6	1	24	1620	0	0	0
2.125	1	1	213	6	1	24	1620	0	0	1
2.127	1	1	213	8	1	24	1620	0	0	0
2.127	1	1	213	8	1	24	1620	0	0	1
2.128	1	1	213	9	1	24	1620	0	0	0
2.128	1	1	213	9	1	24	1620	0	0	1
2.129	1	1	213	10	1	24	1620	0	0	0
2.129	1	1	213	10	1	24	1620	0	0	1
2.13	1	1	214	1	1	24	1620	0	0	0
2.13	1	1	214	1	1	24	1620	0	0	1
2.131	1	1	214	2	1	24	1620	0	0	0
2.131	1	1	214	2	1	24	1620	0	0	1
2.132	1	1	214	3	1	24	1620	0	0	0
2.133	1	1	214	4	1	24	1620	0	0	0
2.134	1	1	214	5	1	24	1620	0	0	0
2.135	1	1	214	6	1	24	1620	0	0	0
2.135	1	1	214	6	1	24	1620	0	0	1
2.136	1	1	214	7	1	24	1620	0	0	0
2.136	1	1	214	7	1	24	1620	0	0	1
2.137	1	1	214	8	1	24	1620	0	0	0
2.137	1	1	214	8	1	24	1620	0	0	1
2.138	1	1	214	9	1	24	1620	0	0	0
2.139	1	1	214	10	1	24	1620	0	0	0
2.139	1	1	214	10	1	24	1620	0	0	1
2.14	1	1	215	1	1	24	1620	0	0	0
2.14	1	1	215	1	1	24	1620	0	0	1
2.141	1	1	215	2	1	24	1620	0	0	0
2.141	1	1	215	2	1	24	1620	0	0	1
2.142	1	1	215	3	1	24	1620	0	0	0
2.142	1	1	215	3	1	24	1620	0	0	1
2.143	1	1	215	4	1	24	1620	0	0	0
2.143	1	1	215	4	1	24	1620	0	0	1
2.145	1	1	215	6	1	24	1620	0	0	0
2.145	1	1	215	6	1	24	1620	0	0	1
2.146	1	1	215	7	1	24	1620	0	0	0
2.146	1	1	215	7	1	24	1620	0	0	1
2.147	1	1	215	8	1	24	1620	0	0	0
2.147	1	1	215	8	1	24	1620	0	0	1
2.148	1	1	215	9	1	24	1620	0	0	0
2.149	1	1	215	10	1	24	1620	0	0	0
2.15	1	1	216	1	1	24	1620	0	0	0
2.151	1	1	216	2	1	24	1620	0	0	0
2.151	1	1	216	2	1	24	1620	0	0	1
2.152	1	1	216	3	1	26	1836	0	0	0
2.152	1	1	216	3	1	26	1836	0	0	1
2.153	1	1	216	4	1	26	1836	0	0	0
2.153	1	1	216	4	1	26	1836	0	0	1
2.154	1	1	216	5	1	26	1836	0	0	0
2.154	1	1	216	5	1	26	1836	0	0	1
2.155	1	1	216	6	1	26	1836	0	0	0
2.155	1	1	216	6	1	26	1836	0	0	1
2.156	1	1	216	7	1	26	1836	0	0	0
2.157	1	1	216	8	1	26	1836	0	0	0
2.157	1	1	216	8	1	26	1836	0	0	1
2.158	1	1	216	9	1	26	1836	0	0	0
2.158	1	1	216	9	1	26	1836	0	0	1
2.159	1	1	216	10	1	26	1836	0	0	0
2.159	1	1	216	10	1	26	1836	0	0	1
2.16	1	1	217	1	1	26	1836	0	0	0
2.16	1	1	217	1	1	26	1836	0	0	1
2.161	1	1	217	2	1	26	1836	0	0	0
2.161	1	1	217	2	1	26	1836	0	0	1
2.162	1	1	217	3	1	26	1836	0	0	0
2.162	1	1	217	3	1	26	1836	0	0	1
2.164	1	1	217	5	1	26	1836	0	0	0
2.165	1	1	217	6	1	26	1836	0	0	0
2.166	1	1	217	7	1	26	1836	0	0	0
2.166	1	1	217	7	1	26	1836	0	0	1
2.167	1	1	217	8	1	26	1836	0	0	0
2.167	1	1	217	8	1	26	1836	0	0	1
2.168	1	1	217	9	1	26	1836	0	0	0
2.169	1	1	217	10	1	26	1836	0	0	0
2.169	1	1	217	10	1	26	1836	0	0	1
2.17	1	1	218	1	1	26	1836	0	0	0
2.17	1	1	218	1	1	26	1836	0	0	1
2.171	1	1	218	2	1	26	1836	0	0	0
2.171	1	1	218	2	1	26	1836	0	0	1
2.173	1	1	218	4	1	26	1836	0	0	0
2.173	1	1	218	4	1	26	1836	0	0	1
2.174	1	1	218	5	1	26	1836	0	0	0
2.174	1	1	218	5	1	26	1836	0	0	1
2.175	1	1	218	6	1	26	1836	0	0	0
2.175	1	1	218	6	1	26	1836	0	0	1
2.176	1	1	218	7	1	26	1836	0	0	0
2.176	1	1	218	7	1	26	1836	0	0	1
2.177	1	1	218	8	1	26	1836	0	0	0
2.177	1	1	218	8	1	26	1836	0	0	1
2.178	1	1	218	9	1	26	1836	0	0	0
2.178	1	1	218	9	1	26	1836	0	0	1
2.179	1	1	218	10	1	26	1836	0	0	0
2.179	1	1	218	10	1	26	1836	0	0	1
2.18	1	1	219	1	1	26	1836	0	0	0
2.181	1	1	219	2	1	26	1836	0	0	0
2.182	1	1	219	3	1	26	1836	0	0	0
2.183	1	1	219	4	1	26	1836	0	0	0
2.183	1	1	219	4	1	26	1836	0	0	1
2.184	1	1	219	5	1	26	1836	0	0	0
2.185	1	1	219	6	1	26	1836	0	0	0
2.185	1	1	219	6	1	26	1836	0	0	1
2.186	1	1	219	7	1	26	1836	0	0	0
2.186	1	1	219	7	1	26	1836	0	0	1
2.187	1	1	219	8	1	26	1836	0	0	0
2.187	1	1	219	8	1	26	1836	0	0	1
2.188	1	1	219	9	1	26	1836	0	0	0
2.188	1	1	219	9	1	26	1836	0	0	1
2.189	1	1	219	10	1	26	1836	0	0	0
2.189	1	1	219	10	1	26	1836	0	0	1
2.19	1	1	220	1	1	26	1836	0	0	0
2.19	1	1	220	1	1	26	1836	0	0	1
2.192	1	1	220	3	1	26	1836	0	0	0
2.192	1	1	220	3	1	26	1836	0	0	1
2.193	1	1	220	4	1	26	1836	0	0	0
2.193	1	1	220	4	1	26	1836	0	0	1
2.194	1	1	220	5	1	26	1836	0	0	0
2.194	1	1	220	5	1	26	1836	0	0	1
2.195	1	1	220	6	1	26	1836	0	0	0
2.195	1	1	220	6	1	26	1836	0	0	1
2.196	1	1	220	7	1	26	1836	0	0	0
2.197	1	1	220	8	1	26	1836	0	0	0
2.198	1	1	220	9	1	26	1836	0	0	0
2.199	1	1	220	10	1	26	1836	0	0	0
2.199	1	1	220	10	1	26	1836	0	0	1
2.2	1	1	221	1	1	26	1836	0	0	0
2.2	1	1	221	1	1	26	1836	0	0	1
2.201	1	1	221	2	1	26	1836	0	0	0
2.201	1	1	221	2	1	26	1836	0	0	1
2.202	1	1	221	3	1	24	1620	0	0	0
2.202	1	1	221	3	1	24	1620	0	0	1
2.203	1	1	221	4	1	24	1620	0	0	0
2.204	1	1	221	5	1	24	1620	0	0	0
2.204	1	1	221	5	1	24	1620	0	0	1
2.205	1	1	221	6	1	24	1620	0	0	0
2.205	1	1	221	6	1	24	1620	0	0	1
2.206	1	1	221	7	1	24	1620	0	0	0
2.206	1	1	221	7	1	24	1620	0	0	1
2.207	1	1	221	8	1	24	1620	0	0	0
2.207	1	1	221	8	1	24	1620	0	0	1
2.208	1	1	221	9	1	24	1620	0	0	0
2.208	1	1	221	9	1	24	1620	0	0	1
2.209	1	1	221	10	1	24	1620	0	0	0
2.209	1	1	221	10	1	24	1620	0	0	1
2.211	1	1	222	2	1	24	1620	0	0	0
2.212	1	1	222	3	1	24	1620	0	0	0
2.213	1	1	222	4	1	24	1620	0	0	0
2.213	1	1	222	4	1	24	1620	0	0	1
2.214	1	1	222	5	1	24	1620	0	0	0
2.214	1	1	222	5	1	24	1620	0	0	1
2.215	1	1	222	6	1	24	1620	0	0	0
2.216	1	1	222	7	1	24	1620	0	0	0
2.216	1	1	222	7	1	24	1620	0	0	1
2.217	1	1	222	8	1	24	1620	0	0	0
2.217	1	1	222	8	1	24	1620	0	0	1
2.218	1	1	222	9	1	24	1620	0	0	0
2.218	1	1	222	9	1	24	1620	0	0	1
2.22	1	1	223	1	1	24	1620	0	0	0
2.22	1	1	223	1	1	24	1620	0	0	1
2.221	1	1	223	2	1	24	1620	0	0	0
2.221	1	1	223	2	1	24	1620	0	0	1
2.222	1	1	223	3	1	22	1383	0	0	0
2.222	1	1	223	3	1	22	1383	0	0	1
2.223	1	1	223	4	1	22	1383	0	0	0
2.223	1	1	223	4	1	22	1383	0	0	1
2.224	1	1	223	5	1	22	1383	0	0	0
2.224	1	1	223	5	1	22	1383	0	0	1
2.225	1	1	223	6	1	22	1383	0	0	0
2.225	1	1	223	6	1	22	1383	0	0	1
2.226	1	1	223	7	1	22	1383	0	0	0
2.227	1	1	223	8	1	22	1383	0	0	0
2.228	1	1	223	9	1	22	1383	0	0	0
2.229	1	1	223	10	1	22	1383	0	0	0
2.229	1	1	223	10	1	22	1383	0	0	1
2.23	1	1	224	1	1	20	1191	0	0	0
2.23	1	1	224	1	1	20	1191	0	0	1
2.231	1	1	224	2	1	20	1191	0	0	0
2.231	1	1	224	2	1	20	1191	0	0	1
2.232	1	1	224	3	1	20	1191	0	0	0
2.232	1	1	224	3	1	20	1191	0	0	1
2.233	1	1	224	4	1	20	1191	0	0	0
2.233	1	1	224	4	1	20	1191	0	0	1
2.234	1	1	224	5	1	20	1191	0	0	0
2.234	1	1	224	5	1	20	1191	0	0	1
2.235	1	1	224	6	1	20	1191	0	0	0
2.235	1	1	224	6	1	20	1191	0	0	1
2.236	1	1	224	7	1	20	1191	0	0	0
2.236	1	1	224	7	1	20	1191	0	0	1
2.237	1	1	224	8	1	20	1191	0	0	0
2.237	1	1	224	8	1	20	1191	0	0	1
2.239	1	1	224	10	1	20	1191	0	0	0
2.239	1	1	224	10	1	20	1191	0	0	1
2.24	1	1	225	1	1	22	1383	0	0	0
2.24	1	1	225	1	1	22	1383	0	0	1
2.241	1	1	225	2	1	22	1383	0	0	0
2.241	1	1	225	2	1	22	1383	0	0	1
2.242	1	1	225	3	1	22	1383	0	0	0
2.242	1	1	225	3	1	22	1383	0	0	1
2.243	1	1	225	4	1	22	1383	0	0	0
2.243	1	1	225	4	1	22	1383	0	0	1
2.244	1	1	225	5	1	22	1383	0	0	0
2.244	1	1	225	5	1	22	1383	0	0	1
2.245	1	1	225	6	1	22	1383	0	0	0
2.245	1	1	225	6	1	22	1383	0	0	1
2.246	1	1	225	7	1	22	1383	0	0	0
2.246	1	1	225	7	1	22	1383	0	0	1
2.247	1	1	225	8	1	22	1383	0	0	0
2.247	1	1	225	8	1	22	1383	0	0	1
2.248	1	1	225	9	1	22	1383	0	0	0
2.248	1	1	225	9	1	22	1383	0	0	1
2.249	1	1	225	10	1	22	1383	0	0	0
2.249	1	1	225	10	1	22	1383	0	0	1
2.25	1	1	226	1	1	22	1383	0	0	0
2.25	1	1	226	1	1	22	1383	0	0	1
2.251	1	1	226	2	1	22	1383	0	0	0
2.251	1	1	226	2	1	22	1383	0	0	1
2.252	1	1	226	3	1	22	1383	0	0	0
2.252	1	1	226	3	1	22	1383	0	0	1
2.253	1	1	226	4	1	22	1383	0	0	0
2.253	1	1	226	4	1	22	1383	0	0	1
2.254	1	1	226	5	1	24	1620	0	0	0
2.254	1	1	226	5	1	24	1620	0	0	1
2.255	1	1	226	6	1	24	1620	0	0	0
2.255	1	1	226	6	1	24	1620	0	0	1
2.257	1	1	226	8	1	24	1620	0	0	0
2.257	1	1	226	8	1	24	1620	0	0	1
2.258	1	1	226	9	1	24	1620	0	0	0
2.258	1	1	226	9	1	24	1620	0	0	1
2.259	1	1	226	10	1	24	1620	0	0	0
2.259	1	1	226	10	1	24	1620	0	0	1
2.26	1	1	227	1	1	24	1620	0	0	0
2.26	1	1	227	1	1	24	1620	0	0	1
2.261	1	1	227	2	1	24	1620	0	0	0
2.261	1	1	227	2	1	24	1620	0	0	1
2.262	1	1	227	3	1	24	1620	0	0	0
2.262	1	1	227	3	1	24	1620	0	0	1
2.263	1	1	227	4	1	24	1620	0	0	0
2.264	1	1	227	5	1	24	1620	0	0	0
2.265	1	1	227	6	1	24	1620	0	0	0
2.266	1	1	227	7	1	24	1620	0	0	1
2.267	1	1	227	8	1	24	1620	0	0	0
2.267	1	1	227	8	1	24	1620	0	0	1
2.268	1	1	227	9	1	26	1836	0	0	0
2.268	1	1	227	9	1	26	1836	0	0	1
2.269	1	1	227	10	1	26	1836	0	0	0
2.269	1	1	227	10	1	26	1836	0	0	1
2.27	1	1	228	1	1	26	1836	0	0	0
2.27	1	1	228	1	1	26	1836	0	0	1
2.271	1	1	228	2	1	26	1836	0	0	0
2.271	1	1	228	2	1	26	1836	0	0	1
2.272	1	1	228	3	1	26	1836	0	0	0
2.272	1	1	228	3	1	26	1836	0	0	1
2.273	1	1	228	4	1	26	1836	0	0	0
2.273	1	1	228	4	1	26	1836	0	0	1
2.274	1	1	228	5	1	26	1836	0	0	0
2.274	1	1	228	5	1	26	1836	0	0	1
2.276	1	1	228	7	1	26	1836	0	0	0
2.277	1	1	228	8	1	26	1836	0	0	0
2.278	1	1	228	9	1	26	1836	0	0	0
2.279	1	1	228	10	1	26	1836	0	0	0
2.279	1	1	228	10	1	26	1836	0	0	1
2.28	1	1	229	1	1	26	1836	0	0	0
2.28	1	1	229	1	1	26	1836	0	0	1
2.281	1	1	229	2	1	26	1836	0	0	0
2.281	1	1	229	2	1	26	1836	0	0	1
2.282	1	1	229	3	1	26	1836	0	0	0
2.282	1	1	229	3	1	26	1836	0	0	1
2.283	1	1	229	4	1	26	1836	0	0	0
2.283	1	1	229	4	1	26	1836	0	0	1
2.285	1	1	229	6	1	26	1836	0	0	0
2.285	1	1	229	6	1	26	1836	0	0	1
2.286	1	1	229	7	1	26	1836	0	0	0
2.286	1	1	229	7	1	26	1836	0	0	1
2.287	1	1	229	8	1	26	1836	0	0	0
2.287	1	1	229	8	1	26	1836	0	0	1
2.288	1	1	229	9	1	26	1836	0	0	0
2.288	1	1	229	9	1	26	1836	0	0	1
2.289	1	1	229	10	1	26	1836	0	0	0
2.289	1	1	229	10	1	26	1836	0	0	1
2.29	1	1	230	1	1	26	1836	0	0	0
2.291	1	1	230	2	1	26	1836	0	0	0
2.292	1	1	230	3	1	26	1836	0	0	0
2.293	1	1	230	4	1	26	1836	0	0	0
2.293	1	1	230	4	1	26	1836	0	0	1
2.294	1	1	230	5	1	26	1836	0	0	0
2.294	1	1	230	5	1	26	1836	0	0	1
2.295	1	1	230	6	1	26	1836	0	0	0
2.295	1	1	230	6	1	26	1836	0	0	1
2.296	1	1	230	7	1	26	1836	0	0	0
2.297	1	1	230	8	1	26	1836	0	0	0
2.297	1	1	230	8	1	26	1836	0	0	1
2.298	1	1	230	9	1	26	1836	0	0	0
2.298	1	1	230	9	1	26	1836	0	0	1
2.299	1	1	230	10	1	26	1836	0	0	0
2.299	1	1	230	10	1	26	1836	0	0	1
2.3	1	1	231	1	1	26	1836	0	0	0
2.3	1	1	231	1	1	26	1836	0	0	1
2.301	1	1	231	2	1	26	1836	0	0	0
2.301	1	1	231	2	1	26	1836	0	0	1
2.302	1	1	231	3	1	26	1836	0	0	0
2.302	1	1	231	3	1	26	1836	0	0	1
2.304	1	1	231	5	1	26	1836	0	0	0
2.304	1	1	231	5	1	26	1836	0	0	1
2.305	1	1	231	6	1	26	1836	0	0	0
2.305	1	1	231	6	1	26	1836	0	0	1
2.306	1	1	231	7	1	26	1836	0	0	0
2.307	1	1	231	8	1	26	1836	0	0	0
2.308	1	1	231	9	1	26	1836	0	0	0
2.309	1	1	231	10	1	26	1836	0	0	0
2.309	1	1	231	10	1	26	1836	0	0	1
2.31	1	1	232	1	1	26	1836	0	0	0
2.31	1	1	232	1	1	26	1836	0	0	1
2.311	1	1	232	2	1	26	1836	0	0	0
2.311	1	1	232	2	1	26	1836	0	0	1
2.312	1	1	232	3	1	26	1836	0	0	0
2.312	1	1	232	3	1	26	1836	0	0	1
2.313	1	1	232	4	1	26	1836	0	0	0
2.313	1	1	232	4	1	26	1836	0	0	1
2.314	1	1	232	5	1	26	1836	0	0	0
2.314	1	1	232	5	1	26	1836	0	0	1
2.315	1	1	232	6	1	26	1836	0	0	0
2.316	1	1	232	7	1	26	1836	0	0	0
2.316	1	1	232	7	1	26	1836	0	0	1
2.317	1	1	232	8	1	26	1836	0	0	0
2.317	1	1	232	8	1	26	1836	0	0	1
2.318	1	1	232	9	1	26	1836	0	0	0
2.318	1	1	232	9	1	26	1836	0	0	1
2.319	1	1	232	10	1	26	1836	0	0	0
2.319	1	1	232	10	1	26	1836	0	0	1
2.32	1	1	233	1	1	26	1836	0	0	0
2.32	1	1	233	1	1	26	1836	0	0	1
2.321	1	1	233	2	1	26	1836	0	0	0
2.323	1	1	233	4	1	26	1836	0	0	0
2.324	1	1	233	5	1	24	1620	0	0	0
2.324	1	1	233	5	1	24	1620	0	0	1
2.325	1	1	233	6	1	24	1620	0	0	0
2.325	1	1	233	6	1	24	1620	0	0	1
2.326	1	1	233	7	1	24	1620	0	0	0
2.326	1	1	233	7	1	24	1620	0	0	1
2.327	1	1	233	8	1	24	1620	0	0	0
2.328	1	1	233	9	1	24	1620	0	0	0
2.328	1	1	233	9	1	24	1620	0	0	1
2.329	1	1	233	10	1	24	1620	0	0	0
2.329	1	1	233	10	1	24	1620	0	0	1
2.33	1	1	234	1	1	24	1620	0	0	0
2.33	1	1	234	1	1	24	1620	0	0	1
2.332	1	1	234	3	1	24	1620	0	0	0
2.332	1	1	234	3	1	24	1620	0	0	1
2.333	1	1	234	4	1	24	1620	0	0	0
2.333	1	1	234	4	1	24	1620	0	0	1
2.334	1	1	234	5	1	24	1620	0	0	0
2.334	1	1	234	5	1	24	1620	0	0	1
2.335	1	1	234	6	1	24	1620	0	0	0
2.335	1	1	234	6	1	24	1620	0	0	1
2.336	1	1	234	7	1	24	1620	0	0	0
2.336	1	1	234	7	1	24	1620	0	0	1
2.337	1	1	234	8	1	24	1620	0	0	0
2.337	1	1	234	8	1	24	1620	0	0	1
2.338	1	1	234	9	1	24	1620	0	0	0
2.339	1	1	234	10	1	24	1620	0	0	0
2.34	1	1	235	1	1	24	1620	0	0	0
2.341	1	1	235	2	1	24	1620	0	0	0
2.341	1	1	235	2	1	24	1620	0	0	1
2.342	1	1	235	3	1	24	1620	0	0	0
2.342	1	1	235	3	1	24	1620	0	0	1
2.343	1	1	235	4	1	24	1620	0	0	0
2.344	1	1	235	5	1	24	1620	0	0	0
2.344	1	1	235	5	1	24	1620	0	0	1
2.345	1	1	235	6	1	24	1620	0	0	0
2.345	1	1	235	6	1	24	1620	0	0	1
2.346	1	1	235	7	1	24	1620	0	0	0
2.346	1	1	235	7	1	24	1620	0	0	1
2.347	1	1	235	8	1	24	1620	0	0	0
2.347	1	1	235	8	1	24	1620	0	0	1
2.348	1	1	235	9	1	24	1620	0	0	0
2.348	1	1	235	9	1	24	1620	0	0	1
2.349	1	1	235	10	1	24	1620	0	0	0
2.349	1	1	235	10	1	24	1620	0	0	1
2.351	1	1	236	2	1	24	1620	0	0	0
2.351	1	1	236	2	1	24	1620	0	0	1
2.352	1	1	236	3	1	22	1383	0	0	0
2.352	1	1	236	3	1	22	1383	0	0	1
2.353	1	1	236	4	1	22	1383	0	0	0
2.353	1	1	236	4	1	22	1383	0	0	1
2.354	1	1	236	5	1	22	1383	0	0	0
2.354	1	1	236	5	1	22	1383	0	0	1
2.355	1	1	236	6	1	22	1383	0	0	0
2.356	1	1	236	7	1	22	1383	0	0	0
2.357	1	1	236	8	1	22	1383	0	0	0
2.358	1	1	236	9	1	22	1383	0	0	0
2.358	1	1	236	9	1	22	1383	0	0	1
2.359	1	1	236	10	1	22	1383	0	0	0
2.359	1	1	236	10	1	22	1383	0	0	1
2.36	1	1	237	1	1	20	1191	0	0	0
2.36	1	1	237	1	1	20	1191	0	0	1
2.361	1	1	237	2	1	20	1191	0	0	0
2.361	1	1	237	2	1	20	1191	0	0	1
2.362	1	1	237	3	1	20	1191	0	0	0
2.362	1	1	237	3	1	20	1191	0	0	1
2.363	1	1	237	4	1	20	1191	0	0	0
2.363	1	1	237	4	1	20	1191	0	0	1
2.364	1	1	237	5	1	20	1191	0	0	0
2.364	1	1	237	5	1	20	1191	0	0	1
2.365	1	1	237	6	1	20	1191	0	0	0
2.365	1	1	237	6	1	20	1191	0	0	1
2.366	1	1	237	7	1	20	1191	0	0	0
2.366	1	1	237	7	1	20	1191	0	0	1
2.367	1	1	237	8	1	20	1191	0	0	0
2.367	1	1	237	8	1	20	1191	0	0	1
2.369	1	1	237	10	1	18	967	0	0	0
2.369	1	1	237	10	1	18	967	0	0	1
2.37	1	1	238	1	1	18	967	0	0	0
2.37	1	1	238	1	1	18	967	0	0	1
2.371	1	1	238	2	1	18	967	0	0	0
2.371	1	1	238	2	1	18	967	0	0	1
2.372	1	1	238	3	1	18	967	0	0	0
2.372	1	1	238	3	1	18	967	0	0	1
2.373	1	1	238	4	1	18	967	0	0	0
2.373	1	1	238	4	1	18	967	0	0	1
2.374	1	1	238	5	1	18	967	0	0	0
2.374	1	1	238	5	1	18	967	0	0	1
2.375	1	1	238	6	1	18	967	0	0	0
2.375	1	1	238	6	1	18	967	0	0	1
2.376	1	1	238	7	1	18	967	0	0	0
2.376	1	1	238	7	1	18	967	0	0	1
2.377	1	1	238	8	1	18	967	0	0	0
2.377	1	1	238	8	1	18	967	0	0	1
2.378	1	1	238	9	1	18	967	0	0	0
2.378	1	1	238	9	1	18	967	0	0	1
2.379	1	1	238	10	1	18	967	0	0	0
2.379	1	1	238	10	1	18	967	0	0	1
2.38	1	1	239	1	1	18	967	0	0	0
2.38	1	1	239	1	1	18	967	0	0	1
2.381	1	1	239	2	1	18	967	0	0	0
2.381	1	1	239	2	1	18	967	0	0	1
2.382	1	1	239	3	1	18	967	0	0	0
2.382	1	1	239	3	1	18	967	0	0	1
2.383	1	1	239	4	1	18	967	0	0	0
2.383	1	1	239	4	1	18	967	0	0	1
2.384	1	1	239	5	1	18	967	0	0	0
2.384	1	1	239	5	1	18	967	0	0	1
2.385	1	1	239	6	1	18	967	0	0	0
2.385	1	1	239	6	1	18	967	0	0	1
2.386	1	1	239	7	1	20	1191	0	0	0
2.386	1	1	239	7	1	20	1191	0	0	1
2.388	1	1	239	9	1	20	1191	0	0	0
2.388	1	1	239	9	1	20	1191	0	0	1
2.389	1	1	239	10	1	20	1191	0	0	0
2.389	1	1	239	10	1	20	1191	0	0	1
2.39	1	1	240	1	1	20	1191	0	0	0
2.39	1	1	240	1	1	20	1191	0	0	1
2.391	1	1	240	2	1	20	1191	0	0	0
2.391	1	1	240	2	1	20	1191	0	0	1
2.392	1	1	240	3	1	20	1191	0	0	0
2.392	1	1	240	3	1	20	1191	0	0	1
2.393	1	1	240	4	1	20	1191	0	0	0
2.393	1	1	240	4	1	20	1191	0	0	1
2.394	1	1	240	5	1	20	1191	0	0	0
2.394	1	1	240	5	1	20	1191	0	0	1
2.395	1	1	240	6	1	20	1191	0	0	0
2.395	1	1	240	6	1	20	1191	0	0	1
2.397	1	1	240	8	1	20	1191	0	0	0
2.397	1	1	240	8	1	20	1191	0	0	1
2.398	1	1	240	9	1	22	1383	0	0	0
2.398	1	1	240	9	1	22	1383	0	0	1
2.399	1	1	240	10	1	22	1383	0	0	0
2.399	1	1	240	10	1	22	1383	0	0	1
2.4	1	1	241	1	1	22	1383	0	0	0
2.4	1	1	241	1	1	22	1383	0	0	1
2.401	1	1	241	2	1	22	1383	0	0	0
2.401	1	1	241	2	1	22	1383	0	0	1
2.402	1	1	241	3	1	22	1383	0	0	0
2.402	1	1	241	3	1	22	1383	0	0	1
2.403	1	1	241	4	1	22	1383	0	0	0
2.403	1	1	241	4	1	22	1383	0	0	1
2.404	1	1	241	5	1	22	1383	0	0	0
2.404	1	1	241	5	1	22	1383	0	0	1
2.405	1	1	241	6	1	22	1383	0	0	0
2.405	1	1	241	6	1	22	1383	0	0	1
2.406	1	1	241	7	1	22	1383	0	0	0
2.406	1	1	241	7	1	22	1383	0	0	1
2.407	1	1	241	8	1	22	1383	0	0	0
2.407	1	1	241	8	1	22	1383	0	0	1
2.408	1	1	241	9	1	22	1383	0	0	0
2.408	1	1	241	9	1	22	1383	0	0	1
2.409	1	1	241	10	1	22	1383	0	0	0
2.409	1	1	241	10	1	22	1383	0	0	1
2.41	1	1	242	1	1	22	1383	0	0	0
2.41	1	1	242	1	1	22	1383	0	0	1
2.411	1	1	242	2	1	22	1383	0	0	0
2.411	1	1	242	2	1	22	1383	0	0	1
2.412	1	1	242	3	1	22	1383	0	0	0
2.412	1	1	242	3	1	22	1383	0	0	1
2.413	1	1	242	4	1	22	1383	0	0	0
2.413	1	1	242	4	1	22	1383	0	0	1
2.414	1	1	242	5	1	22	1383	0	0	0
2.414	1	1	242	5	1	22	1383	0	0	1
2.416	1	1	242	7	1	22	1383	0	0	0
2.416	1	1	242	7	1	22	1383	0	0	1
2.417	1	1	242	8	1	22	1383	0	0	0
2.417	1	1	242	8	1	22	1383	0	0	1
2.418	1	1	242	9	1	22	1383	0	0	0
2.418	1	1	242	9	1	22	1383	0	0	1
2.419	1	1	242	10	1	22	1383	0	0	0
2.419	1	1	242	10	1	22	1383	0	0	1
2.42	1	1	243	1	1	22	1383	0	0	0
2.42	1	1	243	1	1	22	1383	0	0	1
2.421	1	1	243	2	1	22	1383	0	0	0
2.421	1	1	243	2	1	22	1383	0	0	1
2.422	1	1	243	3	1	22	1383	0	0	0
2.422	1	1	243	3	1	22	1383	0	0	1
2.423	1	1	243	4	1	22	1383	0	0	0
2.423	1	1	243	4	1	22	1383	0	0	1
2.424	1	1	243	5	1	22	1383	0	0	0
2.424	1	1	243	5	1	22	1383	0	0	1
2.425	1	1	243	6	1	22	1383	0	0	0
2.425	1	1	243	6	1	22	1383	0	0	1
2.426	1	1	243	7	1	24	1620	0	0	0
2.426	1	1	243	7	1	24	1620	0	0	1
2.427	1	1	243	8	1	24	1620	0	0	0
2.427	1	1	243	8	1	24	1620	0	0	1
2.428	1	1	243	9	1	24	1620	0	0	0
2.428	1	1	243	9	1	24	1620	0	0	1
2.429	1	1	243	10	1	24	1620	0	0	0
2.429	1	1	243	10	1	24	1620	0	0	1
2.43	1	1	244	1	1	24	1620	0	0	0
2.43	1	1	244	1	1	24	1620	0	0	1
2.431	1	1	244	2	1	24	1620	0	0	0
2.431	1	1	244	2	1	24	1620	0	0	1
2.432	1	1	244	3	1	24	1620	0	0	0
2.432	1	1	244	3	1	24	1620	0	0	1
2.433	1	1	244	4	1	24	1620	0	0	0
2.433	1	1	244	4	1	24	1620	0	0	1
2.435	1	1	244	6	1	24	1620	0	0	0
2.436	1	1	244	7	1	24	1620	0	0	0
2.437	1	1	244	8	1	24	1620	0	0	0
2.438	1	1	244	9	1	24	1620	0	0	0
2.438	1	1	244	9	1	24	1620	0	0	1
2.439	1	1	244	10	1	24	1620	0	0	0
2.439	1	1	244	10	1	24	1620	0	0	1
2.44	1	1	245	1	1	24	1620	0	0	0
2.44	1	1	245	1	1	24	1620	0	0	1
2.441	1	1	245	2	1	24	1620	0	0	0
2.441	1	1	245	2	1	24	1620	0	0	1
2.442	1	1	245	3	1	24	1620	0	0	0
2.442	1	1	245	3	1	24	1620	0	0	1
2.444	1	1	245	5	1	24	1620	0	0	0
2.444	1	1	245	5	1	24	1620	0	0	1
2.445	1	1	245	6	1	24	1620	0	0	0
2.445	1	1	245	6	1	24	1620	0	0	1
2.446	1	1	245	7	1	24	1620	0	0	0
2.446	1	1	245	7	1	24	1620	0	0	1
2.447	1	1	245	8	1	24	1620	0	0	0
2.447	1	1	245	8	1	24	1620	0	0	1
2.448	1	1	245	9	1	24	1620	0	0	0
2.448	1	1	245	9	1	24	1620	0	0	1
2.449	1	1	245	10	1	24	1620	0	0	0
2.449	1	1	245	10	1	24	1620	0	0	1
2.45	1	1	246	1	1	24	1620	0	0	0
2.45	1	1	246	1	1	24	1620	0	0	1
2.451	1	1	246	2	1	24	1620	0	0	0
2.452	1	1	246	3	1	24	1620	0	0	0
2.453	1	1	246	4	1	24	1620	0	0	0
2.454	1	1	246	5	1	24	1620	0	0	0
2.454	1	1	246	5	1	24	1620	0	0	1
2.455	1	1	246	6	1	24	1620	0	0	0
2.456	1	1	246	7	1	24	1620	0	0	0
2.456	1	1	246	7	1	24	1620	0	0	1
2.457	1	1	246	8	1	24	1620	0	0	0
2.457	1	1	246	8	1	24	1620	0	0	1
2.458	1	1	246	9	1	24	1620	0	0	0
2.458	1	1	246	9	1	24	1620	0	0	1
2.459	1	1	246	10	1	24	1620	0	0	0
2.459	1	1	246	10	1	24	1620	0	0	1
2.46	1	1	247	1	1	24	1620	0	0	0
2.46	1	1	247	1	1	24	1620	0	0	1
2.461	1	1	247	2	1	24	1620	0	0	0
2.461	1	1	247	2	1	24	1620	0	0	1
2.463	1	1	247	4	1	24	1620	0	0	0
2.463	1	1	247	4	1	24	1620	0	0	1
2.464	1	1	247	5	1	24	1620	0	0	0
2.464	1	1	247	5	1	24	1620	0	0	1
2.465	1	1	247	6	1	24	1620	0	0	0
2.465	1	1	247	6	1	24	1620	0	0	1
2.466	1	1	247	7	1	24	1620	0	0	0
2.466	1	1	247	7	1	24	1620	0	0	1
2.467	1	1	247	8	1	24	1620	0	0	0
2.468	1	1	247	9	1	24	1620	0	0	0
2.469	1	1	247	10	1	24	1620	0	0	0
2.47	1	1	248	1	1	24	1620	0	0	0
2.47	1	1	248	1	1	24	1620	0	0	1
2.471	1	1	248	2	1	24	1620	0	0	0
2.471	1	1	248	2	1	24	1620	0	0	1
2.472	1	1	248	3	1	24	1620	0	0	0
2.472	1	1	248	3	1	24	1620	0	0	1
2.473	1	1	248	4	1	24	1620	0	0	0
2.473	1	1	248	4	1	24	1620	0	0	1
2.474	1	1	248	5	1	24	1620	0	0	0
2.475	1	1	248	6	1	24	1620	0	0	0
2.475	1	1	248	6	1	24	1620	0	0	1
2.476	1	1	248	7	1	24	1620	0	0	0
2.476	1	1	248	7	1	24	1620	0	0	1
2.477	1	1	248	8	1	24	1620	0	0	0
2.477	1	1	248	8	1	24	1620	0	0	1
2.478	1	1	248	9	1	24	1620	0	0	0
2.478	1	1	248	9	1	24	1620	0	0	1
2.479	1	1	248	10	1	24	1620	0	0	0
2.479	1	1	248	10	1	24	1620	0	0	1
2.481	1	1	249	2	1	24	1620	0	0	0
2.481	1	1	249	2	1	24	1620	0	0	1
2.482	1	1	249	3	1	24	1620	0	0	0
2.482	1	1	249	3	1	24	1620	0	0	1
2.483	1	1	249	4	1	24	1620	0	0	0
2.484	1	1	249	5	1	24	1620	0	0	0
2.485	1	1	249	6	1	24	1620	0	0	0
2.485	1	1	249	6	1	24	1620	0	0	1
2.486	1	1	249	7	1	24	1620	0	0	0
2.487	1	1	249	8	1	24	1620	0	0	0
2.487	1	1	249	8	1	24	1620	0	0	1
2.488	1	1	249	9	1	24	1620	0	0	0
2.488	1	1	249	9	1	24	1620	0	0	1
2.489	1	1	249	10	1	24	1620	0	0	0
2.489	1	1	249	10	1	24	1620	0	0	1
2.491	1	1	250	2	1	24	1620	0	0	0
2.491	1	1	250	2	1	24	1620	0	0	1
2.492	1	1	250	3	1	24	1620	0	0	0
2.492	1	1	250	3	1	24	1620	0	0	1
2.493	1	1	250	4	1	24	1620	0	0	0
2.493	1	1	250	4	1	24	1620	0	0	1
2.494	1	1	250	5	1	24	1620	0	0	0
2.494	1	1	250	5	1	24	1620	0	0	1
2.495	1	1	250	6	1	24	1620	0	0	0
2.495	1	1	250	6	1	24	1620	0	0	1
2.496	1	1	250	7	1	24	1620	0	0	0
2.496	1	1	250	7	1	24	1620	0	0	1
2.497	1	1	250	8	1	24	1620	0	0	0
2.497	1	1	250	8	1	24	1620	0	0	1
2.498	1	1	250	9	1	24	1620	0	0	0
2.498	1	1	250	9	1	24	1620	0	0	1
2.5	1	1	251	1	1	24	1620	0	0	0
2.501	1	1	251	2	1	24	1620	0	0	0
2.502	1	1	251	3	1	24	1620	0	0	0
2.503	1	1	251	4	1	24	1620	0	0	0
2.503	1	1	251	4	1	24	1620	0	0	1
2.504	1	1	251	5	1	24	1620	0	0	0
2.504	1	1	251	5	1	24	1620	0	0	1
2.505	1	1	251	6	1	24	1620	0	0	0
2.505	1	1	251	6	1	24	1620	0	0	1
2.506	1	1	251	7	1	22	1383	0	0	0
2.506	1	1	251	7	1	22	1383	0	0	1
2.507	1	1	251	8	1	22	1383	0	0	0
2.507	1	1	251	8	1	22	1383	0	0	1
2.509	1	1	251	10	1	22	1383	0	0	0
2.509	1	1	251	10	1	22	1383	0	0	1
2.51	1	1	252	1	1	22	1383	0	0	0
2.51	1	1	252	1	1	22	1383	0	0	1
2.511	1	1	252	2	1	22	1383	0	0	0
2.511	1	1	252	2	1	22	1383	0	0	1
2.512	1	1	252	3	1	22	1383	0	0	0
2.512	1	1	252	3	1	22	1383	0	0	1
2.513	1	1	252	4	1	22	1383	0	0	0
2.513	1	1	252	4	1	22	1383	0	0	1
2.514	1	1	252	5	1	22	1383	0	0	0
2.514	1	1	252	5	1	22	1383	0	0	1
2.515	1	1	252	6	1	22	1383	0	0	0
2.515	1	1	252	6	1	22	1383	0	0	1
2.516	1	1	252	7	1	22	1383	0	0	0
2.516	1	1	252	7	1	22	1383	0	0	1
2.517	1	1	252	8	1	22	1383	0	0	0
2.517	1	1	252	8	1	22	1383	0	0	1
2.518	1	1	252	9	1	20	1191	0	0	0
2.518	1	1	252	9	1	20	1191	0	0	1
2.519	1	1	252	10	1	20	1191	0	0	0
2.519	1	1	252	10	1	20	1191	0	0	1
2.52	1	1	253	1	1	20	1191	0	0	0
2.52	1	1	253	1	1	20	1191	0	0	1
2.521	1	1	253	2	1	20	1191	0	0	0
2.521	1	1	253	2	1	20	1191	0	0	1
2.522	1	1	253	3	1	20	1191	0	0	0
2.522	1	1	253	3	1	20	1191	0	0	1
2.523	1	1	253	4	1	20	1191	0	0	0
2.523	1	1	253	4	1	20	1191	0	0	1
2.524	1	1	253	5	1	20	1191	0	0	0
2.524	1	1	253	5	1	20	1191	0	0	1
2.525	1	1	253	6	1	20	1191	0	0	0
2.525	1	1	253	6	1	20	1191	0	0	1
2.526	1	1	253	7	1	20	1191	0	0	0
2.526	1	1	253	7	1	20	1191	0	0	1
2.528	1	1	253	9	1	20	1191	0	0	0
2.528	1	1	253	9	1	20	1191	0	0	1
2.529	1	1	253	10	1	20	1191	0	0	0
2.529	1	1	253	10	1	20	1191	0	0	1
2.53	1	1	254	1	1	20	1191	0	0	0
2.53	1	1	254	1	1	20	1191	0	0	1
2.531	1	1	254	2	1	20	1191	0	0	0
2.531	1	1	254	2	1	20	1191	0	0	1
2.532	1	1	254	3	1	20	1191	0	0	0
2.532	1	1	254	3	1	20	1191	0	0	1
2.533	1	1	254	4	1	20	1191	0	0	0
2.533	1	1	254	4	1	20	1191	0	0	1
2.534	1	1	254	5	1	20	1191	0	0	0
2.534	1	1	254	5	1	20	1191	0	0	1
2.535	1	1	254	6	1	20	1191	0	0	0
2.535	1	1	254	6	1	20	1191	0	0	1
2.536	1	1	254	7	1	20	1191	0	0	0
2.536	1	1	254	7	1	20	1191	0	0	1
2.537	1	1	254	8	1	20	1191	0	0	0
2.537	1	1	254	8	1	20	1191	0	0	1
2.538	1	1	254	9	1	20	1191	0	0	0
2.538	1	1	254	9	1	20	1191	0	0	1
2.539	1	1	254	10	1	20	1191	0	0	0
2.539	1	1	254	10	1	20	1191	0	0	1
2.54	1	1	255	1	1	20	1191	0	0	0
2.54	1	1	255	1	1	20	1191	0	0	1
2.541	1	1	255	2	1	20	1191	0	0	0
2.541	1	1	255	2	1	20	1191	0	0	1
2.542	1	1	255	3	1	20	1191	0	0	0
2.542	1	1	255	3	1	20	1191	0	0	1
2.543	1	1	255	4	1	20	1191	0	0	0
2.543	1	1	255	4	1	20	1191	0	0	1
2.544	1	1	255	5	1	20	1191	0	0	0
2.544	1	1	255	5	1	20	1191	0	0	1
2.545	1	1	255	6	1	20	1191	0	0	0
2.545	1	1	255	6	1	20	1191	0	0	1
2.547	1	1	255	8	1	20	1191	0	0	0
2.547	1	1	255	8	1	20	1191	0	0	1
2.548	1	1	255	9	1	20	1191	0	0	0
2.548	1	1	255	9	1	20	1191	0	0	1
2.549	1	1	255	10	1	20	1191	0	0	0
2.549	1	1	255	10	1	20	1191	0	0	1
2.55	1	1	256	1	1	20	1191	0	0	0
2.55	1	1	256	1	1	20	1191	0	0	1
2.551	1	1	256	2	1	20	1191	0	0	0
2.551	1	1	256	2	1	20	1191	0	0	1
2.552	1	1	256	3	1	20	1191	0	0	0
2.552	1	1	256	3	1	20	1191	0	0	1
2.553	1	1	256	4	1	20	1191	0	0	0
2.553	1	1	256	4	1	20	1191	0	0	1
2.554	1	1	256	5	1	22	1383	0	0	0
2.554	1	1	256	5	1	22	1383	0	0	1
2.556	1	1	256	7	1	22	1383	0	0	0
2.556	1	1	256	7	1	22	1383	0	0	1
2.557	1	1	256	8	1	22	1383	0	0	0
2.557	1	1	256	8	1	22	1383	0	0	1
2.558	1	1	256	9	1	22	1383	0	0	0
2.558	1	1	256	9	1	22	1383	0	0	1
2.559	1	1	256	10	1	22	1383	0	0	0
2.559	1	1	256	10	1	22	1383	0	0	1
2.56	1	1	257	1	1	22	1383	0	0	0
2.56	1	1	257	1	1	22	1383	0	0	1
2.561	1	1	257	2	1	22	1383	0	0	0
2.561	1	1	257	2	1	22	1383	0	0	1
2.562	1	1	257	3	1	22	1383	0	0	0
2.562	1	1	257	3	1	22	1383	0	0	1
2.563	1	1	257	4	1	22	1383	0	0	0
2.563	1	1	257	4	1	22	1383	0	0	1
2.564	1	1	257	5	1	22	1383	0	0	0
2.564	1	1	257	5	1	22	1383	0	0	1
2.565	1	1	257	6	1	22	1383	0	0	0
2.565	1	1	257	6	1	22	1383	0	0	1
2.566	1	1	257	7	1	22	1383	0	0	0
2.566	1	1	257	7	1	22	1383	0	0	1
2.567	1	1	257	8	1	22	1383	0	0	0
2.567	1	1	257	8	1	22	1383	0	0	1
2.568	1	1	257	9	1	24	1620	0	0	0
2.568	1	1	257	9	1	24	1620	0	0	1
2.569	1	1	257	10	1	24	1620	0	0	0
2.569	1	1	257	10	1	24	1620	0	0	1
2.57	1	1	258	1	1	24	1620	0	0	0
2.57	1	1	258	1	1	24	1620	0	0	1
2.571	1	1	258	2	1	24	1620	0	0	0
2.571	1	1	258	2	1	24	1620	0	0	1
2.572	1	1	258	3	1	24	1620	0	0	0
2.572	1	1	258	3	1	24	1620	0	0	1
2.573	1	1	258	4	1	24	1620	0	0	0
2.573	1	1	258	4	1	24	1620	0	0	1
2.575	1	1	258	6	1	24	1620	0	0	0
2.575	1	1	258	6	1	24	1620	0	0	1
2.576	1	1	258	7	1	24	1620	0	0	0
2.576	1	1	258	7	1	24	1620	0	0	1
2.577	1	1	258	8	1	24	1620	0	0	0
2.578	1	1	258	9	1	24	1620	0	0	0
2.579	1	1	258	10	1	24	1620	0	0	0
2.58	1	1	259	1	1	24	1620	0	0	0
2.58	1	1	259	1	1	24	1620	0	0	1
2.581	1	1	259	2	1	24	1620	0	0	0
2.581	1	1	259	2	1	24	1620	0	0	1
2.582	1	1	259	3	1	24	1620	0	0	0
2.582	1	1	259	3	1	24	1620	0	0	1
2.583	1	1	259	4	1	24	1620	0	0	0
2.583	1	1	259	4	1	24	1620	0	0	1
2.584	1	1	259	5	1	24	1620	0	0	0
2.584	1	1	259	5	1	24	1620	0	0	1
2.585	1	1	259	6	1	24	1620	0	0	0
2.585	1	1	259	6	1	24	1620	0	0	1
2.586	1	1	259	7	1	24	1620	0	0	0
2.587	1	1	259	8	1	24	1620	0	0	0
2.587	1	1	259	8	1	24	1620	0	0	1
2.588	1	1	259	9	1	24	1620	0	0	0
2.588	1	1	259	9	1	24	1620	0	0	1
2.589	1	1	259	10	1	24	1620	0	0	0
2.589	1	1	259	10	1	24	1620	0	0	1
2.59	1	1	260	1	1	24	1620	0	0	0
2.59	1	1	260	1	1	24	1620	0	0	1
2.591	1	1	260	2	1	24	1620	0	0	0
2.591	1	1	260	2	1	24	1620	0	0	1
2.593	1	1	260	4	1	24	1620	0	0	0
2.594	1	1	260	5	1	24	1620	0	0	0
2.595	1	1	260	6	1	24	1620	0	0	0
2.595	1	1	260	6	1	24	1620	0	0	1
2.596	1	1	260	7	1	24	1620	0	0	0
2.596	1	1	260	7	1	24	1620	0	0	1
2.597	1	1	260	8	1	24	1620	0	0	0
2.597	1	1	260	8	1	24	1620	0	0	1
2.598	1	1	260	9	1	24	1620	0	0	0
2.599	1	1	260	10	1	24	1620	0	0	0
2.599	1	1	260	10	1	24	1620	0	0	1
2.6	1	1	261	1	1	24	1620	0	0	0
2.6	1	1	261	1	1	24	1620	0	0	1
2.601	1	1	261	2	1	24	1620	0	0	0
2.601	1	1	261	2	1	24	1620	0	0	1
2.603	1	1	261	4	1	24	1620	0	0	0
2.603	1	1	261	4	1	24	1620	0	0	1
2.604	1	1	261	5	1	24	1620	0	0	0
2.604	1	1	261	5	1	24	1620	0	0	1
2.605	1	1	261	6	1	24	1620	0	0	0
2.605	1	1	261	6	1	24	1620	0	0	1
2.606	1	1	261	7	1	24	1620	0	0	0
2.606	1	1	261	7	1	24	1620	0	0	1
2.607	1	1	261	8	1	24	1620	0	0	0
2.607	1	1	261	8	1	24	1620	0	0	1
2.608	1	1	261	9	1	24	1620	0	0	0
2.608	1	1	261	9	1	24	1620	0	0	1
2.609	1	1	261	10	1	24	1620	0	0	0
2.609	1	1	261	10	1	24	1620	0	0	1
2.61	1	1	262	1	1	24	1620	0	0	0
2.612	1	1	262	3	1	24	1620	0	0	0
2.613	1	1	262	4	1	24	1620	0	0	0
2.613	1	1	262	4	1	24	1620	0	0	1
2.614	1	1	262	5	1	24	1620	0	0	0
2.615	1	1	262	6	1	24	1620	0	0	0
2.615	1	1	262	6	1	24	1620	0	0	1
2.616	1	1	262	7	1	24	1620	0	0	0
2.616	1	1	262	7	1	24	1620	0	0	1
2.617	1	1	262	8	1	24	1620	0	0	0
2.617	1	1	262	8	1	24	1620	0	0	1
2.618	1	1	262	9	1	26	1836	0	0	0
2.618	1	1	262	9	1	26	1836	0	0	1
2.619	1	1	262	10	1	26	1836	0	0	0
2.619	1	1	262	10	1	26	1836	0	0	1
2.621	1	1	263	2	1	26	1836	0	0	0
2.621	1	1	263	2	1	26	1836	0	0	1
2.622	1	1	263	3	1	26	1836	0	0	0
2.622	1	1	263	3	1	26	1836	0	0	1
2.623	1	1	263	4	1	26	1836	0	0	0
2.623	1	1	263	4	1	26	1836	0	0	1
2.624	1	1	263	5	1	26	1836	0	0	0
2.624	1	1	263	5	1	26	1836	0	0	1
2.625	1	1	263	6	1	26	1836	0	0	0
2.625	1	1	263	6	1	26	1836	0	0	1
2.626	1	1	263	7	1	26	1836	0	0	0
2.626	1	1	263	7	1	26	1836	0	0	1
2.627	1	1	263	8	1	26	1836	0	0	0
2.628	1	1	263	9	1	26	1836	0	0	0
2.629	1	1	263	10	1	26	1836	0	0	0
2.63	1	1	264	1	1	26	1836	0	0	0
2.63	1	1	264	1	1	26	1836	0	0	1
2.631	1	1	264	2	1	26	1836	0	0	0
2.631	1	1	264	2	1	26	1836	0	0	1
2.632	1	1	264	3	1	26	1836	0	0	0
2.633	1	1	264	4	1	26	1836	0	0	0
2.633	1	1	264	4	1	26	1836	0	0	1
2.634	1	1	264	5	1	26	1836	0	0	0
2.634	1	1	264	5	1	26	1836	0	0	1
2.635	1	1	264	6	1	26	1836	0	0	0
2.635	1	1	264	6	1	26	1836	0	0	1
2.636	1	1	264	7	1	26	1836	0	0	0
2.636	1	1	264	7	1	26	1836	0	0	1
2.637	1	1	264	8	1	26	1836	0	0	0
2.637	1	1	264	8	1	26	1836	0	0	1
2.638	1	1	264	9	1	26	1836	0	0	0
2.638	1	1	264	9	1	26	1836	0	0	1
2.64	1	1	265	1	1	26	1836	0	0	0
2.64	1	1	265	1	1	26	1836	0	0	1
2.641	1	1	265	2	1	26	1836	0	0	0
2.641	1	1	265	2	1	26	1836	0	0	1
2.642	1	1	265	3	1	26	1836	0	0	0
2.642	1	1	265	3	1	26	1836	0	0	1
2.643	1	1	265	4	1	26	1836	0	0	0
2.644	1	1	265	5	1	26	1836	0	0	0
2.645	1	1	265	6	1	26	1836	0	0	0
2.646	1	1	265	7	1	26	1836	0	0	0
2.646	1	1	265	7	1	26	1836	0	0	1
2.647	1	1	265	8	1	26	1836	0	0	0
2.647	1	1	265	8	1	26	1836	0	0	1
2.648	1	1	265	9	1	26	1836	0	0	0
2.648	1	1	265	9	1	26	1836	0	0	1
2.649	1	1	265	10	1	26	1836	0	0	0
2.649	1	1	265	10	1	26	1836	0	0	1
2.65	1	1	266	1	1	26	1836	0	0	0
2.65	1	1	266	1	1	26	1836	0	0	1
2.651	1	1	266	2	1	26	1836	0	0	0
2.652	1	1	266	3	1	26	1836	0	0	0
2.652	1	1	266	3	1	26	1836	0	0	1
2.653	1	1	266	4	1	26	1836	0	0	0
2.653	1	1	266	4	1	26	1836	0	0	1
2.654	1	1	266	5	1	26	1836	0	0	0
2.654	1	1	266	5	1	26	1836	0	0	1
2.655	1	1	266	6	1	26	1836	0	0	0
2.655	1	1	266	6	1	26	1836	0	0	1
2.656	1	1	266	7	1	26	1836	0	0	0
2.656	1	1	266	7	1	26	1836	0	0	1
2.657	1	1	266	8	1	26	1836	0	0	0
2.657	1	1	266	8	1	26	1836	0	0	1
2.659	1	1	266	10	1	26	1836	0	0	0
2.66	1	1	267	1	1	26	1836	0	0	0
2.661	1	1	267	2	1	26	1836	0	0	0
2.661	1	1	267	2	1	26	1836	0	0	1
2.662	1	1	267	3	1	26	1836	0	0	0
2.662	1	1	267	3	1	26	1836	0	0	1
2.663	1	1	267	4	1	26	1836	0	0	0
2.664	1	1	267	5	1	26	1836	0	0	0
2.664	1	1	267	5	1	26	1836	0	0	1
2.665	1	1	267	6	1	26	1836	0	0	0
2.665	1	1	267	6	1	26	1836	0	0	1
2.666	1	1	267	7	1	26	1836	0	0	0
2.666	1	1	267	7	1	26	1836	0	0	1
2.668	1	1	267	9	1	26	1836	0	0	0
2.668	1	1	267	9	1	26	1836	0	0	1
2.669	1	1	267	10	1	26	1836	0	0	0
2.669	1	1	267	10	1	26	1836	0	0	1
2.67	1	1	268	1	1	26	1836	0	0	0
2.67	1	1	268	1	1	26	1836	0	0	1
2.671	1	1	268	2	1	26	1836	0	0	0
2.671	1	1	268	2	1	26	1836	0	0	1
2.672	1	1	268	3	1	24	1620	0	0	0
2.672	1	1	268	3	1	24	1620	0	0	1
2.673	1	1	268	4	1	24	1620	0	0	0
2.673	1	1	268	4	1	24	1620	0	0	1
2.674	1	1	268	5	1	24	1620	0	0	0
2.674	1	1	268	5	1	24	1620	0	0	1
2.675	1	1	268	6	1	24	1620	0	0	0
2.676	1	1	268	7	1	24	1620	0	0	0
2.677	1	1	268	8	1	24	1620	0	0	0
2.678	1	1	268	9	1	24	1620	0	0	0
2.678	1	1	268	9	1	24	1620	0	0	1
2.679	1	1	268	10	1	24	1620	0	0	0
2.68	1	1	269	1	1	24	1620	0	0	0
2.68	1	1	269	1	1	24	1620	0	0	1
2.681	1	1	269	2	1	24	1620	0	0	0
2.681	1	1	269	2	1	24	1620	0	0	1
2.682	1	1	269	3	1	24	1620	0	0	0
2.682	1	1	269	3	1	24	1620	0	0	1
2.683	1	1	269	4	1	24	1620	0	0	0
2.683	1	1	269	4	1	24	1620	0	0	1
2.684	1	1	269	5	1	24	1620	0	0	0
2.684	1	1	269	5	1	24	1620	0	0	1
2.685	1	1	269	6	1	24	1620	0	0	0
2.685	1	1	269	6	1	24	1620	0	0	1
2.687	1	1	269	8	1	24	1620	0	0	0
2.687	1	1	269	8	1	24	1620	0	0	1
2.688	1	1	269	9	1	24	1620	0	0	0
2.688	1	1	269	9	1	24	1620	0	0	1
2.689	1	1	269	10	1	24	1620	0	0	0
2.689	1	1	269	10	1	24	1620	0	0	1
2.69	1	1	270	1	1	24	1620	0	0	0
2.69	1	1	270	1	1	24	1620	0	0	1
2.691	1	1	270	2	1	24	1620	0	0	0
2.691	1	1	270	2	1	24	1620	0	0	1
2.692	1	1	270	3	1	24	1620	0	0	0
2.693	1	1	270	4	1	24	1620	0	0	0
2.694	1	1	270	5	1	24	1620	0	0	0
2.695	1	1	270	6	1	24	1620	0	0	0
2.695	1	1	270	6	1	24	1620	0	0	1
2.696	1	1	270	7	1	22	1383	0	0	0
2.696	1	1	270	7	1	22	1383	0	0	1
2.697	1	1	270	8	1	22	1383	0	0	0
2.697	1	1	270	8	1	22	1383	0	0	1
2.698	1	1	270	9	1	22	1383	0	0	0
2.698	1	1	270	9	1	22	1383	0	0	1
2.699	1	1	270	10	1	22	1383	0	0	0
2.699	1	1	270	10	1	22	1383	0	0	1
2.7	1	1	271	1	1	22	1383	0	0	0
2.7	1	1	271	1	1	22	1383	0	0	1
2.701	1	1	271	2	1	22	1383	0	0	0
2.701	1	1	271	2	1	22	1383	0	0	1
2.702	1	1	271	3	1	22	1383	0	0	0
2.702	1	1	271	3	1	22	1383	0	0	1
2.703	1	1	271	4	1	22	1383	0	0	0
2.703	1	1	271	4	1	22	1383	0	0	1
2.705	1	1	271	6	1	22	1383	0	0	0
2.705	1	1	271	6	1	22	1383	0	0	1
2.706	1	1	271	7	1	22	1383	0	0	0
2.706	1	1	271	7	1	22	1383	0	0	1
2.707	1	1	271	8	1	22	1383	0	0	0
2.707	1	1	271	8	1	22	1383	0	0	1
2.708	1	1	271	9	1	22	1383	0	0	0
2.708	1	1	271	9	1	22	1383	0	0	1
2.709	1	1	271	10	1	22	1383	0	0	0
2.709	1	1	271	10	1	22	1383	0	0	1
2.71	1	1	272	1	1	22	1383	0	0	0
2.71	1	1	272	1	1	22	1383	0	0	1
2.711	1	1	272	2	1	22	1383	0	0	0
2.711	1	1	272	2	1	22	1383	0	0	1
2.712	1	1	272	3	1	22	1383	0	0	0
2.712	1	1	272	3	1	22	1383	0	0	1
2.713	1	1	272	4	1	22	1383	0	0	0
2.713	1	1	272	4	1	22	1383	0	0	1
2.715	1	1	272	6	1	22	1383	0	0	0
2.715	1	1	272	6	1	22	1383	0	0	1
2.716	1	1	272	7	1	22	1383	0	0	0
2.716	1	1	272	7	1	22	1383	0	0	1
2.717	1	1	272	8	1	22	1383	0	0	0
2.717	1	1	272	8	1	22	1383	0	0	1
2.718	1	1	272	9	1	22	1383	0	0	0
2.718	1	1	272	9	1	22	1383	0	0	1
2.719	1	1	272	10	1	22	1383	0	0	0
2.719	1	1	272	10	1	22	1383	0	0	1
2.72	1	1	273	1	1	22	1383	0	0	0
2.72	1	1	273	1	1	22	1383	0	0	1
2.721	1	1	273	2	1	22	1383	0	0	0
2.721	1	1	273	2	1	22	1383	0	0	1
2.722	1	1	273	3	1	22	1383	0	0	0
2.722	1	1	273	3	1	22	1383	0	0	1
2.723	1	1	273	4	1	22	1383	0	0	0
2.723	1	1	273	4	1	22	1383	0	0	1
2.724	1	1	273	5	1	22	1383	0	0	0
2.724	1	1	273	5	1	22	1383	0	0	1
2.725	1	1	273	6	1	22	1383	0	0	0
2.725	1	1	273	6	1	22	1383	0	0	1
2.726	1	1	273	7	1	22	1383	0	0	0
2.726	1	1	273	7	1	22	1383	0	0	1
2.727	1	1	273	8	1	22	1383	0	0	0
2.727	1	1	273	8	1	22	1383	0	0	1
2.728	1	1	273	9	1	22	1383	0	0	0
2.728	1	1	273	9	1	22	1383	0	0	1
2.729	1	1	273	10	1	22	1383	0	0	0
2.729	1	1	273	10	1	22	1383	0	0	1
2.73	1	1	274	1	1	22	1383	0	0	0
2.73	1	1	274	1	1	22	1383	0	0	1
2.731	1	1	274	2	1	22	1383	0	0	0
2.731	1	1	274	2	1	22	1383	0	0	1
2.733	1	1	274	4	1	22	1383	0	0	0
2.733	1	1	274	4	1	22	1383	0	0	1
2.734	1	1	274	5	1	22	1383	0	0	0
2.734	1	1	274	5	1	22	1383	0	0	1
2.735	1	1	274	6	1	22	1383	0	0	0
2.735	1	1	274	6	1	22	1383	0	0	1
2.736	1	1	274	7	1	22	1383	0	0	0
2.736	1	1	274	7	1	22	1383	0	0	1
2.737	1	1	274	8	1	22	1383	0	0	0
2.737	1	1	274	8	1	22	1383	0	0	1
2.738	1	1	274	9	1	22	1383	0	0	0
2.738	1	1	274	9	1	22	1383	0	0	1
2.739	1	1	274	10	1	22	1383	0	0	0
2.739	1	1	274	10	1	22	1383	0	0	1
2.74	1	1	275	1	1	22	1383	0	0	0
2.74	1	1	275	1	1	22	1383	0	0	1
2.741	1	1	275	2	1	22	1383	0	0	0
2.741	1	1	275	2	1	22	1383	0	0	1
2.742	1	1	275	3	1	22	1383	0	0	0
2.742	1	1	275	3	1	22	1383	0	0	1
2.743	1	1	275	4	1	22	1383	0	0	0
2.743	1	1	275	4	1	22	1383	0	0	1
2.744	1	1	275	5	1	20	1191	0	0	0
2.744	1	1	275	5	1	20	1191	0	0	1
2.745	1	1	275	6	1	20	1191	0	0	0
2.745	1	1	275	6	1	20	1191	0	0	1
2.746	1	1	275	7	1	20	1191	0	0	0
2.746	1	1	275	7	1	20	1191	0	0	1
2.747	1	1	275	8	1	20	1191	0	0	0
2.747	1	1	275	8	1	20	1191	0	0	1
2.748	1	1	275	9	1	20	1191	0	0	0
2.748	1	1	275	9	1	20	1191	0	0	1
2.749	1	1	275	10	1	20	1191	0	0	0
2.749	1	1	275	10	1	20	1191	0	0	1
2.75	1	1	276	1	1	20	1191	0	0	0
2.75	1	1	276	1	1	20	1191	0	0	1
2.752	1	1	276	3	1	20	1191	0	0	0
2.752	1	1	276	3	1	20	1191	0	0	1
2.753	1	1	276	4	1	20	1191	0	0	0
2.753	1	1	276	4	1	20	1191	0	0	1
2.754	1	1	276	5	1	20	1191	0	0	0
2.754	1	1	276	5	1	20	1191	0	0	1
2.755	1	1	276	6	1	20	1191	0	0	0
2.755	1	1	276	6	1	20	1191	0	0	1
2.756	1	1	276	7	1	18	967	0	0	0
2.756	1	1	276	7	1	18	967	0	0	1
2.757	1	1	276	8	1	18	967	0	0	0
2.757	1	1	276	8	1	18	967	0	0	1
2.758	1	1	276	9	1	18	967	0	0	0
2.758	1	1	276	9	1	18	967	0	0	1
2.759	1	1	276	10	1	18	967	0	0	0
2.759	1	1	276	10	1	18	967	0	0	1
2.76	1	1	277	1	1	18	967	0	0	0
2.76	1	1	277	1	1	18	967	0	0	1
2.761	1	1	277	2	1	18	967	0	0	0
2.761	1	1	277	2	1	18	967	0	0	1
2.762	1	1	277	3	1	18	967	0	0	0
2.762	1	1	277	3	1	18	967	0	0	1
2.763	1	1	277	4	1	18	967	0	0	0
2.763	1	1	277	4	1	18	967	0	0	1
2.764	1	1	277	5	1	18	967	0	0	0
2.764	1	1	277	5	1	18	967	0	0	1
2.765	1	1	277	6	1	18	967	0	0	0
2.765	1	1	277	6	1	18	967	0	0	1
2.766	1	1	277	7	1	18	967	0	0	0
2.766	1	1	277	7	1	18	967	0	0	1
2.767	1	1	277	8	1	18	967	0	0	0
2.767	1	1	277	8	1	18	967	0	0	1
2.768	1	1	277	9	1	18	967	0	0	0
2.768	1	1	277	9	1	18	967	0	0	1
2.769	1	1	277	10	1	18	967	0	0	0
2.769	1	1	277	10	1	18	967	0	0	1
2.77	1	1	278	1	1	18	967	0	0	0
2.77	1	1	278	1	1	18	967	0	0	1
2.771	1	1	278	2	1	18	967	0	0	0
2.771	1	1	278	2	1	18	967	0	0	1
2.772	1	1	278	3	1	20	1191	0	0	0
2.772	1	1	278	3	1	20	1191	0	0	1
2.773	1	1	278	4	1	20	1191	0	0	0
2.773	1	1	278	4	1	20	1191	0	0	1
2.774	1	1	278	5	1	20	1191	0	0	0
2.774	1	1	278	5	1	20	1191	0	0	1
2.775	1	1	278	6	1	20	1191	0	0	0
2.775	1	1	278	6	1	20	1191	0	0	1
2.776	1	1	278	7	1	20	1191	0	0	0
2.776	1	1	278	7	1	20	1191	0	0	1
2.777	1	1	278	8	1	20	1191	0	0	0
2.777	1	1	278	8	1	20	1191	0	0	1
2.778	1	1	278	9	1	20	1191	0	0	0
2.778	1	1	278	9	1	20	1191	0	0	1
2.78	1	1	279	1	1	20	1191	0	0	0
2.78	1	1	279	1	1	20	1191	0	0	1
2.781	1	1	279	2	1	20	1191	0	0	0
2.781	1	1	279	2	1	20	1191	0	0	1
2.782	1	1	279	3	1	22	1383	0	0	0
2.782	1	1	279	3	1	22	1383	0	0	1
2.783	1	1	279	4	1	22	1383	0	0	0
2.783	1	1	279	4	1	22	1383	0	0	1
2.784	1	1	279	5	1	22	1383	0	0	0
2.784	1	1	279	5	1	22	1383	0	0	1
2.785	1	1	279	6	1	22	1383	0	0	0
2.785	1	1	279	6	1	22	1383	0	0	1
2.786	1	1	279	7	1	22	1383	0	0	0
2.786	1	1	279	7	1	22	1383	0	0	1
2.787	1	1	279	8	1	22	1383	0	0	0
2.787	1	1	279	8	1	22	1383	0	0	1
2.788	1	1	279	9	1	22	1383	0	0	0
2.788	1	1	279	9	1	22	1383	0	0	1
2.789	1	1	279	10	1	22	1383	0	0	0
2.789	1	1	279	10	1	22	1383	0	0	1
2.79	1	1	280	1	1	22	1383	0	0	0
2.79	1	1	280	1	1	22	1383	0	0	1
2.791	1	1	280	2	1	22	1383	0	0	0
2.791	1	1	280	2	1	22	1383	0	0	1
2.792	1	1	280	3	1	22	1383	0	0	0
2.792	1	1	280	3	1	22	1383	0	0	1
2.793	1	1	280	4	1	22	1383	0	0	0
2.793	1	1	280	4	1	22	1383	0	0	1
2.794	1	1	280	5	1	22	1383	0	0	0
2.794	1	1	280	5	1	22	1383	0	0	1
2.795	1	1	280	6	1	22	1383	0	0	0
2.795	1	1	280	6	1	22	1383	0	0	1
2.796	1	1	280	7	1	22	1383	0	0	0
2.796	1	1	280	7	1	22	1383	0	0	1
2.797	1	1	280	8	1	22	1383	0	0	0
2.797	1	1	280	8	1	22	1383	0	0	1
2.799	1	1	280	10	1	22	1383	0	0	0
2.799	1	1	280	10	1	22	1383	0	0	1
2.8	1	1	281	1	1	22	1383	0	0	0
2.8	1	1	281	1	1	22	1383	0	0	1
2.801	1	1	281	2	1	22	1383	0	0	0
2.801	1	1	281	2	1	22	1383	0	0	1
2.802	1	1	281	3	1	24	1620	0	0	0
2.802	1	1	281	3	1	24	1620	0	0	1
2.803	1	1	281	4	1	24	1620	0	0	0
2.803	1	1	281	4	1	24	1620	0	0	1
2.804	1	1	281	5	1	24	1620	0	0	0
2.804	1	1	281	5	1	24	1620	0	0	1
2.805	1	1	281	6	1	24	1620	0	0	0
2.805	1	1	281	6	1	24	1620	0	0	1
2.806	1	1	281	7	1	24	1620	0	0	0
2.806	1	1	281	7	1	24	1620	0	0	1
2.808	1	1	281	9	1	24	1620	0	0	0
2.808	1	1	281	9	1	24	1620	0	0	1
2.809	1	1	281	10	1	24	1620	0	0	0
2.809	1	1	281	10	1	24	1620	0	0	1
2.81	1	1	282	1	1	24	1620	0	0	0
2.81	1	1	282	1	1	24	1620	0	0	1
2.811	1	1	282	2	1	24	1620	0	0	0
2.811	1	1	282	2	1	24	1620	0	0	1
2.812	1	1	282	3	1	24	1620	0	0	0
2.812	1	1	282	3	1	24	1620	0	0	1
2.813	1	1	282	4	1	24	1620	0	0	0
2.813	1	1	282	4	1	24	1620	0	0	1
2.814	1	1	282	5	1	24	1620	0	0	0
2.814	1	1	282	5	1	24	1620	0	0	1
2.815	1	1	282	6	1	24	1620	0	0	0
2.817	1	1	282	8	1	24	1620	0	0	0
2.818	1	1	282	9	1	24	1620	0	0	0
2.818	1	1	282	9	1	24	1620	0	0	1
2.819	1	1	282	10	1	24	1620	0	0	0
2.82	1	1	283	1	1	24	1620	0	0	0
2.82	1	1	283	1	1	24	1620	0	0	1
2.821	1	1	283	2	1	24	1620	0	0	0
2.821	1	1	283	2	1	24	1620	0	0	1
2.822	1	1	283	3	1	24	1620	0	0	0
2.822	1	1	283	3	1	24	1620	0	0	1
2.823	1	1	283	4	1	24	1620	0	0	0
2.823	1	1	283	4	1	24	1620	0	0	1
2.824	1	1	283	5	1	24	1620	0	0	0
2.824	1	1	283	5	1	24	1620	0	0	1
2.825	1	1	283	6	1	24	1620	0	0	0
2.825	1	1	283	6	1	24	1620	0	0	1
2.827	1	1	283	8	1	22	1383	0	0	0
2.827	1	1	283	8	1	22	1383	0	0	1
2.828	1	1	283	9	1	22	1383	0	0	0
2.828	1	1	283	9	1	22	1383	0	0	1
2.829	1	1	283	10	1	22	1383	0	0	0
2.829	1	1	283	10	1	22	1383	0	0	1
2.83	1	1	284	1	1	22	1383	0	0	0
2.83	1	1	284	1	1	22	1383	0	0	1
2.831	1	1	284	2	1	22	1383	0	0	0
2.831	1	1	284	2	1	22	1383	0	0	1
2.832	1	1	284	3	1	22	1383	0	0	0
2.833	1	1	284	4	1	22	1383	0	0	0
2.834	1	1	284	5	1	22	1383	0	0	0
2.834	1	1	284	5	1	22	1383	0	0	1
2.835	1	1	284	6	1	22	1383	0	0	0
2.835	1	1	284	6	1	22	1383	0	0	1
2.836	1	1	284	7	1	22	1383	0	0	0
2.836	1	1	284	7	1	22	1383	0	0	1
2.837	1	1	284	8	1	22	1383	0	0	0
2.837	1	1	284	8	1	22	1383	0	0	1
2.838	1	1	284	9	1	22	1383	0	0	0
2.838	1	1	284	9	1	22	1383	0	0	1
2.839	1	1	284	10	1	22	1383	0	0	0
2.839	1	1	284	10	1	22	1383	0	0	1
2.84	1	1	285	1	1	22	1383	0	0	0
2.84	1	1	285	1	1	22	1383	0	0	1
2.841	1	1	285	2	1	22	1383	0	0	0
2.841	1	1	285	2	1	22	1383	0	0	1
2.842	1	1	285	3	1	22	1383	0	0	0
2.842	1	1	285	3	1	22	1383	0	0	1
2.843	1	1	285	4	1	22	1383	0	0	0
2.843	1	1	285	4	1	22	1383	0	0	1
2.845	1	1	285	6	1	20	1191	0	0	0
2.845	1	1	285	6	1	20	1191	0	0	1
2.846	1	1	285	7	1	20	1191	0	0	0
2.846	1	1	285	7	1	20	1191	0	0	1
2.847	1	1	285	8	1	20	1191	0	0	0
2.847	1	1	285	8	1	20	1191	0	0	1
2.848	1	1	285	9	1	20	1191	0	0	0
2.848	1	1	285	9	1	20	1191	0	0	1
2.849	1	1	285	10	1	20	1191	0	0	0
2.849	1	1	285	10	1	20	1191	0	0	1
2.85	1	1	286	1	1	20	1191	0	0	0
2.85	1	1	286	1	1	20	1191	0	0	1
2.851	1	1	286	2	1	20	1191	0	0	0
2.851	1	1	286	2	1	20	1191	0	0	1
2.852	1	1	286	3	1	20	1191	0	0	0
2.852	1	1	286	3	1	20	1191	0	0	1
2.853	1	1	286	4	1	20	1191	0	0	0
2.853	1	1	286	4	1	20	1191	0	0	1
2.855	1	1	286	6	1	20	1191	0	0	0
2.855	1	1	286	6	1	20	1191	0	0	1
2.856	1	1	286	7	1	18	967	0	0	0
2.856	1	1	286	7	1	18	967	0	0	1
2.857	1	1	286	8	1	18	967	0	0	0
2.857	1	1	286	8	1	18	967	0	0	1
2.858	1	1	286	9	1	18	967	0	0	0
2.858	1	1	286	9	1	18	967	0	0	1
2.859	1	1	286	10	1	18	967	0	0	0
2.859	1	1	286	10	1	18	967	0	0	1
2.86	1	1	287	1	1	18	967	0	0	0
2.86	1	1	287	1	1	18	967	0	0	1
2.861	1	1	287	2	1	18	967	0	0	0
2.861	1	1	287	2	1	18	967	0	0	1
2.862	1	1	287	3	1	18	967	0	0	0
2.862	1	1	287	3	1	18	967	0	0	1
2.864	1	1	287	5	1	18	967	0	0	0
2.864	1	1	287	5	1	18	967	0	0	1
2.865	1	1	287	6	1	18	967	0	0	0
2.865	1	1	287	6	1	18	967	0	0	1
2.866	1	1	287	7	1	18	967	0	0	0
2.866	1	1	287	7	1	18	967	0	0	1
2.867	1	1	287	8	1	18	967	0	0	0
2.867	1	1	287	8	1	18	967	0	0	1
2.868	1	1	287	9	1	18	967	0	0	0
2.868	1	1	287	9	1	18	967	0	0	1
2.869	1	1	287	10	1	18	967	0	0	0
2.869	1	1	287	10	1	18	967	0	0	1
2.87	1	1	288	1	1	18	967	0	0	0
2.87	1	1	288	1	1	18	967	0	0	1
2.871	1	1	288	2	1	18	967	0	0	0
2.871	1	1	288	2	1	18	967	0	0	1
2.872	1	1	288	3	1	18	967	0	0	0
2.872	1	1	288	3	1	18	967	0	0	1
2.873	1	1	288	4	1	18	967	0	0	0
2.873	1	1	288	4	1	18	967	0	0	1
2.874	1	1	288	5	1	18	967	0	0	0
2.874	1	1	288	5	1	18	967	0	0	1
2.875	1	1	288	6	1	18	967	0	0	0
2.875	1	1	288	6	1	18	967	0	0	1
2.876	1	1	288	7	1	18	967	0	0	0
2.876	1	1	288	7	1	18	967	0	0	1
2.877	1	1	288	8	1	18	967	0	0	0
2.877	1	1	288	8	1	18	967	0	0	1
2.878	1	1	288	9	1	18	967	0	0	0
2.878	1	1	288	9	1	18	967	0	0	1
2.879	1	1	288	10	1	18	967	0	0	0
2.879	1	1	288	10	1	18	967	0	0	1
2.88	1	1	289	1	1	20	1191	0	0	0
2.88	1	1	289	1	1	20	1191	0	0	1
2.881	1	1	289	2	1	20	1191	0	0	0
2.881	1	1	289	2	1	20	1191	0	0	1
2.882	1	1	289	3	1	20	1191	0	0	0
2.882	1	1	289	3	1	20	1191	0	0	1
2.883	1	1	289	4	1	20	1191	0	0	0
2.883	1	1	289	4	1	20	1191	0	0	1
2.884	1	1	289	5	1	20	1191	0	0	0
2.884	1	1	289	5	1	20	1191	0	0	1
2.885	1	1	289	6	1	20	1191	0	0	0
2.885	1	1	289	6	1	20	1191	0	0	1
2.886	1	1	289	7	1	20	1191	0	0	0
2.886	1	1	289	7	1	20	1191	0	0	1
2.887	1	1	289	8	1	20	1191	0	0	0
2.887	1	1	289	8	1	20	1191	0	0	1
2.888	1	1	289	9	1	20	1191	0	0	0
2.888	1	1	289	9	1	20	1191	0	0	1
2.889	1	1	289	10	1	20	1191	0	0	0
2.889	1	1	289	10	1	20	1191	0	0	1
2.89	1	1	290	1	1	20	1191	0	0	0
2.89	1	1	290	1	1	20	1191	0	0	1
2.892	1	1	290	3	1	20	1191	0	0	0
2.892	1	1	290	3	1	20	1191	0	0	1
2.893	1	1	290	4	1	20	1191	0	0	0
2.893	1	1	290	4	1	20	1191	0	0	1
2.894	1	1	290	5	1	20	1191	0	0	0
2.894	1	1	290	5	1	20	1191	0	0	1
2.895	1	1	290	6	1	20	1191	0	0	0
2.895	1	1	290	6	1	20	1191	0	0	1
2.896	1	1	290	7	1	20	1191	0	0	0
2.896	1	1	290	7	1	20	1191	0	0	1
2.897	1	1	290	8	1	20	1191	0	0	0
2.897	1	1	290	8	1	20	1191	0	0	1
2.898	1	1	290	9	1	20	1191	0	0	0
2.898	1	1	290	9	1	20	1191	0	0	1
2.899	1	1	290	10	1	20	1191	0	0	0
2.899	1	1	290	10	1	20	1191	0	0	1
2.9	1	1	291	1	1	22	1383	0	0	0
2.9	1	1	291	1	1	22	1383	0	0	1
2.901	1	1	291	2	1	22	1383	0	0	0
2.901	1	1	291	2	1	22	1383	0	0	1
2.902	1	1	291	3	1	22	1383	0	0	0
2.902	1	1	291	3	1	22	1383	0	0	1
2.903	1	1	291	4	1	22	1383	0	0	0
2.903	1	1	291	4	1	22	1383	0	0	1
2.904	1	1	291	5	1	22	1383	0	0	0
2.904	1	1	291	5	1	22	1383	0	0	1
2.905	1	1	291	6	1	22	1383	0	0	0
2.905	1	1	291	6	1	22	1383	0	0	1
2.906	1	1	291	7	1	22	1383	0	0	0
2.906	1	1	291	7	1	22	1383	0	0	1
2.907	1	1	291	8	1	22	1383	0	0	0
2.907	1	1	291	8	1	22	1383	0	0	1
2.908	1	1	291	9	1	22	1383	0	0	0
2.908	1	1	291	9	1	22	1383	0	0	1
2.909	1	1	291	10	1	22	1383	0	0	0
2.909	1	1	291	10	1	22	1383	0	0	1
2.911	1	1	292	2	1	22	1383	0	0	0
2.911	1	1	292	2	1	22	1383	0	0	1
2.912	1	1	292	3	1	22	1383	0	0	0
2.912	1	1	292	3	1	22	1383	0	0	1
2.913	1	1	292	4	1	22	1383	0	0	0
2.913	1	1	292	4	1	22	1383	0	0	1
2.914	1	1	292	5	1	22	1383	0	0	0
2.914	1	1	292	5	1	22	1383	0	0	1
2.915	1	1	292	6	1	22	1383	0	0	0
2.915	1	1	292	6	1	22	1383	0	0	1
2.916	1	1	292	7	1	22	1383	0	0	0
2.916	1	1	292	7	1	22	1383	0	0	1
2.917	1	1	292	8	1	22	1383	0	0	0
2.917	1	1	292	8	1	22	1383	0	0	1
2.918	1	1	292	9	1	22	1383	0	0	0
2.918	1	1	292	9	1	22	1383	0	0	1
2.92	1	1	293	1	1	22	1383	0	0	0
2.92	1	1	293	1	1	22	1383	0	0	1
2.921	1	1	293	2	1	22	1383	0	0	0
2.921	1	1	293	2	1	22	1383	0	0	1
2.922	1	1	293	3	1	22	1383	0	0	0
2.922	1	1	293	3	1	22	1383	0	0	1
2.923	1	1	293	4	1	22	1383	0	0	0
2.923	1	1	293	4	1	22	1383	0	0	1
2.924	1	1	293	5	1	22	1383	0	0	0
2.924	1	1	293	5	1	22	1383	0	0	1
2.925	1	1	293	6	1	22	1383	0	0	0
2.925	1	1	293	6	1	22	1383	0	0	1
2.926	1	1	293	7	1	22	1383	0	0	0
2.926	1	1	293	7	1	22	1383	0	0	1
2.927	1	1	293	8	1	22	1383	0	0	0
2.927	1	1	293	8	1	22	1383	0	0	1
2.928	1	1	293	9	1	22	1383	0	0	0
2.928	1	1	293	9	1	22	1383	0	0	1
2.929	1	1	293	10	1	22	1383	0	0	0
2.929	1	1	293	10	1	22	1383	0	0	1
2.93	1	1	294	1	1	22	1383	0	0	0
2.93	1	1	294	1	1	22	1383	0	0	1
2.931	1	1	294	2	1	22	1383	0	0	0
2.931	1	1	294	2	1	22	1383	0	0	1
2.932	1	1	294	3	1	22	1383	0	0	0
2.932	1	1	294	3	1	22	1383	0	0	1
2.933	1	1	294	4	1	22	1383	0	0	0
2.933	1	1	294	4	1	22	1383	0	0	1
2.934	1	1	294	5	1	22	1383	0	0	0
2.934	1	1	294	5	1	22	1383	0	0	1
2.935	1	1	294	6	1	22	1383	0	0	0
2.935	1	1	294	6	1	22	1383	0	0	1
2.936	1	1	294	7	1	20	1191	0	0	0
2.936	1	1	294	7	1	20	1191	0	0	1
2.937	1	1	294	8	1	20	1191	0	0	0
2.937	1	1	294	8	1	20	1191	0	0	1
2.939	1	1	294	10	1	20	1191	0	0	0
2.939	1	1	294	10	1	20	1191	0	0	1
2.94	1	1	295	1	1	20	1191	0	0	0
2.94	1	1	295	1	1	20	1191	0	0	1
2.941	1	1	295	2	1	20	1191	0	0	0
2.941	1	1	295	2	1	20	1191	0	0	1
2.942	1	1	295	3	1	20	1191	0	0	0
2.942	1	1	295	3	1	20	1191	0	0	1
2.943	1	1	295	4	1	20	1191	0	0	0
2.943	1	1	295	4	1	20	1191	0	0	1
2.944	1	1	295	5	1	20	1191	0	0	0
2.944	1	1	295	5	1	20	1191	0	0	1
2.945	1	1	295	6	1	20	1191	0	0	0
2.945	1	1	295	6	1	20	1191	0	0	1
2.946	1	1	295	7	1	20	1191	0	0	0
2.946	1	1	295	7	1	20	1191	0	0	1
2.947	1	1	295	8	1	20	1191	0	0	0
2.947	1	1	295	8	1	20	1191	0	0	1
2.948	1	1	295	9	1	20	1191	0	0	0
2.948	1	1	295	9	1	20	1191	0	0	1
2.949	1	1	295	10	1	20	1191	0	0	0
2.949	1	1	295	10	1	20	1191	0	0	1
2.95	1	1	296	1	1	18	967	0	0	0
2.95	1	1	296	1	1	18	967	0	0	1
2.951	1	1	296	2	1	18	967	0	0	0
2.951	1	1	296	2	1	18	967	0	0	1
2.952	1	1	296	3	1	18	967	0	0	0
2.952	1	1	296	3	1	18	967	0	0	1
2.953	1	1	296	4	1	18	967	0	0	0
2.953	1	1	296	4	1	18	967	0	0	1
2.954	1	1	296	5	1	18	967	0	0	0
2.954	1	1	296	5	1	18	967	0	0	1
2.955	1	1	296	6	1	18	967	0	0	0
2.955	1	1	296	6	1	18	967	0	0	1
2.957	1	1	296	8	1	18	967	0	0	0
2.957	1	1	296	8	1	18	967	0	0	1
2.958	1	1	296	9	1	18	967	0	0	0
2.958	1	1	296	9	1	18	967	0	0	1
2.959	1	1	296	10	1	18	967	0	0	0
2.959	1	1	296	10	1	18	967	0	0	1
2.96	1	1	297	1	1	16	903	0	0	0
2.96	1	1	297	1	1	16	903	0	0	1
2.961	1	1	297	2	1	16	903	0	0	0
2.961	1	1	297	2	1	16	903	0	0	1
2.962	1	1	297	3	1	16	903	0	0	0
2.962	1	1	297	3	1	16	903	0	0	1
2.963	1	1	297	4	1	16	903	0	0	0
2.963	1	1	297	4	1	16	903	0	0	1
2.964	1	1	297	5	1	16	903	0	0	0
2.964	1	1	297	5	1	16	903	0	0	1
2.965	1	1	297	6	1	16	903	0	0	0
2.965	1	1	297	6	1	16	903	0	0	1
2.966	1	1	297	7	1	16	903	0	0	0
2.966	1	1	297	7	1	16	903	0	0	1
2.967	1	1	297	8	1	16	903	0	0	0
2.967	1	1	297	8	1	16	903	0	0	1
2.968	1	1	297	9	1	16	903	0	0	0
2.968	1	1	297	9	1	16	903	0	0	1
2.969	1	1	297	10	1	16	903	0	0	0
2.969	1	1	297	10	1	16	903	0	0	1
2.97	1	1	298	1	1	16	903	0	0	0
2.97	1	1	298	1	1	16	903	0	0	1
2.971	1	1	298	2	1	16	903	0	0	0
2.971	1	1	298	2	1	16	903	0	0	1
2.972	1	1	298	3	1	18	967	0	0	0
2.972	1	1	298	3	1	18	967	0	0	1
2.973	1	1	298	4	1	18	967	0	0	0
2.973	1	1	298	4	1	18	967	0	0	1
2.974	1	1	298	5	1	18	967	0	0	0
2.974	1	1	298	5	1	18	967	0	0	1
2.975	1	1	298	6	1	18	967	0	0	0
2.975	1	1	298	6	1	18	967	0	0	1
2.976	1	1	298	7	1	18	967	0	0	0
2.976	1	1	298	7	1	18	967	0	0	1
2.977	1	1	298	8	1	18	967	0	0	0
2.977	1	1	298	8	1	18	967	0	0	1
2.978	1	1	298	9	1	18	967	0	0	0
2.978	1	1	298	9	1	18	967	0	0	1
2.979	1	1	298	10	1	18	967	0	0	0
2.979	1	1	298	10	1	18	967	0	0	1
2.98	1	1	299	1	1	18	967	0	0	0
2.98	1	1	299	1	1	18	967	0	0	1
2.981	1	1	299	2	1	18	967	0	0	0
2.981	1	1	299	2	1	18	967	0	0	1
2.982	1	1	299	3	1	18	967	0	0	0
2.982	1	1	299	3	1	18	967	0	0	1
2.983	1	1	299	4	1	18	967	0	0	0
2.983	1	1	299	4	1	18	967	0	0	1
2.984	1	1	299	5	1	18	967	0	0	0
2.984	1	1	299	5	1	18	967	0	0	1
2.985	1	1	299	6	1	18	967	0	0	0
2.985	1	1	299	6	1	18	967	0	0	1
2.986	1	1	299	7	1	18	967	0	0	0
2.986	1	1	299	7	1	18	967	0	0	1
2.987	1	1	299	8	1	18	967	0	0	0
2.987	1	1	299	8	1	18	967	0	0	1
2.988	1	1	299	9	1	18	967	0	0	0
2.988	1	1	299	9	1	18	967	0	0	1
2.989	1	1	299	10	1	18	967	0	0	0
2.989	1	1	299	10	1	18	967	0	0	1
2.99	1	1	300	1	1	18	967	0	0	0
2.99	1	1	300	1	1	18	967	0	0	1
2.991	1	1	300	2	1	18	967	0	0	0
2.991	1	1	300	2	1	18	967	0	0	1
2.992	1	1	300	3	1	18	967	0	0	0
2.992	1	1	300	3	1	18	967	0	0	1
2.993	1	1	300	4	1	18	967	0	0	0
2.993	1	1	300	4	1	18	967	0	0	1
2.994	1	1	300	5	1	20	1191	0	0	0
2.994	1	1	300	5	1	20	1191	0	0	1
2.995	1	1	300	6	1	20	1191	0	0	0
2.995	1	1	300	6	1	20	1191	0	0	1
2.996	1	1	300	7	1	20	1191	0	0	0
2.996	1	1	300	7	1	20	1191	0	0	1
2.997	1	1	300	8	1	20	1191	0	0	0
2.997	1	1	300	8	1	20	1191	0	0	1
2.998	1	1	300	9	1	20	1191	0	0	0
2.998	1	1	300	9	1	20	1191	0	0	1
2.999	1	1	300	10	1	20	1191	0	0	0
2.999	1	1	300	10	1	20	1191	0	0	1
3	1	1	301	1	1	20	1191	0	0	0
3	1	1	301	1	1	20	1191	0	0	1
3.001	1	1	301	2	1	20	1191	0	0	0
3.001	1	1	301	2	1	20	1191	0	0	1
3.002	1	1	301	3	1	20	1191	0	0	0
3.002	1	1	301	3	1	20	1191	0	0	1
3.004	1	1	301	5	1	22	1383	0	0	0
3.004	1	1	301	5	1	22	1383	0	0	1
3.005	1	1	301	6	1	22	1383	0	0	0
3.005	1	1	301	6	1	22	1383	0	0	1
3.006	1	1	301	7	1	22	1383	0	0	0
3.006	1	1	301	7	1	22	1383	0	0	1
3.007	1	1	301	8	1	22	1383	0	0	0
3.007	1	1	301	8	1	22	1383	0	0	1
3.008	1	1	301	9	1	22	1383	0	0	0
3.008	1	1	301	9	1	22	1383	0	0	1
3.009	1	1	301	10	1	22	1383	0	0	0
3.009	1	1	301	10	1	22	1383	0	0	1
3.01	1	1	302	1	1	20	1191	0	0	0
3.01	1	1	302	1	1	20	1191	0	0	1
3.011	1	1	302	2	1	20	1191	0	0	0
3.011	1	1	302	2	1	20	1191	0	0	1
3.013	1	1	302	4	1	20	1191	0	0	0
3.013	1	1	302	4	1	20	1191	0	0	1
3.014	1	1	302	5	1	20	1191	0	0	0
3.014	1	1	302	5	1	20	1191	0	0	1
3.015	1	1	302	6	1	20	1191	0	0	0
3.015	1	1	302	6	1	20	1191	0	0	1
3.016	1	1	302	7	1	20	1191	0	0	0
3.016	1	1	302	7	1	20	1191	0	0	1
3.017	1	1	302	8	1	20	1191	0	0	0
3.017	1	1	302	8	1	20	1191	0	0	1
3.018	1	1	302	9	1	20	1191	0	0	0
3.018	1	1	302	9	1	20	1191	0	0	1
3.019	1	1	302	10	1	20	1191	0	0	0
3.019	1	1	302	10	1	20	1191	0	0	1
3.02	1	1	303	1	1	20	1191	0	0	0
3.02	1	1	303	1	1	20	1191	0	0	1
3.021	1	1	303	2	1	20	1191	0	0	0
3.021	1	1	303	2	1	20	1191	0	0	1
3.023	1	1	303	4	1	18	967	0	0	0
3.023	1	1	303	4	1	18	967	0	0	1
3.024	1	1	303	5	1	18	967	0	0	0
3.024	1	1	303	5	1	18	967	0	0	1
3.025	1	1	303	6	1	18	967	0	0	0
3.025	1	1	303	6	1	18	967	0	0	1
3.026	1	1	303	7	1	18	967	0	0	0
3.026	1	1	303	7	1	18	967	0	0	1
3.027	1	1	303	8	1	18	967	0	0	0
3.027	1	1	303	8	1	18	967	0	0	1
3.028	1	1	303	9	1	18	967	0	0	0
3.028	1	1	303	9	1	18	967	0	0	1
3.029	1	1	303	10	1	18	967	0	0	0
3.029	1	1	303	10	1	18	967	0	0	1
3.03	1	1	304	1	1	18	967	0	0	0
3.03	1	1	304	1	1	18	967	0	0	1
3.032	1	1	304	3	1	18	967	0	0	0
3.032	1	1	304	3	1	18	967	0	0	1
3.033	1	1	304	4	1	18	967	0	0	0
3.033	1	1	304	4	1	18	967	0	0	1
3.034	1	1	304	5	1	18	967	0	0	0
3.034	1	1	304	5	1	18	967	0	0	1
3.035	1	1	304	6	1	18	967	0	0	0
3.035	1	1	304	6	1	18	967	0	0	1
3.036	1	1	304	7	1	18	967	0	0	0
3.036	1	1	304	7	1	18	967	0	0	1
3.037	1	1	304	8	1	18	967	0	0	0
3.037	1	1	304	8	1	18	967	0	0	1
3.038	1	1	304	9	1	18	967	0	0	0
3.038	1	1	304	9	1	18	967	0	0	1
3.039	1	1	304	10	1	18	967	0	0	0
3.039	1	1	304	10	1	18	967	0	0	1
3.041	1	1	305	2	1	18	967	0	0	0
3.041	1	1	305	2	1	18	967	0	0	1
3.042	1	1	305	3	1	18	967	0	0	0
3.042	1	1	305	3	1	18	967	0	0	1
3.043	1	1	305	4	1	18	967	0	0	0
3.043	1	1	305	4	1	18	967	0	0	1
3.044	1	1	305	5	1	18	967	0	0	0
3.044	1	1	305	5	1	18	967	0	0	1
3.045	1	1	305	6	1	18	967	0	0	0
3.045	1	1	305	6	1	18	967	0	0	1
3.046	1	1	305	7	1	18	967	0	0	0
3.046	1	1	305	7	1	18	967	0	0	1
3.047	1	1	305	8	1	18	967	0	0	0
3.047	1	1	305	8	1	18	967	0	0	1
3.048	1	1	305	9	1	18	967	0	0	0
3.048	1	1	305	9	1	18	967	0	0	1
3.049	1	1	305	10	1	18	967	0	0	0
3.049	1	1	305	10	1	18	967	0	0	1
3.05	1	1	306	1	1	20	1191	0	0	0
3.05	1	1	306	1	1	20	1191	0	0	1
3.051	1	1	306	2	1	20	1191	0	0	0
3.051	1	1	306	2	1	20	1191	0	0	1
3.052	1	1	306	3	1	20	1191	0	0	0
3.052	1	1	306	3	1	20	1191	0	0	1
3.053	1	1	306	4	1	20	1191	0	0	0
3.053	1	1	306	4	1	20	1191	0	0	1
3.054	1	1	306	5	1	20	1191	0	0	0
3.054	1	1	306	5	1	20	1191	0	0	1
3.055	1	1	306	6	1	20	1191	0	0	0
3.055	1	1	306	6	1	20	1191	0	0	1
3.056	1	1	306	7	1	20	1191	0	0	0
3.056	1	1	306	7	1	20	1191	0	0	1
3.057	1	1	306	8	1	20	1191	0	0	0
3.057	1	1	306	8	1	20	1191	0	0	1
3.058	1	1	306	9	1	20	1191	0	0	0
3.058	1	1	306	9	1	20	1191	0	0	1
3.06	1	1	307	1	1	20	1191	0	0	0
3.06	1	1	307	1	1	20	1191	0	0	1
3.061	1	1	307	2	1	20	1191	0	0	0
3.061	1	1	307	2	1	20	1191	0	0	1
3.062	1	1	307	3	1	20	1191	0	0	0
3.062	1	1	307	3	1	20	1191	0	0	1
3.063	1	1	307	4	1	20	1191	0	0	0
3.063	1	1	307	4	1	20	1191	0	0	1
3.064	1	1	307	5	1	20	1191	0	0	0
3.064	1	1	307	5	1	20	1191	0	0	1
3.065	1	1	307	6	1	20	1191	0	0	0
3.065	1	1	307	6	1	20	1191	0	0	1
3.066	1	1	307	7	1	20	1191	0	0	0
3.066	1	1	307	7	1	20	1191	0	0	1
3.067	1	1	307	8	1	20	1191	0	0	0
3.067	1	1	307	8	1	20	1191	0	0	1
3.068	1	1	307	9	1	20	1191	0	0	0
3.068	1	1	307	9	1	20	1191	0	0	1
3.069	1	1	307	10	1	20	1191	0	0	0
3.069	1	1	307	10	1	20	1191	0	0	1
3.07	1	1	308	1	1	20	1191	0	0	0
3.07	1	1	308	1	1	20	1191	0	0	1
3.071	1	1	308	2	1	20	1191	0	0	0
3.071	1	1	308	2	1	20	1191	0	0	1
3.072	1	1	308	3	1	20	1191	0	0	0
3.072	1	1	308	3	1	20	1191	0	0	1
3.073	1	1	308	4	1	20	1191	0	0	0
3.073	1	1	308	4	1	20	1191	0	0	1
3.074	1	1	308	5	1	20	1191	0	0	0
3.074	1	1	308	5	1	20	1191	0	0	1
3.075	1	1	308	6	1	20	1191	0	0	0
3.075	1	1	308	6	1	20	1191	0	0	1
3.076	1	1	308	7	1	20	1191	0	0	0
3.076	1	1	308	7	1	20	1191	0	0	1
3.077	1	1	308	8	1	20	1191	0	0	0
3.077	1	1	308	8	1	20	1191	0	0	1
3.079	1	1	308	10	1	20	1191	0	0	0
3.079	1	1	308	10	1	20	1191	0	0	1
3.08	1	1	309	1	1	20	1191	0	0	0
3.08	1	1	309	1	1	20	1191	0	0	1
3.081	1	1	309	2	1	20	1191	0	0	0
3.081	1	1	309	2	1	20	1191	0	0	1
3.082	1	1	309	3	1	20	1191	0	0	0
3.082	1	1	309	3	1	20	1191	0	0	1
3.083	1	1	309	4	1	20	1191	0	0	0
3.083	1	1	309	4	1	20	1191	0	0	1
3.084	1	1	309	5	1	20	1191	0	0	0
3.084	1	1	309	5	1	20	1191	0	0	1
3.085	1	1	309	6	1	20	1191	0	0	0
3.085	1	1	309	6	1	20	1191	0	0	1
3.086	1	1	309	7	1	18	967	0	0	0
3.086	1	1	309	7	1	18	967	0	0	1
3.088	1	1	309	9	1	18	967	0	0	0
3.088	1	1	309	9	1	18	967	0	0	1
3.089	1	1	309	10	1	18	967	0	0	0
3.089	1	1	309	10	1	18	967	0	0	1
3.09	1	1	310	1	1	18	967	0	0	0
3.09	1	1	310	1	1	18	967	0	0	1
3.091	1	1	310	2	1	18	967	0	0	0
3.091	1	1	310	2	1	18	967	0	0	1
3.092	1	1	310	3	1	18	967	0	0	0
3.092	1	1	310	3	1	18	967	0	0	1
3.093	1	1	310	4	1	18	967	0	0	0
3.093	1	1	310	4	1	18	967	0	0	1
3.094	1	1	310	5	1	18	967	0	0	0
3.094	1	1	310	5	1	18	967	0	0	1
3.095	1	1	310	6	1	18	967	0	0	0
3.095	1	1	310	6	1	18	967	0	0	1
3.096	1	1	310	7	1	18	967	0	0	0
3.096	1	1	310	7	1	18	967	0	0	1
3.097	1	1	310	8	1	18	967	0	0	0
3.097	1	1	310	8	1	18	967	0	0	1
3.098	1	1	310	9	1	18	967	0	0	0
3.098	1	1	310	9	1	18	967	0	0	1
3.099	1	1	310	10	1	18	967	0	0	0
3.099	1	1	310	10	1	18	967	0	0	1
3.1	1	1	311	1	1	18	967	0	0	0
3.1	1	1	311	1	1	18	967	0	0	1
3.101	1	1	311	2	1	18	967	0	0	0
3.101	1	1	311	2	1	18	967	0	0	1
3.102	1	1	311	3	1	18	967	0	0	0
3.102	1	1	311	3	1	18	967	0	0	1
3.103	1	1	311	4	1	18	967	0	0	0
3.103	1	1	311	4	1	18	967	0	0	1
3.104	1	1	311	5	1	18	967	0	0	0
3.104	1	1	311	5	1	18	967	0	0	1
3.105	1	1	311	6	1	18	967	0	0	0
3.105	1	1	311	6	1	18	967	0	0	1
3.107	1	1	311	8	1	18	967	0	0	0
3.107	1	1	311	8	1	18	967	0	0	1
3.108	1	1	311	9	1	18	967	0	0	0
3.108	1	1	311	9	1	18	967	0	0	1
3.109	1	1	311	10	1	18	967	0	0	0
3.109	1	1	311	10	1	18	967	0	0	1
3.11	1	1	312	1	1	18	967	0	0	0
3.11	1	1	312	1	1	18	967	0	0	1
3.111	1	1	312	2	1	18	967	0	0	0
3.111	1	1	312	2	1	18	967	0	0	1
3.112	1	1	312	3	1	18	967	0	0	0
3.112	1	1	312	3	1	18	967	0	0	1
3.113	1	1	312	4	1	18	967	0	0	0
3.113	1	1	312	4	1	18	967	0	0	1
3.114	1	1	312	5	1	18	967	0	0	0
3.114	1	1	312	5	1	18	967	0	0	1
3.115	1	1	312	6	1	18	967	0	0	0
3.115	1	1	312	6	1	18	967	0	0	1
3.116	1	1	312	7	1	18	967	0	0	0
3.116	1	1	312	7	1	18	967	0	0	1
3.117	1	1	312	8	1	18	967	0	0	0
3.117	1	1	312	8	1	18	967	0	0	1
3.118	1	1	312	9	1	18	967	0	0	0
3.118	1	1	312	9	1	18	967	0	0	1
3.119	1	1	312	10	1	18	967	0	0	0
3.119	1	1	312	10	1	18	967	0	0	1
3.12	1	1	313	1	1	18	967	0	0	0
3.12	1	1	313	1	1	18	967	0	0	1
3.121	1	1	313	2	1	18	967	0	0	0
3.121	1	1	313	2	1	18	967	0	0	1
3.122	1	1	313	3	1	18	967	0	0	0
3.122	1	1	313	3	1	18	967	0	0	1
3.123	1	1	313	4	1	18	967	0	0	0
3.123	1	1	313	4	1	18	967	0	0	1
3.125	1	1	313	6	1	18	967	0	0	0
3.125	1	1	313	6	1	18	967	0	0	1
3.126	1	1	313	7	1	18	967	0	0	0
3.126	1	1	313	7	1	18	967	0	0	1
3.127	1	1	313	8	1	18	967	0	0	0
3.127	1	1	313	8	1	18	967	0	0	1
3.128	1	1	313	9	1	18	967	0	0	0
3.128	1	1	313	9	1	18	967	0	0	1
3.129	1	1	313	10	1	18	967	0	0	0
3.129	1	1	313	10	1	18	967	0	0	1
3.13	1	1	314	1	1	20	1191	0	0	0
3.13	1	1	314	1	1	20	1191	0	0	1
3.131	1	1	314	2	1	20	1191	0	0	0
3.131	1	1	314	2	1	20	1191	0	0	1
3.132	1	1	314	3	1	20	1191	0	0	0
3.132	1	1	314	3	1	20	1191	0	0	1
3.133	1	1	314	4	1	20	1191	0	0	0
3.133	1	1	314	4	1	20	1191	0	0	1
3.134	1	1	314	5	1	20	1191	0	0	0
3.134	1	1	314	5	1	20	1191	0	0	1
3.135	1	1	314	6	1	20	1191	0	0	0
3.135	1	1	314	6	1	20	1191	0	0	1
3.136	1	1	314	7	1	20	1191	0	0	0
3.136	1	1	314	7	1	20	1191	0	0	1
3.137	1	1	314	8	1	20	1191	0	0	0
3.137	1	1	314	8	1	20	1191	0	0	1
3.138	1	1	314	9	1	20	1191	0	0	0
3.138	1	1	314	9	1	20	1191	0	0	1
3.139	1	1	314	10	1	20	1191	0	0	0
3.139	1	1	314	10	1	20	1191	0	0	1
3.14	1	1	315	1	1	20	1191	0	0	0
3.14	1	1	315	1	1	20	1191	0	0	1
3.141	1	1	315	2	1	20	1191	0	0	0
3.141	1	1	315	2	1	20	1191	0	0	1
3.142	1	1	315	3	1	20	1191	0	0	0
3.142	1	1	315	3	1	20	1191	0	0	1
3.144	1	1	315	5	1	20	1191	0	0	0
3.144	1	1	315	5	1	20	1191	0	0	1
3.145	1	1	315	6	1	20	1191	0	0	0
3.145	1	1	315	6	1	20	1191	0	0	1
3.146	1	1	315	7	1	20	1191	0	0	0
3.146	1	1	315	7	1	20	1191	0	0	1
3.147	1	1	315	8	1	20	1191	0	0	0
3.147	1	1	315	8	1	20	1191	0	0	1
3.148	1	1	315	9	1	22	1383	0	0	0
3.148	1	1	315	9	1	22	1383	0	0	1
3.149	1	1	315	10	1	22	1383	0	0	0
3.149	1	1	315	10	1	22	1383	0	0	1
3.15	1	1	316	1	1	22	1383	0	0	0
3.15	1	1	316	1	1	22	1383	0	0	1
3.151	1	1	316	2	1	22	1383	0	0	0
3.151	1	1	316	2	1	22	1383	0	0	1
3.153	1	1	316	4	1	22	1383	0	0	0
3.153	1	1	316	4	1	22	1383	0	0	1
3.154	1	1	316	5	1	22	1383	0	0	0
3.154	1	1	316	5	1	22	1383	0	0	1
3.155	1	1	316	6	1	22	1383	0	0	0
3.155	1	1	316	6	1	22	1383	0	0	1
3.156	1	1	316	7	1	22	1383	0	0	0
3.156	1	1	316	7	1	22	1383	0	0	1
3.157	1	1	316	8	1	22	1383	0	0	0
3.157	1	1	316	8	1	22	1383	0	0	1
3.158	1	1	316	9	1	22	1383	0	0	0
3.158	1	1	316	9	1	22	1383	0	0	1
3.159	1	1	316	10	1	22	1383	0	0	0
3.159	1	1	316	10	1	22	1383	0	0	1
3.16	1	1	317	1	1	22	1383	0	0	0
3.16	1	1	317	1	1	22	1383	0	0	1
3.161	1	1	317	2	1	22	1383	0	0	0
3.161	1	1	317	2	1	22	1383	0	0	1
3.162	1	1	317	3	1	22	1383	0	0	0
3.162	1	1	317	3	1	22	1383	0	0	1
3.163	1	1	317	4	1	22	1383	0	0	0
3.163	1	1	317	4	1	22	1383	0	0	1
3.164	1	1	317	5	1	22	1383	0	0	0
3.164	1	1	317	5	1	22	1383	0	0	1
3.165	1	1	317	6	1	22	1383	0	0	0
3.165	1	1	317	6	1	22	1383	0	0	1
3.166	1	1	317	7	1	22	1383	0	0	0
3.166	1	1	317	7	1	22	1383	0	0	1
3.167	1	1	317	8	1	22	1383	0	0	0
3.167	1	1	317	8	1	22	1383	0	0	1
3.168	1	1	317	9	1	22	1383	0	0	0
3.168	1	1	317	9	1	22	1383	0	0	1
3.169	1	1	317	10	1	22	1383	0	0	0
3.169	1	1	317	10	1	22	1383	0	0	1
3.17	1	1	318	1	1	22	1383	0	0	0
3.17	1	1	318	1	1	22	1383	0	0	1
3.172	1	1	318	3	1	22	1383	0	0	0
3.172	1	1	318	3	1	22	1383	0	0	1
3.173	1	1	318	4	1	22	1383	0	0	0
3.173	1	1	318	4	1	22	1383	0	0	1
3.174	1	1	318	5	1	22	1383	0	0	0
3.174	1	1	318	5	1	22	1383	0	0	1
3.175	1	1	318	6	1	22	1383	0	0	0
3.175	1	1	318	6	1	22	1383	0	0	1
3.176	1	1	318	7	1	22	1383	0	0	0
3.176	1	1	318	7	1	22	1383	0	0	1
3.177	1	1	318	8	1	22	1383	0	0	0
3.177	1	1	318	8	1	22	1383	0	0	1
3.178	1	1	318	9	1	22	1383	0	0	0
3.178	1	1	318	9	1	22	1383	0	0	1
3.179	1	1	318	10	1	22	1383	0	0	0
3.179	1	1	318	10	1	22	1383	0	0	1
3.18	1	1	319	1	1	22	1383	0	0	0
3.18	1	1	319	1	1	22	1383	0	0	1
3.181	1	1	319	2	1	22	1383	0	0	0
3.181	1	1	319	2	1	22	1383	0	0	1
3.182	1	1	319	3	1	22	1383	0	0	0
3.182	1	1	319	3	1	22	1383	0	0	1
3.183	1	1	319	4	1	22	1383	0	0	0
3.183	1	1	319	4	1	22	1383	0	0	1
3.184	1	1	319	5	1	22	1383	0	0	0
3.184	1	1	319	5	1	22	1383	0	0	1
3.185	1	1	319	6	1	22	1383	0	0	0
3.185	1	1	319	6	1	22	1383	0	0	1
3.186	1	1	319	7	1	22	1383	0	0	0
3.186	1	1	319	7	1	22	1383	0	0	1
3.187	1	1	319	8	1	22	1383	0	0	0
3.187	1	1	319	8	1	22	1383	0	0	1
3.188	1	1	319	9	1	22	1383	0	0	0
3.188	1	1	319	9	1	22	1383	0	0	1
3.189	1	1	319	10	1	22	1383	0	0	0
3.189	1	1	319	10	1	22	1383	0	0	1
3.191	1	1	320	2	1	22	1383	0	0	0
3.191	1	1	320	2	1	22	1383	0	0	1
3.192	1	1	320	3	1	22	1383	0	0	0
3.192	1	1	320	3	1	22	1383	0	0	1
3.193	1	1	320	4	1	22	1383	0	0	0
3.193	1	1	320	4	1	22	1383	0	0	1
3.194	1	1	320	5	1	22	1383	0	0	0
3.194	1	1	320	5	1	22	1383	0	0	1
3.195	1	1	320	6	1	22	1383	0	0	0
3.195	1	1	320	6	1	22	1383	0	0	1
3.196	1	1	320	7	1	22	1383	0	0	0
3.196	1	1	320	7	1	22	1383	0	0	1
3.197	1	1	320	8	1	22	1383	0	0	0
3.197	1	1	320	8	1	22	1383	0	0	1
3.198	1	1	320	9	1	22	1383	0	0	0
3.198	1	1	320	9	1	22	1383	0	0	1
3.2	1	1	321	1	1	22	1383	0	0	0
3.2	1	1	321	1	1	22	1383	0	0	1
3.201	1	1	321	2	1	22	1383	0	0	0
3.201	1	1	321	2	1	22	1383	0	0	1
3.202	1	1	321	3	1	22	1383	0	0	0
3.202	1	1	321	3	1	22	1383	0	0	1
3.203	1	1	321	4	1	22	1383	0	0	0
3.203	1	1	321	4	1	22	1383	0	0	1
3.204	1	1	321	5	1	22	1383	0	0	0
3.204	1	1	321	5	1	22	1383	0	0	1
3.205	1	1	321	6	1	22	1383	0	0	0
3.205	1	1	321	6	1	22	1383	0	0	1
3.206	1	1	321	7	1	22	1383	0	0	0
3.206	1	1	321	7	1	22	1383	0	0	1
3.207	1	1	321	8	1	22	1383	0	0	0
3.207	1	1	321	8	1	22	1383	0	0	1
3.208	1	1	321	9	1	22	1383	0	0	0
3.208	1	1	321	9	1	22	1383	0	0	1
3.209	1	1	321	10	1	22	1383	0	0	0
3.209	1	1	321	10	1	22	1383	0	0	1
3.21	1	1	322	1	1	22	1383	0	0	0
3.21	1	1	322	1	1	22	1383	0	0	1
3.211	1	1	322	2	1	22	1383	0	0	0
3.211	1	1	322	2	1	22	1383	0	0	1
3.212	1	1	322	3	1	22	1383	0	0	0
3.212	1	1	322	3	1	22	1383	0	0	1
3.213	1	1	322	4	1	22	1383	0	0	0
3.213	1	1	322	4	1	22	1383	0	0	1
3.214	1	1	322	5	1	22	1383	0	0	0
3.214	1	1	322	5	1	22	1383	0	0	1
3.215	1	1	322	6	1	22	1383	0	0	0
3.215	1	1	322	6	1	22	1383	0	0	1
3.216	1	1	322	7	1	24	1620	0	0	0
3.216	1	1	322	7	1	24	1620	0	0	1
3.217	1	1	322	8	1	24	1620	0	0	0
3.217	1	1	322	8	1	24	1620	0	0	1
3.219	1	1	322	10	1	24	1620	0	0	0
3.219	1	1	322	10	1	24	1620	0	0	1
3.22	1	1	323	1	1	24	1620	0	0	0
3.22	1	1	323	1	1	24	1620	0	0	1
3.221	1	1	323	2	1	24	1620	0	0	0
3.221	1	1	323	2	1	24	1620	0	0	1
3.222	1	1	323	3	1	24	1620	0	0	0
3.222	1	1	323	3	1	24	1620	0	0	1
3.223	1	1	323	4	1	24	1620	0	0	0
3.223	1	1	323	4	1	24	1620	0	0	1
3.224	1	1	323	5	1	24	1620	0	0	0
3.224	1	1	323	5	1	24	1620	0	0	1
3.225	1	1	323	6	1	24	1620	0	0	0
3.226	1	1	323	7	1	24	1620	0	0	0
3.227	1	1	323	8	1	24	1620	0	0	0
3.228	1	1	323	9	1	24	1620	0	0	0
3.228	1	1	323	9	1	24	1620	0	0	1
3.229	1	1	323	10	1	24	1620	0	0	0
3.229	1	1	323	10	1	24	1620	0	0	1
3.23	1	1	324	1	1	24	1620	0	0	0
3.23	1	1	324	1	1	24	1620	0	0	1
3.231	1	1	324	2	1	24	1620	0	0	0
3.231	1	1	324	2	1	24	1620	0	0	1
3.232	1	1	324	3	1	24	1620	0	0	0
3.232	1	1	324	3	1	24	1620	0	0	1
3.233	1	1	324	4	1	24	1620	0	0	0
3.233	1	1	324	4	1	24	1620	0	0	1
3.234	1	1	324	5	1	24	1620	0	0	0
3.234	1	1	324	5	1	24	1620	0	0	1
3.235	1	1	324	6	1	24	1620	0	0	0
3.235	1	1	324	6	1	24	1620	0	0	1
3.237	1	1	324	8	1	24	1620	0	0	0
3.237	1	1	324	8	1	24	1620	0	0	1
3.238	1	1	324	9	1	26	1836	0	0	0
3.238	1	1	324	9	1	26	1836	0	0	1
3.239	1	1	324	10	1	26	1836	0	0	0
3.239	1	1	324	10	1	26	1836	0	0	1
3.24	1	1	325	1	1	26	1836	0	0	0
3.241	1	1	325	2	1	26	1836	0	0	0
3.242	1	1	325	3	1	26	1836	0	0	0
3.243	1	1	325	4	1	26	1836	0	0	0
3.243	1	1	325	4	1	26	1836	0	0	1
3.244	1	1	325	5	1	26	1836	0	0	0
3.244	1	1	325	5	1	26	1836	0	0	1
3.245	1	1	325	6	1	26	1836	0	0	0
3.245	1	1	325	6	1	26	1836	0	0	1
3.247	1	1	325	8	1	26	1836	0	0	0
3.247	1	1	325	8	1	26	1836	0	0	1
3.248	1	1	325	9	1	26	1836	0	0	0
3.248	1	1	325	9	1	26	1836	0	0	1
3.249	1	1	325	10	1	26	1836	0	0	0
3.249	1	1	325	10	1	26	1836	0	0	1
3.25	1	1	326	1	1	26	1836	0	0	0
3.25	1	1	326	1	1	26	1836	0	0	1
3.251	1	1	326	2	1	26	1836	0	0	0
3.251	1	1	326	2	1	26	1836	0	0	1
3.252	1	1	326	3	1	26	1836	0	0	0
3.253	1	1	326	4	1	26	1836	0	0	0
3.254	1	1	326	5	1	26	1836	0	0	0
3.255	1	1	326	6	1	26	1836	0	0	1
3.256	1	1	326	7	1	26	1836	0	0	0
3.256	1	1	326	7	1	26	1836	0	0	1
3.257	1	1	326	8	1	26	1836	0	0	0
3.257	1	1	326	8	1	26	1836	0	0	1
3.258	1	1	326	9	1	26	1836	0	0	0
3.259	1	1	326	10	1	26	1836	0	0	0
3.259	1	1	326	10	1	26	1836	0	0	1
3.26	1	1	327	1	1	26	1836	0	0	0
3.26	1	1	327	1	1	26	1836	0	0	1
3.261	1	1	327	2	1	26	1836	0	0	0
3.261	1	1	327	2	1	26	1836	0	0	1
3.262	1	1	327	3	1	26	1836	0	0	0
3.262	1	1	327	3	1	26	1836	0	0	1
3.263	1	1	327	4	1	26	1836	0	0	0
3.263	1	1	327	4	1	26	1836	0	0	1
3.265	1	1	327	6	1	26	1836	0	0	0
3.266	1	1	327	7	1	26	1836	0	0	0
3.267	1	1	327	8	1	26	1836	0	0	0
3.267	1	1	327	8	1	26	1836	0	0	1
3.268	1	1	327	9	1	26	1836	0	0	0
3.268	1	1	327	9	1	26	1836	0	0	1
3.269	1	1	327	10	1	26	1836	0	0	0
3.269	1	1	327	10	1	26	1836	0	0	1
3.27	1	1	328	1	1	26	1836	0	0	0
3.271	1	1	328	2	1	26	1836	0	0	0
3.271	1	1	328	2	1	26	1836	0	0	1
3.272	1	1	328	3	1	26	1836	0	0	0
3.272	1	1	328	3	1	26	1836	0	0	1
3.273	1	1	328	4	1	26	1836	0	0	0
3.273	1	1	328	4	1	26	1836	0	0	1
3.275	1	1	328	6	1	24	1620	0	0	0
3.275	1	1	328	6	1	24	1620	0	0	1
3.276	1	1	328	7	1	24	1620	0	0	0
3.276	1	1	328	7	1	24	1620	0	0	1
3.277	1	1	328	8	1	24	1620	0	0	0
3.278	1	1	328	9	1	24	1620	0	0	0
3.279	1	1	328	10	1	24	1620	0	0	0
3.279	1	1	328	10	1	24	1620	0	0	1
3.28	1	1	329	1	1	24	1620	0	0	0
3.28	1	1	329	1	1	24	1620	0	0	1
3.281	1	1	329	2	1	24	1620	0	0	0
3.281	1	1	329	2	1	24	1620	0	0	1
3.282	1	1	329	3	1	24	1620	0	0	0
3.283	1	1	329	4	1	24	1620	0	0	1
3.284	1	1	329	5	1	24	1620	0	0	0
3.284	1	1	329	5	1	24	1620	0	0	1
3.285	1	1	329	6	1	24	1620	0	0	0
3.285	1	1	329	6	1	24	1620	0	0	1
3.286	1	1	329	7	1	24	1620	0	0	0
3.287	1	1	329	8	1	24	1620	0	0	0
3.287	1	1	329	8	1	24	1620	0	0	1
3.288	1	1	329	9	1	24	1620	0	0	0
3.288	1	1	329	9	1	24	1620	0	0	1
3.289	1	1	329	10	1	24	1620	0	0	0
3.29	1	1	330	1	1	24	1620	0	0	0
3.291	1	1	330	2	1	24	1620	0	0	0
3.291	1	1	330	2	1	24	1620	0	0	1
3.292	1	1	330	3	1	24	1620	0	0	0
3.292	1	1	330	3	1	24	1620	0	0	1
3.293	1	1	330	4	1	24	1620	0	0	0
3.293	1	1	330	4	1	24	1620	0	0	1
3.294	1	1	330	5	1	24	1620	0	0	0
3.295	1	1	330	6	1	24	1620	0	0	0
3.295	1	1	330	6	1	24	1620	0	0	1
3.296	1	1	330	7	1	24	1620	0	0	0
3.296	1	1	330	7	1	24	1620	0	0	1
3.297	1	1	330	8	1	24	1620	0	0	0
3.297	1	1	330	8	1	24	1620	0	0	1
3.298	1	1	330	9	1	24	1620	0	0	0
3.298	1	1	330	9	1	24	1620	0	0	1
3.299	1	1	330	10	1	24	1620	0	0	0
3.299	1	1	330	10	1	24	1620	0	0	1
3.3	1	1	331	1	1	24	1620	0	0	0
3.3	1	1	331	1	1	24	1620	0	0	1
3.301	1	1	331	2	1	24	1620	0	0	0
3.301	1	1	331	2	1	24	1620	0	0	1
3.303	1	1	331	4	1	22	1383	0	0	0
3.304	1	1	331	5	1	22	1383	0	0	0
3.305	1	1	331	6	1	22	1383	0	0	0
3.305	1	1	331	6	1	22	1383	0	0	1
3.306	1	1	331	7	1	22	1383	0	0	0
3.307	1	1	331	8	1	22	1383	0	0	0
3.307	1	1	331	8	1	22	1383	0	0	1
3.308	1	1	331	9	1	22	1383	0	0	0
3.308	1	1	331	9	1	22	1383	0	0	1
3.309	1	1	331	10	1	22	1383	0	0	0
3.309	1	1	331	10	1	22	1383	0	0	1
3.31	1	1	332	1	1	22	1383	0	0	0
3.31	1	1	332	1	1	22	1383	0	0	1
3.311	1	1	332	2	1	22	1383	0	0	0
3.311	1	1	332	2	1	22	1383	0	0	1
3.312	1	1	332	3	1	22	1383	0	0	0
3.312	1	1	332	3	1	22	1383	0	0	1
3.313	1	1	332	4	1	22	1383	0	0	0
3.313	1	1	332	4	1	22	1383	0	0	1
3.314	1	1	332	5	1	20	1191	0	0	0
3.314	1	1	332	5	1	20	1191	0	0	1
3.315	1	1	332	6	1	20	1191	0	0	0
3.315	1	1	332	6	1	20	1191	0	0	1
3.316	1	1	332	7	1	20	1191	0	0	0
3.316	1	1	332	7	1	20	1191	0	0	1
3.317	1	1	332	8	1	20	1191	0	0	0
3.317	1	1	332	8	1	20	1191	0	0	1
3.318	1	1	332	9	1	22	1383	0	0	0
3.318	1	1	332	9	1	22	1383	0	0	1
3.319	1	1	332	10	1	22	1383	0	0	0
3.319	1	1	332	10	1	22	1383	0	0	1
3.32	1	1	333	1	1	22	1383	0	0	0
3.32	1	1	333	1	1	22	1383	0	0	1
3.321	1	1	333	2	1	22	1383	0	0	0
3.321	1	1	333	2	1	22	1383	0	0	1
3.322	1	1	333	3	1	22	1383	0	0	0
3.322	1	1	333	3	1	22	1383	0	0	1
3.323	1	1	333	4	1	22	1383	0	0	0
3.323	1	1	333	4	1	22	1383	0	0	1
3.324	1	1	333	5	1	22	1383	0	0	0
3.324	1	1	333	5	1	22	1383	0	0	1
3.325	1	1	333	6	1	22	1383	0	0	0
3.325	1	1	333	6	1	22	1383	0	0	1
3.326	1	1	333	7	1	22	1383	0	0	0
3.326	1	1	333	7	1	22	1383	0	0	1
3.327	1	1	333	8	1	22	1383	0	0	0
3.327	1	1	333	8	1	22	1383	0	0	1
3.328	1	1	333	9	1	22	1383	0	0	0
3.328	1	1	333	9	1	22	1383	0	0	1
3.329	1	1	333	10	1	22	1383	0	0	0
3.329	1	1	333	10	1	22	1383	0	0	1
3.331	1	1	334	2	1	22	1383	0	0	0
3.331	1	1	334	2	1	22	1383	0	0	1
3.332	1	1	334	3	1	24	1620	0	0	0
3.332	1	1	334	3	1	24	1620	0	0	1
3.333	1	1	334	4	1	24	1620	0	0	0
3.333	1	1	334	4	1	24	1620	0	0	1
3.334	1	1	334	5	1	24	1620	0	0	0
3.334	1	1	334	5	1	24	1620	0	0	1
3.335	1	1	334	6	1	24	1620	0	0	0
3.335	1	1	334	6	1	24	1620	0	0	1
3.336	1	1	334	7	1	24	1620	0	0	0
3.336	1	1	334	7	1	24	1620	0	0	1
3.337	1	1	334	8	1	24	1620	0	0	0
3.337	1	1	334	8	1	24	1620	0	0	1
3.338	1	1	334	9	1	24	1620	0	0	0
3.338	1	1	334	9	1	24	1620	0	0	1
3.339	1	1	334	10	1	24	1620	0	0	0
3.339	1	1	334	10	1	24	1620	0	0	1
3.34	1	1	335	1	1	24	1620	0	0	0
3.341	1	1	335	2	1	24	1620	0	0	0
3.342	1	1	335	3	1	24	1620	0	0	0
3.343	1	1	335	4	1	24	1620	0	0	0
3.343	1	1	335	4	1	24	1620	0	0	1
3.344	1	1	335	5	1	24	1620	0	0	0
3.344	1	1	335	5	1	24	1620	0	0	1
3.345	1	1	335	6	1	24	1620	0	0	0
3.345	1	1	335	6	1	24	1620	0	0	1
3.346	1	1	335	7	1	24	1620	0	0	0
3.346	1	1	335	7	1	24	1620	0	0	1
3.347	1	1	335	8	1	24	1620	0	0	0
3.347	1	1	335	8	1	24	1620	0	0	1
3.349	1	1	335	10	1	24	1620	0	0	0
3.349	1	1	335	10	1	24	1620	0	0	1
3.35	1	1	336	1	1	24	1620	0	0	0
3.35	1	1	336	1	1	24	1620	0	0	1
3.351	1	1	336	2	1	24	1620	0	0	0
3.351	1	1	336	2	1	24	1620	0	0	1
3.352	1	1	336	3	1	24	1620	0	0	0
3.353	1	1	336	4	1	24	1620	0	0	0
3.354	1	1	336	5	1	24	1620	0	0	0
3.355	1	1	336	6	1	24	1620	0	0	0
3.355	1	1	336	6	1	24	1620	0	0	1
3.356	1	1	336	7	1	26	1836	0	0	0
3.356	1	1	336	7	1	26	1836	0	0	1
3.357	1	1	336	8	1	26	1836	0	0	0
3.357	1	1	336	8	1	26	1836	0	0	1
3.359	1	1	336	10	1	26	1836	0	0	0
3.359	1	1	336	10	1	26	1836	0	0	1
3.36	1	1	337	1	1	26	1836	0	0	0
3.36	1	1	337	1	1	26	1836	0	0	1
3.361	1	1	337	2	1	26	1836	0	0	0
3.361	1	1	337	2	1	26	1836	0	0	1
3.362	1	1	337	3	1	26	1836	0	0	0
3.362	1	1	337	3	1	26	1836	0	0	1
3.363	1	1	337	4	1	26	1836	0	0	0
3.363	1	1	337	4	1	26	1836	0	0	1
3.364	1	1	337	5	1	26	1836	0	0	0
3.364	1	1	337	5	1	26	1836	0	0	1
3.365	1	1	337	6	1	26	1836	0	0	0
3.365	1	1	337	6	1	26	1836	0	0	1
3.366	1	1	337	7	1	26	1836	0	0	0
3.366	1	1	337	7	1	26	1836	0	0	1
3.368	1	1	337	9	1	26	1836	0	0	0
3.369	1	1	337	10	1	26	1836	0	0	0
3.37	1	1	338	1	1	26	1836	0	0	0
3.371	1	1	338	2	1	26	1836	0	0	0
3.371	1	1	338	2	1	26	1836	0	0	1
3.372	1	1	338	3	1	26	1836	0	0	0
3.372	1	1	338	3	1	26	1836	0	0	1
3.373	1	1	338	4	1	26	1836	0	0	0
3.373	1	1	338	4	1	26	1836	0	0	1
3.374	1	1	338	5	1	26	1836	0	0	0
3.374	1	1	338	5	1	26	1836	0	0	1
3.375	1	1	338	6	1	26	1836	0	0	0
3.375	1	1	338	6	1	26	1836	0	0	1
3.377	1	1	338	8	1	26	1836	0	0	0
3.377	1	1	338	8	1	26	1836	0	0	1
3.378	1	1	338	9	1	26	1836	0	0	0
3.378	1	1	338	9	1	26	1836	0	0	1
3.379	1	1	338	10	1	26	1836	0	0	0
3.379	1	1	338	10	1	26	1836	0	0	1
3.38	1	1	339	1	1	26	1836	0	0	0
3.38	1	1	339	1	1	26	1836	0	0	1
3.381	1	1	339	2	1	26	1836	0	0	0
3.381	1	1	339	2	1	26	1836	0	0	1
3.382	1	1	339	3	1	26	1836	0	0	0
3.383	1	1	339	4	1	26	1836	0	0	0
3.384	1	1	339	5	1	26	1836	0	0	0
3.385	1	1	339	6	1	26	1836	0	0	0
3.385	1	1	339	6	1	26	1836	0	0	1
3.386	1	1	339	7	1	26	1836	0	0	0
3.386	1	1	339	7	1	26	1836	0	0	1
3.387	1	1	339	8	1	26	1836	0	0	0
3.387	1	1	339	8	1	26	1836	0	0	1
3.388	1	1	339	9	1	26	1836	0	0	0
3.389	1	1	339	10	1	26	1836	0	0	0
3.389	1	1	339	10	1	26	1836	0	0	1
3.39	1	1	340	1	1	24	1620	0	0	0
3.39	1	1	340	1	1	24	1620	0	0	1
3.391	1	1	340	2	1	24	1620	0	0	0
3.391	1	1	340	2	1	24	1620	0	0	1
3.392	1	1	340	3	1	24	1620	0	0	0
3.392	1	1	340	3	1	24	1620	0	0	1
3.393	1	1	340	4	1	24	1620	0	0	0
3.393	1	1	340	4	1	24	1620	0	0	1
3.394	1	1	340	5	1	24	1620	0	0	0
3.394	1	1	340	5	1	24	1620	0	0	1
3.396	1	1	340	7	1	24	1620	0	0	0
3.396	1	1	340	7	1	24	1620	0	0	1
3.397	1	1	340	8	1	24	1620	0	0	0
3.398	1	1	340	9	1	24	1620	0	0	0
3.399	1	1	340	10	1	24	1620	0	0	0
3.399	1	1	340	10	1	24	1620	0	0	1
3.4	1	1	341	1	1	24	1620	0	0	0
3.401	1	1	341	2	1	24	1620	0	0	0
3.401	1	1	341	2	1	24	1620	0	0	1
3.402	1	1	341	3	1	24	1620	0	0	0
3.402	1	1	341	3	1	24	1620	0	0	1
3.403	1	1	341	4	1	24	1620	0	0	0
3.403	1	1	341	4	1	24	1620	0	0	1
3.404	1	1	341	5	1	24	1620	0	0	0
3.404	1	1	341	5	1	24	1620	0	0	1
3.405	1	1	341	6	1	24	1620	0	0	0
3.405	1	1	341	6	1	24	1620	0	0	1
3.406	1	1	341	7	1	24	1620	0	0	0
3.406	1	1	341	7	1	24	1620	0	0	1
3.407	1	1	341	8	1	24	1620	0	0	0
3.408	1	1	341	9	1	24	1620	0	0	0
3.408	1	1	341	9	1	24	1620	0	0	1
3.409	1	1	341	10	1	24	1620	0	0	0
3.409	1	1	341	10	1	24	1620	0	0	1
3.41	1	1	342	1	1	24	1620	0	0	0
3.41	1	1	342	1	1	24	1620	0	0	1
3.411	1	1	342	2	1	24	1620	0	0	0
3.411	1	1	342	2	1	24	1620	0	0	1
3.412	1	1	342	3	1	24	1620	0	0	0
3.412	1	1	342	3	1	24	1620	0	0	1
3.413	1	1	342	4	1	24	1620	0	0	0
3.415	1	1	342	6	1	24	1620	0	0	0
3.416	1	1	342	7	1	24	1620	0	0	0
3.416	1	1	342	7	1	24	1620	0	0	1
3.417	1	1	342	8	1	24	1620	0	0	0
3.417	1	1	342	8	1	24	1620	0	0	1
3.418	1	1	342	9	1	24	1620	0	0	0
3.418	1	1	342	9	1	24	1620	0	0	1
3.419	1	1	342	10	1	24	1620	0	0	0
3.42	1	1	343	1	1	24	1620	0	0	0
3.42	1	1	343	1	1	24	1620	0	0	1
3.421	1	1	343	2	1	24	1620	0	0	0
3.421	1	1	343	2	1	24	1620	0	0	1
3.422	1	1	343	3	1	24	1620	0	0	0
3.422	1	1	343	3	1	24	1620	0	0	1
3.424	1	1	343	5	1	24	1620	0	0	0
3.424	1	1	343	5	1	24	1620	0	0	1
3.425	1	1	343	6	1	24	1620	0	0	0
3.425	1	1	343	6	1	24	1620	0	0	1
3.426	1	1	343	7	1	24	1620	0	0	0
3.426	1	1	343	7	1	24	1620	0	0	1
3.427	1	1	343	8	1	24	1620	0	0	0
3.427	1	1	343	8	1	24	1620	0	0	1
3.428	1	1	343	9	1	24	1620	0	0	0
3.428	1	1	343	9	1	24	1620	0	0	1
3.429	1	1	343	10	1	24	1620	0	0	0
3.429	1	1	343	10	1	24	1620	0	0	1
3.43	1	1	344	1	1	24	1620	0	0	0
3.431	1	1	344	2	1	24	1620	0	0	0
3.432	1	1	344	3	1	24	1620	0	0	0
3.433	1	1	344	4	1	24	1620	0	0	0
3.433	1	1	344	4	1	24	1620	0	0	1
3.434	1	1	344	5	1	24	1620	0	0	0
3.434	1	1	344	5	1	24	1620	0	0	1
3.435	1	1	344	6	1	24	1620	0	0	0
3.436	1	1	344	7	1	24	1620	0	0	0
3.436	1	1	344	7	1	24	1620	0	0	1
3.437	1	1	344	8	1	24	1620	0	0	0
3.437	1	1	344	8	1	24	1620	0	0	1
3.438	1	1	344	9	1	24	1620	0	0	0
3.438	1	1	344	9	1	24	1620	0	0	1
3.439	1	1	344	10	1	24	1620	0	0	0
3.439	1	1	344	10	1	24	1620	0	0	1
3.44	1	1	345	1	1	24	1620	0	0	0
3.44	1	1	345	1	1	24	1620	0	0	1
3.441	1	1	345	2	1	24	1620	0	0	0
3.441	1	1	345	2	1	24	1620	0	0	1
3.443	1	1	345	4	1	24	1620	0	0	0
3.443	1	1	345	4	1	24	1620	0	0	1
3.444	1	1	345	5	1	24	1620	0	0	0
3.444	1	1	345	5	1	24	1620	0	0	1
3.445	1	1	345	6	1	24	1620	0	0	0
3.445	1	1	345	6	1	24	1620	0	0	1
3.446	1	1	345	7	1	24	1620	0	0	0
3.447	1	1	345	8	1	24	1620	0	0	0
3.448	1	1	345	9	1	22	1383	0	0	0
3.449	1	1	345	10	1	22	1383	0	0	0
3.449	1	1	345	10	1	22	1383	0	0	1
3.45	1	1	346	1	1	22	1383	0	0	0
3.45	1	1	346	1	1	22	1383	0	0	1
3.451	1	1	346	2	1	22	1383	0	0	0
3.451	1	1	346	2	1	22	1383	0	0	1
3.452	1	1	346	3	1	24	1620	0	0	0
3.452	1	1	346	3	1	24	1620	0	0	1
3.453	1	1	346	4	1	24	1620	0	0	0
3.453	1	1	346	4	1	24	1620	0	0	1
3.454	1	1	346	5	1	24	1620	0	0	0
3.455	1	1	346	6	1	24	1620	0	0	0
3.455	1	1	346	6	1	24	1620	0	0	1
3.456	1	1	346	7	1	24	1620	0	0	0
3.456	1	1	346	7	1	24	1620	0	0	1
3.457	1	1	346	8	1	24	1620	0	0	0
3.457	1	1	346	8	1	24	1620	0	0	1
3.458	1	1	346	9	1	24	1620	0	0	0
3.458	1	1	346	9	1	24	1620	0	0	1
3.459	1	1	346	10	1	24	1620	0	0	0
3.459	1	1	346	10	1	24	1620	0	0	1
3.461	1	1	347	2	1	24	1620	0	0	0
3.461	1	1	347	2	1	24	1620	0	0	1
3.462	1	1	347	3	1	24	1620	0	0	0
3.462	1	1	347	3	1	24	1620	0	0	1
3.463	1	1	347	4	1	24	1620	0	0	0
3.464	1	1	347	5	1	24	1620	0	0	0
3.465	1	1	347	6	1	24	1620	0	0	0
3.465	1	1	347	6	1	24	1620	0	0	1
3.466	1	1	347	7	1	24	1620	0	0	0
3.467	1	1	347	8	1	24	1620	0	0	0
3.467	1	1	347	8	1	24	1620	0	0	1
3.468	1	1	347	9	1	24	1620	0	0	0
3.468	1	1	347	9	1	24	1620	0	0	1
3.469	1	1	347	10	1	24	1620	0	0	0
3.469	1	1	347	10	1	24	1620	0	0	1
3.471	1	1	348	2	1	24	1620	0	0	0
3.471	1	1	348	2	1	24	1620	0	0	1
3.472	1	1	348	3	1	24	1620	0	0	0
3.472	1	1	348	3	1	24	1620	0	0	1
3.473	1	1	348	4	1	24	1620	0	0	0
3.473	1	1	348	4	1	24	1620	0	0	1
3.474	1	1	348	5	1	24	1620	0	0	0
3.474	1	1	348	5	1	24	1620	0	0	1
3.475	1	1	348	6	1	24	1620	0	0	0
3.475	1	1	348	6	1	24	1620	0	0	1
3.476	1	1	348	7	1	24	1620	0	0	0
3.476	1	1	348	7	1	24	1620	0	0	1
3.477	1	1	348	8	1	24	1620	0	0	0
3.477	1	1	348	8	1	24	1620	0	0	1
3.478	1	1	348	9	1	24	1620	0	0	0
3.478	1	1	348	9	1	24	1620	0	0	1
3.48	1	1	349	1	1	24	1620	0	0	0
3.481	1	1	349	2	1	24	1620	0	0	0
3.482	1	1	349	3	1	24	1620	0	0	0
3.483	1	1	349	4	1	24	1620	0	0	0
3.483	1	1	349	4	1	24	1620	0	0	1
3.484	1	1	349	5	1	24	1620	0	0	0
3.484	1	1	349	5	1	24	1620	0	0	1
3.485	1	1	349	6	1	24	1620	0	0	0
3.485	1	1	349	6	1	24	1620	0	0	1
3.486	1	1	349	7	1	24	1620	0	0	0
3.486	1	1	349	7	1	24	1620	0	0	1
3.487	1	1	349	8	1	24	1620	0	0	0
3.487	1	1	349	8	1	24	1620	0	0	1
3.489	1	1	349	10	1	24	1620	0	0	0
3.489	1	1	349	10	1	24	1620	0	0	1
3.49	1	1	350	1	1	24	1620	0	0	0
3.49	1	1	350	1	1	24	1620	0	0	1
3.491	1	1	350	2	1	24	1620	0	0	0
3.491	1	1	350	2	1	24	1620	0	0	1
3.492	1	1	350	3	1	24	1620	0	0	0
3.492	1	1	350	3	1	24	1620	0	0	1
3.493	1	1	350	4	1	24	1620	0	0	0
3.493	1	1	350	4	1	24	1620	0	0	1
3.494	1	1	350	5	1	24	1620	0	0	0
3.494	1	1	350	5	1	24	1620	0	0	1
3.495	1	1	350	6	1	24	1620	0	0	0
3.495	1	1	350	6	1	24	1620	0	0	1
3.496	1	1	350	7	1	24	1620	0	0	0
3.497	1	1	350	8	1	24	1620	0	0	0
3.498	1	1	350	9	1	24	1620	0	0	0
3.499	1	1	350	10	1	24	1620	0	0	0
3.499	1	1	350	10	1	24	1620	0	0	1
3.5	1	1	351	1	1	24	1620	0	0	0
3.501	1	1	351	2	1	24	1620	0	0	0
3.501	1	1	351	2	1	24	1620	0	0	1
3.502	1	1	351	3	1	24	1620	0	0	0
3.502	1	1	351	3	1	24	1620	0	0	1
3.503	1	1	351	4	1	24	1620	0	0	0
3.503	1	1	351	4	1	24	1620	0	0	1
3.504	1	1	351	5	1	24	1620	0	0	0
3.504	1	1	351	5	1	24	1620	0	0	1
3.505	1	1	351	6	1	24	1620	0	0	0
3.505	1	1	351	6	1	24	1620	0	0	1
3.506	1	1	351	7	1	24	1620	0	0	0
3.506	1	1	351	7	1	24	1620	0	0	1
3.507	1	1	351	8	1	24	1620	0	0	0
3.507	1	1	351	8	1	16	903	0	0	1
3.508	1	1	351	9	1	24	1620	0	0	0
3.508	1	1	351	9	1	24	1620	0	0	1
3.509	1	1	351	10	1	24	1620	0	0	0
3.509	1	1	351	10	1	14	775	0	0	1
3.51	1	1	352	1	1	24	1620	0	0	0
3.511	1	1	352	2	1	24	1620	0	0	0
3.512	1	1	352	3	1	14	775	0	0	0
3.512	1	1	352	3	1	24	1620	0	0	1
3.513	1	1	352	4	1	14	775	0	0	0
3.513	1	1	352	4	1	14	775	0	0	1
3.514	1	1	352	5	1	14	775	0	0	0
3.514	1	1	352	5	1	14	775	0	0	1
3.515	1	1	352	6	1	14	775	0	0	0
3.515	1	1	352	6	1	14	775	0	0	1
3.516	1	1	352	7	1	14	775	0	0	0
3.516	1	1	352	7	1	14	775	0	0	1
3.517	1	1	352	8	1	14	775	0	0	0
3.517	1	1	352	8	1	14	775	0	0	1
3.518	1	1	352	9	1	14	775	0	0	0
3.518	1	1	352	9	1	14	775	0	0	1
3.519	1	1	352	10	1	14	775	0	0	0
3.519	1	1	352	10	1	14	775	0	0	1
3.52	1	1	353	1	1	14	775	0	0	0
3.52	1	1	353	1	1	14	775	0	0	1
3.521	1	1	353	2	1	14	775	0	0	0
3.521	1	1	353	2	1	14	775	0	0	1
3.522	1	1	353	3	1	14	775	0	0	0
3.522	1	1	353	3	1	14	775	0	0	1
3.523	1	1	353	4	1	14	775	0	0	0
3.523	1	1	353	4	1	14	775	0	0	1
3.524	1	1	353	5	1	14	775	0	0	0
3.524	1	1	353	5	1	14	775	0	0	1
3.525	1	1	353	6	1	14	775	0	0	0
3.525	1	1	353	6	1	14	775	0	0	1
3.526	1	1	353	7	1	14	775	0	0	0
3.526	1	1	353	7	1	14	775	0	0	1
3.527	1	1	353	8	1	14	775	0	0	0
3.527	1	1	353	8	1	14	775	0	0	1
3.528	1	1	353	9	1	14	775	0	0	0
3.528	1	1	353	9	1	14	775	0	0	1
3.529	1	1	353	10	1	14	775	0	0	0
3.529	1	1	353	10	1	14	775	0	0	1
3.53	1	1	354	1	1	14	775	0	0	0
3.53	1	1	354	1	1	14	775	0	0	1
3.531	1	1	354	2	1	14	775	0	0	0
3.531	1	1	354	2	1	14	775	0	0	1
3.532	1	1	354	3	1	14	775	0	0	0
3.532	1	1	354	3	1	14	775	0	0	1
3.533	1	1	354	4	1	14	775	0	0	0
3.533	1	1	354	4	1	14	775	0	0	1
3.534	1	1	354	5	1	14	775	0	0	0
3.534	1	1	354	5	1	14	775	0	0	1
3.535	1	1	354	6	1	14	775	0	0	0
3.535	1	1	354	6	1	14	775	0	0	1
3.536	1	1	354	7	1	14	775	0	0	0
3.536	1	1	354	7	1	14	775	0	0	1
3.537	1	1	354	8	1	14	775	0	0	0
3.537	1	1	354	8	1	14	775	0	0	1
3.538	1	1	354	9	1	14	775	0	0	0
3.538	1	1	354	9	1	14	775	0	0	1
3.539	1	1	354	10	1	14	775	0	0	0
3.539	1	1	354	10	1	14	775	0	0	1
3.54	1	1	355	1	1	14	775	0	0	0
3.54	1	1	355	1	1	14	775	0	0	1
3.541	1	1	355	2	1	14	775	0	0	0
3.541	1	1	355	2	1	14	775	0	0	1
3.542	1	1	355	3	1	14	775	0	0	0
3.542	1	1	355	3	1	14	775	0	0	1
3.543	1	1	355	4	1	14	775	0	0	0
3.543	1	1	355	4	1	14	775	0	0	1
3.544	1	1	355	5	1	14	775	0	0	0
3.544	1	1	355	5	1	14	775	0	0	1
3.545	1	1	355	6	1	14	775	0	0	0
3.545	1	1	355	6	1	14	775	0	0	1
3.546	1	1	355	7	1	14	775	0	0	0
3.546	1	1	355	7	1	14	775	0	0	1
3.547	1	1	355	8	1	14	775	0	0	0
3.547	1	1	355	8	1	14	775	0	0	1
3.548	1	1	355	9	1	14	775	0	0	0
3.548	1	1	355	9	1	14	775	0	0	1
3.549	1	1	355	10	1	14	775	0	0	0
3.549	1	1	355	10	1	14	775	0	0	1
3.55	1	1	356	1	1	14	775	0	0	0
3.55	1	1	356	1	1	14	775	0	0	1
3.551	1	1	356	2	1	14	775	0	0	0
3.551	1	1	356	2	1	14	775	0	0	1
3.552	1	1	356	3	1	14	775	0	0	0
3.552	1	1	356	3	1	14	775	0	0	1
3.553	1	1	356	4	1	14	775	0	0	0
3.553	1	1	356	4	1	14	775	0	0	1
3.554	1	1	356	5	1	14	775	0	0	0
3.554	1	1	356	5	1	14	775	0	0	1
3.555	1	1	356	6	1	14	775	0	0	0
3.555	1	1	356	6	1	14	775	0	0	1
3.556	1	1	356	7	1	14	775	0	0	0
3.556	1	1	356	7	1	14	775	0	0	1
3.557	1	1	356	8	1	14	775	0	0	0
3.557	1	1	356	8	1	14	775	0	0	1
3.558	1	1	356	9	1	16	903	0	0	0
3.558	1	1	356	9	1	16	903	0	0	1
3.559	1	1	356	10	1	16	903	0	0	0
3.559	1	1	356	10	1	16	903	0	0	1
3.56	1	1	357	1	1	16	903	0	0	0
3.56	1	1	357	1	1	16	903	0	0	1
3.561	1	1	357	2	1	16	903	0	0	0
3.561	1	1	357	2	1	16	903	0	0	1
3.562	1	1	357	3	1	16	903	0	0	0
3.562	1	1	357	3	1	16	903	0	0	1
3.563	1	1	357	4	1	16	903	0	0	0
3.563	1	1	357	4	1	16	903	0	0	1
3.564	1	1	357	5	1	16	903	0	0	0
3.564	1	1	357	5	1	16	903	0	0	1
3.565	1	1	357	6	1	16	903	0	0	0
3.565	1	1	357	6	1	16	903	0	0	1
3.566	1	1	357	7	1	16	903	0	0	0
3.566	1	1	357	7	1	16	903	0	0	1
3.567	1	1	357	8	1	16	903	0	0	0
3.567	1	1	357	8	1	16	903	0	0	1
3.568	1	1	357	9	1	18	967	0	0	0
3.568	1	1	357	9	1	18	967	0	0	1
3.569	1	1	357	10	1	18	967	0	0	0
3.569	1	1	357	10	1	18	967	0	0	1
3.57	1	1	358	1	1	18	967	0	0	0
3.57	1	1	358	1	1	18	967	0	0	1
3.571	1	1	358	2	1	18	967	0	0	0
3.571	1	1	358	2	1	18	967	0	0	1
3.572	1	1	358	3	1	18	967	0	0	0
3.572	1	1	358	3	1	18	967	0	0	1
3.573	1	1	358	4	1	18	967	0	0	0
3.573	1	1	358	4	1	18	967	0	0	1
3.574	1	1	358	5	1	18	967	0	0	0
3.574	1	1	358	5	1	18	967	0	0	1
3.575	1	1	358	6	1	18	967	0	0	0
3.575	1	1	358	6	1	18	967	0	0	1
3.576	1	1	358	7	1	20	1191	0	0	0
3.576	1	1	358	7	1	20	1191	0	0	1
3.577	1	1	358	8	1	20	1191	0	0	0
3.577	1	1	358	8	1	20	1191	0	0	1
3.578	1	1	358	9	1	20	1191	0	0	0
3.578	1	1	358	9	1	20	1191	0	0	1
3.579	1	1	358	10	1	20	1191	0	0	0
3.579	1	1	358	10	1	20	1191	0	0	1
3.58	1	1	359	1	1	20	1191	0	0	0
3.58	1	1	359	1	1	20	1191	0	0	1
3.581	1	1	359	2	1	20	1191	0	0	0
3.581	1	1	359	2	1	20	1191	0	0	1
3.583	1	1	359	4	1	20	1191	0	0	0
3.583	1	1	359	4	1	20	1191	0	0	1
3.584	1	1	359	5	1	22	1383	0	0	0
3.584	1	1	359	5	1	22	1383	0	0	1
3.585	1	1	359	6	1	22	1383	0	0	0
3.585	1	1	359	6	1	22	1383	0	0	1
3.586	1	1	359	7	1	22	1383	0	0	0
3.586	1	1	359	7	1	22	1383	0	0	1
3.587	1	1	359	8	1	22	1383	0	0	0
3.587	1	1	359	8	1	22	1383	0	0	1
3.588	1	1	359	9	1	22	1383	0	0	0
3.588	1	1	359	9	1	22	1383	0	0	1
3.589	1	1	359	10	1	22	1383	0	0	0
3.589	1	1	359	10	1	22	1383	0	0	1
3.59	1	1	360	1	1	22	1383	0	0	0
3.59	1	1	360	1	1	22	1383	0	0	1
3.591	1	1	360	2	1	22	1383	0	0	0
3.591	1	1	360	2	1	22	1383	0	0	1
3.592	1	1	360	3	1	22	1383	0	0	0
3.592	1	1	360	3	1	22	1383	0	0	1
3.593	1	1	360	4	1	22	1383	0	0	0
3.593	1	1	360	4	1	22	1383	0	0	1
3.594	1	1	360	5	1	22	1383	0	0	0
3.594	1	1	360	5	1	22	1383	0	0	1
3.595	1	1	360	6	1	22	1383	0	0	0
3.595	1	1	360	6	1	22	1383	0	0	1
3.596	1	1	360	7	1	24	1620	0	0	0
3.596	1	1	360	7	1	24	1620	0	0	1
3.597	1	1	360	8	1	24	1620	0	0	0
3.597	1	1	360	8	1	24	1620	0	0	1
3.598	1	1	360	9	1	24	1620	0	0	0
3.598	1	1	360	9	1	24	1620	0	0	1
3.599	1	1	360	10	1	24	1620	0	0	0
3.599	1	1	360	10	1	24	1620	0	0	1
3.601	1	1	361	2	1	24	1620	0	0	0
3.601	1	1	361	2	1	24	1620	0	0	1
3.602	1	1	361	3	1	24	1620	0	0	0
3.602	1	1	361	3	1	24	1620	0	0	1
3.603	1	1	361	4	1	24	1620	0	0	0
3.603	1	1	361	4	1	24	1620	0	0	1
3.604	1	1	361	5	1	24	1620	0	0	0
3.604	1	1	361	5	1	24	1620	0	0	1
3.605	1	1	361	6	1	24	1620	0	0	0
3.606	1	1	361	7	1	24	1620	0	0	0
3.607	1	1	361	8	1	24	1620	0	0	0
3.608	1	1	361	9	1	24	1620	0	0	0
3.608	1	1	361	9	1	24	1620	0	0	1
3.609	1	1	361	10	1	24	1620	0	0	0
3.609	1	1	361	10	1	24	1620	0	0	1
3.61	1	1	362	1	1	24	1620	0	0	0
3.61	1	1	362	1	1	24	1620	0	0	1
3.611	1	1	362	2	1	24	1620	0	0	0
3.611	1	1	362	2	1	24	1620	0	0	1
3.612	1	1	362	3	1	24	1620	0	0	0
3.613	1	1	362	4	1	24	1620	0	0	0
3.613	1	1	362	4	1	24	1620	0	0	1
3.614	1	1	362	5	1	24	1620	0	0	0
3.614	1	1	362	5	1	24	1620	0	0	1
3.615	1	1	362	6	1	24	1620	0	0	0
3.615	1	1	362	6	1	24	1620	0	0	1
3.616	1	1	362	7	1	24	1620	0	0	0
3.616	1	1	362	7	1	24	1620	0	0	1
3.617	1	1	362	8	1	24	1620	0	0	0
3.617	1	1	362	8	1	24	1620	0	0	1
3.618	1	1	362	9	1	24	1620	0	0	0
3.618	1	1	362	9	1	24	1620	0	0	1
3.62	1	1	363	1	1	24	1620	0	0	0
3.62	1	1	363	1	1	24	1620	0	0	1
3.621	1	1	363	2	1	24	1620	0	0	0
3.622	1	1	363	3	1	24	1620	0	0	0
3.623	1	1	363	4	1	24	1620	0	0	0
3.623	1	1	363	4	1	24	1620	0	0	1
3.624	1	1	363	5	1	24	1620	0	0	0
3.625	1	1	363	6	1	24	1620	0	0	0
3.625	1	1	363	6	1	24	1620	0	0	1
3.626	1	1	363	7	1	24	1620	0	0	0
3.626	1	1	363	7	1	24	1620	0	0	1
3.627	1	1	363	8	1	24	1620	0	0	0
3.627	1	1	363	8	1	24	1620	0	0	1
3.629	1	1	363	10	1	24	1620	0	0	0
3.629	1	1	363	10	1	24	1620	0	0	1
3.63	1	1	364	1	1	24	1620	0	0	0
3.63	1	1	364	1	1	24	1620	0	0	1
3.631	1	1	364	2	1	24	1620	0	0	0
3.631	1	1	364	2	1	24	1620	0	0	1
3.632	1	1	364	3	1	24	1620	0	0	0
3.632	1	1	364	3	1	24	1620	0	0	1
3.633	1	1	364	4	1	24	1620	0	0	0
3.633	1	1	364	4	1	24	1620	0	0	1
3.634	1	1	364	5	1	24	1620	0	0	0
3.634	1	1	364	5	1	24	1620	0	0	1
3.635	1	1	364	6	1	24	1620	0	0	0
3.635	1	1	364	6	1	24	1620	0	0	1
3.636	1	1	364	7	1	24	1620	0	0	0
3.636	1	1	364	7	1	24	1620	0	0	1
3.637	1	1	364	8	1	24	1620	0	0	0
3.638	1	1	364	9	1	24	1620	0	0	0
3.639	1	1	364	10	1	24	1620	0	0	0
3.64	1	1	365	1	1	24	1620	0	0	0
3.641	1	1	365	2	1	24	1620	0	0	0
3.641	1	1	365	2	1	24	1620	0	0	1
3.642	1	1	365	3	1	22	1383	0	0	0
3.642	1	1	365	3	1	22	1383	0	0	1
3.643	1	1	365	4	1	22	1383	0	0	0
3.643	1	1	365	4	1	22	1383	0	0	1
3.644	1	1	365	5	1	22	1383	0	0	0
3.644	1	1	365	5	1	22	1383	0	0	1
3.645	1	1	365	6	1	22	1383	0	0	0
3.645	1	1	365	6	1	22	1383	0	0	1
3.646	1	1	365	7	1	22	1383	0	0	0
3.646	1	1	365	7	1	22	1383	0	0	1
3.648	1	1	365	9	1	20	1191	0	0	0
3.648	1	1	365	9	1	20	1191	0	0	1
3.649	1	1	365	10	1	20	1191	0	0	0
3.649	1	1	365	10	1	20	1191	0	0	1
3.65	1	1	366	1	1	20	1191	0	0	0
3.65	1	1	366	1	1	20	1191	0	0	1
3.651	1	1	366	2	1	20	1191	0	0	0
3.651	1	1	366	2	1	20	1191	0	0	1
3.652	1	1	366	3	1	20	1191	0	0	0
3.652	1	1	366	3	1	20	1191	0	0	1
3.653	1	1	366	4	1	20	1191	0	0	0
3.653	1	1	366	4	1	20	1191	0	0	1
3.654	1	1	366	5	1	20	1191	0	0	0
3.654	1	1	366	5	1	20	1191	0	0	1
3.655	1	1	366	6	1	20	1191	0	0	0
3.655	1	1	366	6	1	20	1191	0	0	1
3.656	1	1	366	7	1	20	1191	0	0	0
3.656	1	1	366	7	1	20	1191	0	0	1
3.657	1	1	366	8	1	20	1191	0	0	0
3.657	1	1	366	8	1	20	1191	0	0	1
3.658	1	1	366	9	1	20	1191	0	0	0
3.658	1	1	366	9	1	20	1191	0	0	1
3.659	1	1	366	10	1	20	1191	0	0	0
3.659	1	1	366	10	1	20	1191	0	0	1
3.66	1	1	367	1	1	20	1191	0	0	0
3.66	1	1	367	1	1	20	1191	0	0	1
3.661	1	1	367	2	1	20	1191	0	0	0
3.661	1	1	367	2	1	20	1191	0	0	1
3.662	1	1	367	3	1	20	1191	0	0	0
3.662	1	1	367	3	1	20	1191	0	0	1
3.663	1	1	367	4	1	20	1191	0	0	0
3.663	1	1	367	4	1	20	1191	0	0	1
3.664	1	1	367	5	1	20	1191	0	0	0
3.664	1	1	367	5	1	20	1191	0	0	1
3.665	1	1	367	6	1	20	1191	0	0	0
3.665	1	1	367	6	1	20	1191	0	0	1
3.667	1	1	367	8	1	20	1191	0	0	0
3.667	1	1	367	8	1	20	1191	0	0	1
3.668	1	1	367	9	1	20	1191	0	0	0
3.668	1	1	367	9	1	20	1191	0	0	1
3.669	1	1	367	10	1	20	1191	0	0	0
3.669	1	1	367	10	1	20	1191	0	0	1
3.67	1	1	368	1	1	20	1191	0	0	0
3.67	1	1	368	1	1	20	1191	0	0	1
3.671	1	1	368	2	1	20	1191	0	0	0
3.671	1	1	368	2	1	20	1191	0	0	1
3.672	1	1	368	3	1	22	1383	0	0	0
3.672	1	1	368	3	1	22	1383	0	0	1
3.673	1	1	368	4	1	22	1383	0	0	0
3.673	1	1	368	4	1	22	1383	0	0	1
3.674	1	1	368	5	1	22	1383	0	0	0
3.674	1	1	368	5	1	22	1383	0	0	1
3.675	1	1	368	6	1	22	1383	0	0	0
3.675	1	1	368	6	1	22	1383	0	0	1
3.676	1	1	368	7	1	22	1383	0	0	0
3.676	1	1	368	7	1	22	1383	0	0	1
3.677	1	1	368	8	1	22	1383	0	0	0
3.677	1	1	368	8	1	22	1383	0	0	1
3.678	1	1	368	9	1	22	1383	0	0	0
3.678	1	1	368	9	1	22	1383	0	0	1
3.679	1	1	368	10	1	22	1383	0	0	0
3.679	1	1	368	10	1	22	1383	0	0	1
3.68	1	1	369	1	1	22	1383	0	0	0
3.68	1	1	369	1	1	22	1383	0	0	1
3.681	1	1	369	2	1	22	1383	0	0	0
3.681	1	1	369	2	1	22	1383	0	0	1
3.682	1	1	369	3	1	22	1383	0	0	0
3.682	1	1	369	3	1	22	1383	0	0	1
3.683	1	1	369	4	1	22	1383	0	0	0
3.683	1	1	369	4	1	22	1383	0	0	1
3.685	1	1	369	6	1	22	1383	0	0	0
3.685	1	1	369	6	1	22	1383	0	0	1
3.686	1	1	369	7	1	22	1383	0	0	0
3.686	1	1	369	7	1	22	1383	0	0	1
3.687	1	1	369	8	1	22	1383	0	0	0
3.687	1	1	369	8	1	22	1383	0	0	1
3.688	1	1	369	9	1	22	1383	0	0	0
3.688	1	1	369	9	1	22	1383	0	0	1
3.689	1	1	369	10	1	22	1383	0	0	0
3.689	1	1	369	10	1	22	1383	0	0	1
3.69	1	1	370	1	1	24	1620	0	0	0
3.69	1	1	370	1	1	24	1620	0	0	1
3.691	1	1	370	2	1	24	1620	0	0	0
3.691	1	1	370	2	1	24	1620	0	0	1
3.692	1	1	370	3	1	24	1620	0	0	0
3.692	1	1	370	3	1	24	1620	0	0	1
3.693	1	1	370	4	1	24	1620	0	0	0
3.693	1	1	370	4	1	24	1620	0	0	1
3.695	1	1	370	6	1	24	1620	0	0	0
3.695	1	1	370	6	1	24	1620	0	0	1
3.696	1	1	370	7	1	24	1620	0	0	0
3.696	1	1	370	7	1	24	1620	0	0	1
3.697	1	1	370	8	1	24	1620	0	0	0
3.697	1	1	370	8	1	24	1620	0	0	1
3.698	1	1	370	9	1	24	1620	0	0	0
3.698	1	1	370	9	1	24	1620	0	0	1
3.699	1	1	370	10	1	24	1620	0	0	0
3.699	1	1	370	10	1	24	1620	0	0	1
3.7	1	1	371	1	1	24	1620	0	0	0
3.701	1	1	371	2	1	24	1620	0	0	0
3.702	1	1	371	3	1	24	1620	0	0	0
3.703	1	1	371	4	1	24	1620	0	0	0
3.703	1	1	371	4	1	24	1620	0	0	1
3.704	1	1	371	5	1	24	1620	0	0	0
3.704	1	1	371	5	1	24	1620	0	0	1
3.705	1	1	371	6	1	24	1620	0	0	0
3.705	1	1	371	6	1	24	1620	0	0	1
3.706	1	1	371	7	1	24	1620	0	0	0
3.707	1	1	371	8	1	24	1620	0	0	0
3.707	1	1	371	8	1	24	1620	0	0	1
3.708	1	1	371	9	1	24	1620	0	0	0
3.708	1	1	371	9	1	24	1620	0	0	1
3.709	1	1	371	10	1	24	1620	0	0	0
3.709	1	1	371	10	1	24	1620	0	0	1
3.71	1	1	372	1	1	24	1620	0	0	0
3.71	1	1	372	1	1	24	1620	0	0	1
3.711	1	1	372	2	1	24	1620	0	0	0
3.711	1	1	372	2	1	24	1620	0	0	1
3.713	1	1	372	4	1	24	1620	0	0	0
3.713	1	1	372	4	1	24	1620	0	0	1
3.714	1	1	372	5	1	24	1620	0	0	0
3.714	1	1	372	5	1	24	1620	0	0	1
3.715	1	1	372	6	1	24	1620	0	0	0
3.715	1	1	372	6	1	24	1620	0	0	1
3.716	1	1	372	7	1	24	1620	0	0	0
3.717	1	1	372	8	1	24	1620	0	0	0
3.718	1	1	372	9	1	24	1620	0	0	0
3.719	1	1	372	10	1	24	1620	0	0	0
3.719	1	1	372	10	1	24	1620	0	0	1
3.72	1	1	373	1	1	24	1620	0	0	0
3.72	1	1	373	1	1	24	1620	0	0	1
3.721	1	1	373	2	1	24	1620	0	0	0
3.721	1	1	373	2	1	24	1620	0	0	1
3.722	1	1	373	3	1	24	1620	0	0	0
3.722	1	1	373	3	1	24	1620	0	0	1
3.723	1	1	373	4	1	24	1620	0	0	0
3.723	1	1	373	4	1	24	1620	0	0	1
3.724	1	1	373	5	1	24	1620	0	0	0
3.725	1	1	373	6	1	24	1620	0	0	0
3.725	1	1	373	6	1	24	1620	0	0	1
3.726	1	1	373	7	1	24	1620	0	0	0
3.726	1	1	373	7	1	24	1620	0	0	1
3.727	1	1	373	8	1	24	1620	0	0	0
3.727	1	1	373	8	1	24	1620	0	0	1
3.728	1	1	373	9	1	24	1620	0	0	0
3.728	1	1	373	9	1	24	1620	0	0	1
3.729	1	1	373	10	1	24	1620	0	0	0
3.729	1	1	373	10	1	24	1620	0	0	1
3.73	1	1	374	1	1	24	1620	0	0	0
3.73	1	1	374	1	1	24	1620	0	0	1
3.732	1	1	374	3	1	24	1620	0	0	0
3.733	1	1	374	4	1	24	1620	0	0	0
3.734	1	1	374	5	1	24	1620	0	0	0
3.734	1	1	374	5	1	24	1620	0	0	1
3.735	1	1	374	6	1	24	1620	0	0	0
3.735	1	1	374	6	1	24	1620	0	0	1
3.736	1	1	374	7	1	24	1620	0	0	0
3.737	1	1	374	8	1	24	1620	0	0	0
3.737	1	1	374	8	1	24	1620	0	0	1
3.738	1	1	374	9	1	24	1620	0	0	0
3.738	1	1	374	9	1	24	1620	0	0	1
3.739	1	1	374	10	1	24	1620	0	0	0
3.739	1	1	374	10	1	24	1620	0	0	1
3.741	1	1	375	2	1	24	1620	0	0	0
3.741	1	1	375	2	1	24	1620	0	0	1
3.742	1	1	375	3	1	24	1620	0	0	0
3.742	1	1	375	3	1	24	1620	0	0	1
3.743	1	1	375	4	1	24	1620	0	0	0
3.743	1	1	375	4	1	24	1620	0	0	1
3.744	1	1	375	5	1	24	1620	0	0	0
3.744	1	1	375	5	1	24	1620	0	0	1
3.745	1	1	375	6	1	24	1620	0	0	0
3.745	1	1	375	6	1	24	1620	0	0	1
3.746	1	1	375	7	1	24	1620	0	0	0
3.746	1	1	375	7	1	24	1620	0	0	1
3.747	1	1	375	8	1	24	1620	0	0	0
3.747	1	1	375	8	1	24	1620	0	0	1
3.748	1	1	375	9	1	24	1620	0	0	0
3.749	1	1	375	10	1	24	1620	0	0	0
3.75	1	1	376	1	1	24	1620	0	0	0
3.751	1	1	376	2	1	24	1620	0	0	0
3.751	1	1	376	2	1	24	1620	0	0	1
3.752	1	1	376	3	1	22	1383	0	0	0
3.753	1	1	376	4	1	22	1383	0	0	0
3.753	1	1	376	4	1	22	1383	0	0	1
3.754	1	1	376	5	1	22	1383	0	0	0
3.754	1	1	376	5	1	22	1383	0	0	1
3.755	1	1	376	6	1	22	1383	0	0	0
3.755	1	1	376	6	1	22	1383	0	0	1
3.756	1	1	376	7	1	22	1383	0	0	0
3.756	1	1	376	7	1	22	1383	0	0	1
3.757	1	1	376	8	1	22	1383	0	0	0
3.757	1	1	376	8	1	22	1383	0	0	1
3.758	1	1	376	9	1	22	1383	0	0	0
3.758	1	1	376	9	1	22	1383	0	0	1
3.76	1	1	377	1	1	22	1383	0	0	0
3.76	1	1	377	1	1	22	1383	0	0	1
3.761	1	1	377	2	1	22	1383	0	0	0
3.761	1	1	377	2	1	22	1383	0	0	1
3.762	1	1	377	3	1	22	1383	0	0	0
3.762	1	1	377	3	1	22	1383	0	0	1
3.763	1	1	377	4	1	22	1383	0	0	0
3.763	1	1	377	4	1	22	1383	0	0	1
3.764	1	1	377	5	1	22	1383	0	0	0
3.764	1	1	377	5	1	22	1383	0	0	1
3.765	1	1	377	6	1	22	1383	0	0	0
3.765	1	1	377	6	1	22	1383	0	0	1
3.766	1	1	377	7	1	22	1383	0	0	0
3.766	1	1	377	7	1	22	1383	0	0	1
3.767	1	1	377	8	1	22	1383	0	0	0
3.767	1	1	377	8	1	22	1383	0	0	1
3.768	1	1	377	9	1	22	1383	0	0	0
3.768	1	1	377	9	1	22	1383	0	0	1
3.769	1	1	377	10	1	22	1383	0	0	0
3.769	1	1	377	10	1	22	1383	0	0	1
3.77	1	1	378	1	1	22	1383	0	0	0
3.77	1	1	378	1	1	22	1383	0	0	1
3.771	1	1	378	2	1	22	1383	0	0	0
3.771	1	1	378	2	1	22	1383	0	0	1
3.772	1	1	378	3	1	22	1383	0	0	0
3.772	1	1	378	3	1	22	1383	0	0	1
3.773	1	1	378	4	1	22	1383	0	0	0
3.773	1	1	378	4	1	22	1383	0	0	1
3.774	1	1	378	5	1	22	1383	0	0	0
3.774	1	1	378	5	1	22	1383	0	0	1
3.775	1	1	378	6	1	22	1383	0	0	0
3.775	1	1	378	6	1	22	1383	0	0	1
3.776	1	1	378	7	1	22	1383	0	0	0
3.776	1	1	378	7	1	22	1383	0	0	1
3.777	1	1	378	8	1	22	1383	0	0	0
3.777	1	1	378	8	1	22	1383	0	0	1
3.779	1	1	378	10	1	22	1383	0	0	0
3.779	1	1	378	10	1	22	1383	0	0	1
3.78	1	1	379	1	1	22	1383	0	0	0
3.78	1	1	379	1	1	22	1383	0	0	1
3.781	1	1	379	2	1	22	1383	0	0	0
3.781	1	1	379	2	1	22	1383	0	0	1
3.782	1	1	379	3	1	24	1620	0	0	0
3.782	1	1	379	3	1	24	1620	0	0	1
3.783	1	1	379	4	1	24	1620	0	0	0
3.783	1	1	379	4	1	24	1620	0	0	1
3.784	1	1	379	5	1	24	1620	0	0	0
3.784	1	1	379	5	1	24	1620	0	0	1
3.785	1	1	379	6	1	24	1620	0	0	0
3.785	1	1	379	6	1	24	1620	0	0	1
3.786	1	1	379	7	1	24	1620	0	0	0
3.786	1	1	379	7	1	24	1620	0	0	1
3.788	1	1	379	9	1	24	1620	0	0	0
3.788	1	1	379	9	1	24	1620	0	0	1
3.789	1	1	379	10	1	24	1620	0	0	0
3.789	1	1	379	10	1	24	1620	0	0	1
3.79	1	1	380	1	1	24	1620	0	0	0
3.79	1	1	380	1	1	24	1620	0	0	1
3.791	1	1	380	2	1	24	1620	0	0	0
3.791	1	1	380	2	1	24	1620	0	0	1
3.792	1	1	380	3	1	24	1620	0	0	0
3.792	1	1	380	3	1	24	1620	0	0	1
3.793	1	1	380	4	1	24	1620	0	0	0
3.793	1	1	380	4	1	24	1620	0	0	1
3.794	1	1	380	5	1	24	1620	0	0	0
3.795	1	1	380	6	1	24	1620	0	0	0
3.796	1	1	380	7	1	24	1620	0	0	0
3.797	1	1	380	8	1	24	1620	0	0	0
3.797	1	1	380	8	1	24	1620	0	0	1
3.798	1	1	380	9	1	24	1620	0	0	0
3.798	1	1	380	9	1	24	1620	0	0	1
3.799	1	1	380	10	1	24	1620	0	0	0
3.8	1	1	381	1	1	24	1620	0	0	0
3.8	1	1	381	1	1	24	1620	0	0	1
3.801	1	1	381	2	1	24	1620	0	0	0
3.801	1	1	381	2	1	24	1620	0	0	1
3.802	1	1	381	3	1	24	1620	0	0	0
3.802	1	1	381	3	1	24	1620	0	0	1
3.803	1	1	381	4	1	24	1620	0	0	0
3.803	1	1	381	4	1	24	1620	0	0	1
3.804	1	1	381	5	1	24	1620	0	0	0
3.804	1	1	381	5	1	24	1620	0	0	1
3.805	1	1	381	6	1	24	1620	0	0	0
3.805	1	1	381	6	1	24	1620	0	0	1
3.807	1	1	381	8	1	24	1620	0	0	0
3.807	1	1	381	8	1	24	1620	0	0	1
3.808	1	1	381	9	1	24	1620	0	0	0
3.808	1	1	381	9	1	24	1620	0	0	1
3.809	1	1	381	10	1	24	1620	0	0	0
3.809	1	1	381	10	1	24	1620	0	0	1
3.81	1	1	382	1	1	24	1620	0	0	0
3.81	1	1	382	1	1	24	1620	0	0	1
3.811	1	1	382	2	1	24	1620	0	0	0
3.812	1	1	382	3	1	24	1620	0	0	0
3.813	1	1	382	4	1	24	1620	0	0	0
3.814	1	1	382	5	1	24	1620	0	0	0
3.814	1	1	382	5	1	24	1620	0	0	1
3.815	1	1	382	6	1	24	1620	0	0	0
3.815	1	1	382	6	1	24	1620	0	0	1
3.816	1	1	382	7	1	24	1620	0	0	0
3.816	1	1	382	7	1	24	1620	0	0	1
3.817	1	1	382	8	1	24	1620	0	0	0
3.817	1	1	382	8	1	24	1620	0	0	1
3.818	1	1	382	9	1	24	1620	0	0	0
3.819	1	1	382	10	1	24	1620	0	0	0
3.819	1	1	382	10	1	24	1620	0	0	1
3.82	1	1	383	1	1	24	1620	0	0	0
3.82	1	1	383	1	1	24	1620	0	0	1
3.821	1	1	383	2	1	24	1620	0	0	0
3.821	1	1	383	2	1	24	1620	0	0	1
3.822	1	1	383	3	1	24	1620	0	0	0
3.822	1	1	383	3	1	24	1620	0	0	1
3.823	1	1	383	4	1	24	1620	0	0	0
3.823	1	1	383	4	1	24	1620	0	0	1
3.825	1	1	383	6	1	24	1620	0	0	0
3.825	1	1	383	6	1	24	1620	0	0	1
3.826	1	1	383	7	1	24	1620	0	0	0
3.826	1	1	383	7	1	24	1620	0	0	1
3.827	1	1	383	8	1	24	1620	0	0	0
3.828	1	1	383	9	1	24	1620	0	0	0
3.829	1	1	383	10	1	24	1620	0	0	0
3.829	1	1	383	10	1	24	1620	0	0	1
3.83	1	1	384	1	1	24	1620	0	0	0
3.831	1	1	384	2	1	24	1620	0	0	0
3.831	1	1	384	2	1	24	1620	0	0	1
3.832	1	1	384	3	1	24	1620	0	0	0
3.832	1	1	384	3	1	24	1620	0	0	1
3.833	1	1	384	4	1	24	1620	0	0	0
3.833	1	1	384	4	1	24	1620	0	0	1
3.835	1	1	384	6	1	24	1620	0	0	0
3.835	1	1	384	6	1	24	1620	0	0	1
3.836	1	1	384	7	1	22	1383	0	0	0
3.836	1	1	384	7	1	22	1383	0	0	1
3.837	1	1	384	8	1	22	1383	0	0	0
3.837	1	1	384	8	1	22	1383	0	0	1
3.838	1	1	384	9	1	22	1383	0	0	0
3.838	1	1	384	9	1	22	1383	0	0	1
3.839	1	1	384	10	1	22	1383	0	0	0
3.839	1	1	384	10	1	22	1383	0	0	1
3.84	1	1	385	1	1	22	1383	0	0	0
3.84	1	1	385	1	1	22	1383	0	0	1
3.841	1	1	385	2	1	22	1383	0	0	0
3.841	1	1	385	2	1	22	1383	0	0	1
3.842	1	1	385	3	1	22	1383	0	0	0
3.843	1	1	385	4	1	22	1383	0	0	0
3.843	1	1	385	4	1	22	1383	0	0	1
3.844	1	1	385	5	1	22	1383	0	0	0
3.844	1	1	385	5	1	22	1383	0	0	1
3.845	1	1	385	6	1	22	1383	0	0	0
3.845	1	1	385	6	1	22	1383	0	0	1
3.846	1	1	385	7	1	22	1383	0	0	0
3.846	1	1	385	7	1	22	1383	0	0	1
3.847	1	1	385	8	1	22	1383	0	0	0
3.847	1	1	385	8	1	22	1383	0	0	1
3.848	1	1	385	9	1	22	1383	0	0	0
3.848	1	1	385	9	1	22	1383	0	0	1
3.849	1	1	385	10	1	22	1383	0	0	0
3.849	1	1	385	10	1	22	1383	0	0	1
3.85	1	1	386	1	1	20	1191	0	0	0
3.85	1	1	386	1	1	20	1191	0	0	1
3.851	1	1	386	2	1	20	1191	0	0	0
3.851	1	1	386	2	1	20	1191	0	0	1
3.853	1	1	386	4	1	20	1191	0	0	0
3.853	1	1	386	4	1	20	1191	0	0	1
3.854	1	1	386	5	1	20	1191	0	0	0
3.854	1	1	386	5	1	20	1191	0	0	1
3.855	1	1	386	6	1	20	1191	0	0	0
3.855	1	1	386	6	1	20	1191	0	0	1
3.856	1	1	386	7	1	20	1191	0	0	0
3.856	1	1	386	7	1	20	1191	0	0	1
3.857	1	1	386	8	1	20	1191	0	0	0
3.857	1	1	386	8	1	20	1191	0	0	1
3.858	1	1	386	9	1	20	1191	0	0	0
3.858	1	1	386	9	1	20	1191	0	0	1
3.859	1	1	386	10	1	20	1191	0	0	0
3.859	1	1	386	10	1	20	1191	0	0	1
3.86	1	1	387	1	1	20	1191	0	0	0
3.86	1	1	387	1	1	20	1191	0	0	1
3.861	1	1	387	2	1	20	1191	0	0	0
3.861	1	1	387	2	1	20	1191	0	0	1
3.862	1	1	387	3	1	20	1191	0	0	0
3.862	1	1	387	3	1	20	1191	0	0	1
3.863	1	1	387	4	1	20	1191	0	0	0
3.863	1	1	387	4	1	20	1191	0	0	1
3.864	1	1	387	5	1	20	1191	0	0	0
3.864	1	1	387	5	1	20	1191	0	0	1
3.865	1	1	387	6	1	20	1191	0	0	0
3.865	1	1	387	6	1	20	1191	0	0	1
3.866	1	1	387	7	1	22	1383	0	0	0
3.866	1	1	387	7	1	22	1383	0	0	1
3.867	1	1	387	8	1	22	1383	0	0	0
3.867	1	1	387	8	1	22	1383	0	0	1
3.868	1	1	387	9	1	22	1383	0	0	0
3.868	1	1	387	9	1	22	1383	0	0	1
3.869	1	1	387	10	1	22	1383	0	0	0
3.869	1	1	387	10	1	22	1383	0	0	1
3.87	1	1	388	1	1	22	1383	0	0	0
3.87	1	1	388	1	1	22	1383	0	0	1
3.872	1	1	388	3	1	22	1383	0	0	0
3.872	1	1	388	3	1	22	1383	0	0	1
3.873	1	1	388	4	1	22	1383	0	0	0
3.873	1	1	388	4	1	22	1383	0	0	1
3.874	1	1	388	5	1	22	1383	0	0	0
3.874	1	1	388	5	1	22	1383	0	0	1
3.875	1	1	388	6	1	22	1383	0	0	0
3.875	1	1	388	6	1	22	1383	0	0	1
3.876	1	1	388	7	1	22	1383	0	0	0
3.876	1	1	388	7	1	22	1383	0	0	1
3.877	1	1	388	8	1	22	1383	0	0	0
3.877	1	1	388	8	1	22	1383	0	0	1
3.878	1	1	388	9	1	24	1620	0	0	0
3.878	1	1	388	9	1	24	1620	0	0	1
3.879	1	1	388	10	1	24	1620	0	0	0
3.879	1	1	388	10	1	24	1620	0	0	1
3.881	1	1	389	2	1	24	1620	0	0	0
3.881	1	1	389	2	1	24	1620	0	0	1
3.882	1	1	389	3	1	24	1620	0	0	0
3.882	1	1	389	3	1	24	1620	0	0	1
3.883	1	1	389	4	1	24	1620	0	0	0
3.883	1	1	389	4	1	24	1620	0	0	1
3.884	1	1	389	5	1	24	1620	0	0	0
3.884	1	1	389	5	1	24	1620	0	0	1
3.885	1	1	389	6	1	24	1620	0	0	0
3.885	1	1	389	6	1	24	1620	0	0	1
3.886	1	1	389	7	1	24	1620	0	0	0
3.886	1	1	389	7	1	24	1620	0	0	1
3.887	1	1	389	8	1	24	1620	0	0	0
3.887	1	1	389	8	1	24	1620	0	0	1
3.888	1	1	389	9	1	26	1836	0	0	0
3.888	1	1	389	9	1	26	1836	0	0	1
3.889	1	1	389	10	1	26	1836	0	0	0
3.891	1	1	390	2	1	26	1836	0	0	0
3.892	1	1	390	3	1	26	1836	0	0	0
3.893	1	1	390	4	1	26	1836	0	0	0
3.893	1	1	390	4	1	26	1836	0	0	1
3.894	1	1	390	5	1	26	1836	0	0	0
3.894	1	1	390	5	1	26	1836	0	0	1
3.895	1	1	390	6	1	26	1836	0	0	0
3.895	1	1	390	6	1	26	1836	0	0	1
3.896	1	1	390	7	1	26	1836	0	0	0
3.896	1	1	390	7	1	26	1836	0	0	1
3.897	1	1	390	8	1	26	1836	0	0	0
3.897	1	1	390	8	1	26	1836	0	0	1
3.898	1	1	390	9	1	26	1836	0	0	0
3.898	1	1	390	9	1	26	1836	0	0	1
3.9	1	1	391	1	1	26	1836	0	0	0
3.9	1	1	391	1	1	26	1836	0	0	1
3.901	1	1	391	2	1	26	1836	0	0	0
3.901	1	1	391	2	1	26	1836	0	0	1
3.902	1	1	391	3	1	26	1836	0	0	0
3.902	1	1	391	3	1	26	1836	0	0	1
3.903	1	1	391	4	1	26	1836	0	0	0
3.903	1	1	391	4	1	26	1836	0	0	1
3.904	1	1	391	5	1	26	1836	0	0	0
3.904	1	1	391	5	1	26	1836	0	0	1
3.905	1	1	391	6	1	26	1836	0	0	0
3.906	1	1	391	7	1	26	1836	0	0	0
3.907	1	1	391	8	1	26	1836	0	0	0
3.908	1	1	391	9	1	26	1836	0	0	0
3.908	1	1	391	9	1	26	1836	0	0	1
3.909	1	1	391	10	1	26	1836	0	0	0
3.909	1	1	391	10	1	26	1836	0	0	1
3.91	1	1	392	1	1	26	1836	0	0	0
3.91	1	1	392	1	1	26	1836	0	0	1
3.911	1	1	392	2	1	26	1836	0	0	0
3.912	1	1	392	3	1	26	1836	0	0	0
3.912	1	1	392	3	1	26	1836	0	0	1
3.913	1	1	392	4	1	26	1836	0	0	0
3.913	1	1	392	4	1	26	1836	0	0	1
3.914	1	1	392	5	1	26	1836	0	0	0
3.914	1	1	392	5	1	26	1836	0	0	1
3.915	1	1	392	6	1	26	1836	0	0	0
3.915	1	1	392	6	1	26	1836	0	0	1
3.916	1	1	392	7	1	26	1836	0	0	0
3.916	1	1	392	7	1	26	1836	0	0	1
3.917	1	1	392	8	1	26	1836	0	0	0
3.917	1	1	392	8	1	26	1836	0	0	1
3.919	1	1	392	10	1	26	1836	0	0	0
3.919	1	1	392	10	1	26	1836	0	0	1
3.92	1	1	393	1	1	26	1836	0	0	0
3.92	1	1	393	1	1	26	1836	0	0	1
3.921	1	1	393	2	1	26	1836	0	0	0
3.922	1	1	393	3	1	26	1836	0	0	0
3.923	1	1	393	4	1	26	1836	0	0	0
3.924	1	1	393	5	1	26	1836	0	0	0
3.924	1	1	393	5	1	26	1836	0	0	1
3.925	1	1	393	6	1	26	1836	0	0	0
3.925	1	1	393	6	1	26	1836	0	0	1
3.926	1	1	393	7	1	26	1836	0	0	0
3.926	1	1	393	7	1	26	1836	0	0	1
3.927	1	1	393	8	1	26	1836	0	0	0
3.927	1	1	393	8	1	26	1836	0	0	1
3.928	1	1	393	9	1	26	1836	0	0	0
3.928	1	1	393	9	1	26	1836	0	0	1
3.929	1	1	393	10	1	26	1836	0	0	0
3.929	1	1	393	10	1	26	1836	0	0	1
3.93	1	1	394	1	1	26	1836	0	0	0
3.931	1	1	394	2	1	26	1836	0	0	0
3.931	1	1	394	2	1	26	1836	0	0	1
3.932	1	1	394	3	1	26	1836	0	0	0
3.932	1	1	394	3	1	26	1836	0	0	1
3.933	1	1	394	4	1	26	1836	0	0	0
3.933	1	1	394	4	1	26	1836	0	0	1
3.934	1	1	394	5	1	26	1836	0	0	0
3.934	1	1	394	5	1	26	1836	0	0	1
3.935	1	1	394	6	1	26	1836	0	0	0
3.935	1	1	394	6	1	26	1836	0	0	1
3.937	1	1	394	8	1	26	1836	0	0	0
3.938	1	1	394	9	1	26	1836	0	0	0
3.939	1	1	394	10	1	26	1836	0	0	0
3.939	1	1	394	10	1	26	1836	0	0	1
3.94	1	1	395	1	1	26	1836	0	0	0
3.94	1	1	395	1	1	26	1836	0	0	1
3.941	1	1	395	2	1	26	1836	0	0	0
3.941	1	1	395	2	1	26	1836	0	0	1
3.942	1	1	395	3	1	26	1836	0	0	0
3.943	1	1	395	4	1	26	1836	0	0	0
3.943	1	1	395	4	1	26	1836	0	0	1
3.944	1	1	395	5	1	24	1620	0	0	0
3.944	1	1	395	5	1	24	1620	0	0	1
3.945	1	1	395	6	1	24	1620	0	0	0
3.945	1	1	395	6	1	24	1620	0	0	1
3.947	1	1	395	8	1	24	1620	0	0	0
3.947	1	1	395	8	1	24	1620	0	0	1
3.948	1	1	395	9	1	24	1620	0	0	0
3.948	1	1	395	9	1	24	1620	0	0	1
3.949	1	1	395	10	1	24	1620	0	0	0
3.949	1	1	395	10	1	24	1620	0	0	1
3.95	1	1	396	1	1	24	1620	0	0	0
3.95	1	1	396	1	1	24	1620	0	0	1
3.951	1	1	396	2	1	24	1620	0	0	0
3.951	1	1	396	2	1	24	1620	0	0	1
3.952	1	1	396	3	1	22	1383	0	0	0
3.952	1	1	396	3	1	22	1383	0	0	1
3.953	1	1	396	4	1	22	1383	0	0	0
3.954	1	1	396	5	1	22	1383	0	0	0
3.955	1	1	396	6	1	22	1383	0	0	0
3.956	1	1	396	7	1	22	1383	0	0	0
3.956	1	1	396	7	1	22	1383	0	0	1
3.957	1	1	396	8	1	22	1383	0	0	0
3.957	1	1	396	8	1	22	1383	0	0	1
3.958	1	1	396	9	1	20	1191	0	0	0
3.959	1	1	396	10	1	20	1191	0	0	0
3.959	1	1	396	10	1	20	1191	0	0	1
3.96	1	1	397	1	1	20	1191	0	0	0
3.96	1	1	397	1	1	20	1191	0	0	1
3.961	1	1	397	2	1	20	1191	0	0	0
3.961	1	1	397	2	1	20	1191	0	0	1
3.962	1	1	397	3	1	20	1191	0	0	0
3.962	1	1	397	3	1	20	1191	0	0	1
3.963	1	1	397	4	1	20	1191	0	0	0
3.963	1	1	397	4	1	20	1191	0	0	1
3.965	1	1	397	6	1	20	1191	0	0	0
3.965	1	1	397	6	1	20	1191	0	0	1
3.966	1	1	397	7	1	20	1191	0	0	0
3.966	1	1	397	7	1	20	1191	0	0	1
3.967	1	1	397	8	1	20	1191	0	0	0
3.967	1	1	397	8	1	20	1191	0	0	1
3.968	1	1	397	9	1	18	967	0	0	0
3.968	1	1	397	9	1	18	967	0	0	1
3.969	1	1	397	10	1	18	967	0	0	0
3.969	1	1	397	10	1	18	967	0	0	1
3.97	1	1	398	1	1	20	1191	0	0	0
3.97	1	1	398	1	1	20	1191	0	0	1
3.971	1	1	398	2	1	20	1191	0	0	0
3.971	1	1	398	2	1	20	1191	0	0	1
3.972	1	1	398	3	1	20	1191	0	0	0
3.972	1	1	398	3	1	20	1191	0	0	1
3.973	1	1	398	4	1	20	1191	0	0	0
3.973	1	1	398	4	1	20	1191	0	0	1
3.974	1	1	398	5	1	20	1191	0	0	0
3.974	1	1	398	5	1	20	1191	0	0	1
3.975	1	1	398	6	1	20	1191	0	0	0
3.975	1	1	398	6	1	20	1191	0	0	1
3.976	1	1	398	7	1	20	1191	0	0	0
3.976	1	1	398	7	1	20	1191	0	0	1
3.977	1	1	398	8	1	20	1191	0	0	0
3.977	1	1	398	8	1	20	1191	0	0	1
3.978	1	1	398	9	1	20	1191	0	0	0
3.978	1	1	398	9	1	20	1191	0	0	1
3.979	1	1	398	10	1	20	1191	0	0	0
3.979	1	1	398	10	1	20	1191	0	0	1
3.98	1	1	399	1	1	20	1191	0	0	0
3.98	1	1	399	1	1	20	1191	0	0	1
3.981	1	1	399	2	1	20	1191	0	0	0
3.981	1	1	399	2	1	20	1191	0	0	1
3.982	1	1	399	3	1	22	1383	0	0	0
3.982	1	1	399	3	1	22	1383	0	0	1
3.984	1	1	399	5	1	22	1383	0	0	0
3.984	1	1	399	5	1	22	1383	0	0	1
3.985	1	1	399	6	1	22	1383	0	0	0
3.985	1	1	399	6	1	22	1383	0	0	1
3.986	1	1	399	7	1	22	1383	0	0	0
3.986	1	1	399	7	1	22	1383	0	0	1
3.987	1	1	399	8	1	22	1383	0	0	0
3.987	1	1	399	8	1	22	1383	0	0	1
3.988	1	1	399	9	1	22	1383	0	0	0
3.988	1	1	399	9	1	22	1383	0	0	1
3.989	1	1	399	10	1	22	1383	0	0	0
3.989	1	1	399	10	1	22	1383	0	0	1
3.99	1	1	400	1	1	22	1383	0	0	0
3.99	1	1	400	1	1	22	1383	0	0	1
3.991	1	1	400	2	1	22	1383	0	0	0
3.991	1	1	400	2	1	22	1383	0	0	1
3.993	1	1	400	4	1	22	1383	0	0	0
3.993	1	1	400	4	1	22	1383	0	0	1
3.994	1	1	400	5	1	24	1620	0	0	0
3.994	1	1	400	5	1	24	1620	0	0	1
3.995	1	1	400	6	1	24	1620	0	0	0
3.995	1	1	400	6	1	24	1620	0	0	1
3.996	1	1	400	7	1	24	1620	0	0	0
3.996	1	1	400	7	1	24	1620	0	0	1
3.997	1	1	400	8	1	24	1620	0	0	0
3.997	1	1	400	8	1	24	1620	0	0	1
3.998	1	1	400	9	1	24	1620	0	0	0
3.998	1	1	400	9	1	24	1620	0	0	1
3.999	1	1	400	10	1	24	1620	0	0	0
3.999	1	1	400	10	1	24	1620	0	0	1
4	1	1	401	1	1	24	1620	0	0	0
4	1	1	401	1	1	24	1620	0	0	1
4.001	1	1	401	2	1	24	1620	0	0	0
4.001	1	1	401	2	1	24	1620	0	0	1
4.003	1	1	401	4	1	24	1620	0	0	0
4.004	1	1	401	5	1	24	1620	0	0	0
4.005	1	1	401	6	1	24	1620	0	0	0
4.006	1	1	401	7	1	24	1620	0	0	0
4.006	1	1	401	7	1	24	1620	0	0	1
4.007	1	1	401	8	1	24	1620	0	0	0
4.007	1	1	401	8	1	24	1620	0	0	1
4.008	1	1	401	9	1	24	1620	0	0	0
4.008	1	1	401	9	1	24	1620	0	0	1
4.009	1	1	401	10	1	24	1620	0	0	0
4.009	1	1	401	10	1	24	1620	0	0	1
4.01	1	1	402	1	1	24	1620	0	0	0
4.01	1	1	402	1	1	24	1620	0	0	1
4.012	1	1	402	3	1	24	1620	0	0	0
4.012	1	1	402	3	1	24	1620	0	0	1
4.013	1	1	402	4	1	24	1620	0	0	0
4.013	1	1	402	4	1	24	1620	0	0	1
4.014	1	1	402	5	1	24	1620	0	0	0
4.014	1	1	402	5	1	24	1620	0	0	1
4.015	1	1	402	6	1	24	1620	0	0	0
4.015	1	1	402	6	1	24	1620	0	0	1
4.016	1	1	402	7	1	24	1620	0	0	0
4.016	1	1	402	7	1	24	1620	0	0	1
4.017	1	1	402	8	1	24	1620	0	0	0
4.017	1	1	402	8	1	24	1620	0	0	1
4.018	1	1	402	9	1	24	1620	0	0	0
4.019	1	1	402	10	1	24	1620	0	0	0
4.02	1	1	403	1	1	24	1620	0	0	0
4.021	1	1	403	2	1	24	1620	0	0	0
4.021	1	1	403	2	1	24	1620	0	0	1
4.022	1	1	403	3	1	24	1620	0	0	0
4.022	1	1	403	3	1	24	1620	0	0	1
4.023	1	1	403	4	1	24	1620	0	0	0
4.024	1	1	403	5	1	24	1620	0	0	0
4.024	1	1	403	5	1	24	1620	0	0	1
4.025	1	1	403	6	1	24	1620	0	0	0
4.025	1	1	403	6	1	24	1620	0	0	1
4.026	1	1	403	7	1	24	1620	0	0	0
4.026	1	1	403	7	1	24	1620	0	0	1
4.027	1	1	403	8	1	24	1620	0	0	0
4.027	1	1	403	8	1	24	1620	0	0	1
4.028	1	1	403	9	1	24	1620	0	0	0
4.028	1	1	403	9	1	24	1620	0	0	1
4.029	1	1	403	10	1	24	1620	0	0	0
4.029	1	1	403	10	1	24	1620	0	0	1
4.031	1	1	404	2	1	24	1620	0	0	0
4.031	1	1	404	2	1	24	1620	0	0	1
4.032	1	1	404	3	1	24	1620	0	0	0
4.032	1	1	404	3	1	24	1620	0	0	1
4.033	1	1	404	4	1	24	1620	0	0	0
4.033	1	1	404	4	1	24	1620	0	0	1
4.034	1	1	404	5	1	24	1620	0	0	0
4.035	1	1	404	6	1	24	1620	0	0	0
4.036	1	1	404	7	1	26	1836	0	0	0
4.037	1	1	404	8	1	26	1836	0	0	0
4.037	1	1	404	8	1	26	1836	0	0	1
4.038	1	1	404	9	1	26	1836	0	0	0
4.038	1	1	404	9	1	26	1836	0	0	1
4.039	1	1	404	10	1	26	1836	0	0	0
4.039	1	1	404	10	1	26	1836	0	0	1
4.04	1	1	405	1	1	24	1620	0	0	0
4.04	1	1	405	1	1	24	1620	0	0	1
4.041	1	1	405	2	1	24	1620	0	0	0
4.041	1	1	405	2	1	24	1620	0	0	1
4.042	1	1	405	3	1	24	1620	0	0	0
4.043	1	1	405	4	1	24	1620	0	0	0
4.043	1	1	405	4	1	24	1620	0	0	1
4.044	1	1	405	5	1	24	1620	0	0	0
4.044	1	1	405	5	1	24	1620	0	0	1
4.045	1	1	405	6	1	24	1620	0	0	0
4.045	1	1	405	6	1	24	1620	0	0	1
4.046	1	1	405	7	1	24	1620	0	0	0
4.046	1	1	405	7	1	24	1620	0	0	1
4.047	1	1	405	8	1	24	1620	0	0	0
4.047	1	1	405	8	1	24	1620	0	0	1
4.049	1	1	405	10	1	24	1620	0	0	0
4.05	1	1	406	1	1	24	1620	0	0	0
4.051	1	1	406	2	1	24	1620	0	0	0
4.051	1	1	406	2	1	24	1620	0	0	1
4.052	1	1	406	3	1	24	1620	0	0	0
4.052	1	1	406	3	1	24	1620	0	0	1
4.053	1	1	406	4	1	24	1620	0	0	0
4.053	1	1	406	4	1	24	1620	0	0	1
4.054	1	1	406	5	1	24	1620	0	0	0
4.055	1	1	406	6	1	24	1620	0	0	0
4.055	1	1	406	6	1	24	1620	0	0	1
4.056	1	1	406	7	1	24	1620	0	0	0
4.056	1	1	406	7	1	24	1620	0	0	1
4.057	1	1	406	8	1	24	1620	0	0	0
4.057	1	1	406	8	1	24	1620	0	0	1
4.059	1	1	406	10	1	24	1620	0	0	0
4.059	1	1	406	10	1	24	1620	0	0	1
4.06	1	1	407	1	1	24	1620	0	0	0
4.06	1	1	407	1	1	24	1620	0	0	1
4.061	1	1	407	2	1	24	1620	0	0	0
4.061	1	1	407	2	1	24	1620	0	0	1
4.062	1	1	407	3	1	24	1620	0	0	0
4.062	1	1	407	3	1	24	1620	0	0	1
4.063	1	1	407	4	1	24	1620	0	0	0
4.063	1	1	407	4	1	24	1620	0	0	1
4.064	1	1	407	5	1	24	1620	0	0	0
4.064	1	1	407	5	1	24	1620	0	0	1
4.065	1	1	407	6	1	24	1620	0	0	0
4.065	1	1	407	6	1	24	1620	0	0	1
4.066	1	1	407	7	1	24	1620	0	0	0
4.068	1	1	407	9	1	24	1620	0	0	0
4.069	1	1	407	10	1	24	1620	0	0	0
4.069	1	1	407	10	1	24	1620	0	0	1
4.07	1	1	408	1	1	24	1620	0	0	0
4.071	1	1	408	2	1	24	1620	0	0	0
4.071	1	1	408	2	1	24	1620	0	0	1
4.072	1	1	408	3	1	24	1620	0	0	0
4.072	1	1	408	3	1	24	1620	0	0	1
4.073	1	1	408	4	1	24	1620	0	0	0
4.073	1	1	408	4	1	24	1620	0	0	1
4.074	1	1	408	5	1	24	1620	0	0	0
4.074	1	1	408	5	1	24	1620	0	0	1
4.075	1	1	408	6	1	24	1620	0	0	0
4.075	1	1	408	6	1	24	1620	0	0	1
4.077	1	1	408	8	1	24	1620	0	0	0
4.077	1	1	408	8	1	24	1620	0	0	1
4.078	1	1	408	9	1	24	1620	0	0	0
4.078	1	1	408	9	1	24	1620	0	0	1
4.079	1	1	408	10	1	24	1620	0	0	0
4.079	1	1	408	10	1	24	1620	0	0	1
4.08	1	1	409	1	1	24	1620	0	0	0
4.08	1	1	409	1	1	24	1620	0	0	1
4.081	1	1	409	2	1	24	1620	0	0	0
4.081	1	1	409	2	1	24	1620	0	0	1
4.082	1	1	409	3	1	24	1620	0	0	0
4.082	1	1	409	3	1	24	1620	0	0	1
4.083	1	1	409	4	1	24	1620	0	0	0
4.084	1	1	409	5	1	24	1620	0	0	0
4.085	1	1	409	6	1	24	1620	0	0	0
4.086	1	1	409	7	1	24	1620	0	0	0
4.086	1	1	409	7	1	24	1620	0	0	1
4.087	1	1	409	8	1	24	1620	0	0	0
4.087	1	1	409	8	1	24	1620	0	0	1
4.088	1	1	409	9	1	24	1620	0	0	0
4.089	1	1	409	10	1	24	1620	0	0	0
4.089	1	1	409	10	1	24	1620	0	0	1
4.09	1	1	410	1	1	24	1620	0	0	0
4.09	1	1	410	1	1	24	1620	0	0	1
4.091	1	1	410	2	1	24	1620	0	0	0
4.091	1	1	410	2	1	24	1620	0	0	1
4.092	1	1	410	3	1	24	1620	0	0	0
4.092	1	1	410	3	1	24	1620	0	0	1
4.093	1	1	410	4	1	24	1620	0	0	0
4.093	1	1	410	4	1	24	1620	0	0	1
4.094	1	1	410	5	1	24	1620	0	0	0
4.094	1	1	410	5	1	24	1620	0	0	1
4.096	1	1	410	7	1	24	1620	0	0	0
4.096	1	1	410	7	1	24	1620	0	0	1
4.097	1	1	410	8	1	24	1620	0	0	0
4.097	1	1	410	8	1	24	1620	0	0	1
4.098	1	1	410	9	1	22	1383	0	0	0
4.098	1	1	410	9	1	22	1383	0	0	1
4.099	1	1	410	10	1	22	1383	0	0	0
4.1	1	1	411	1	1	22	1383	0	0	0
4.101	1	1	411	2	1	22	1383	0	0	0
4.102	1	1	411	3	1	22	1383	0	0	0
4.102	1	1	411	3	1	22	1383	0	0	1
4.103	1	1	411	4	1	22	1383	0	0	0
4.103	1	1	411	4	1	22	1383	0	0	1
4.104	1	1	411	5	1	22	1383	0	0	0
4.104	1	1	411	5	1	22	1383	0	0	1
4.105	1	1	411	6	1	22	1383	0	0	0
4.105	1	1	411	6	1	22	1383	0	0	1
4.106	1	1	411	7	1	22	1383	0	0	0
4.106	1	1	411	7	1	22	1383	0	0	1
4.107	1	1	411	8	1	22	1383	0	0	0
4.107	1	1	411	8	1	22	1383	0	0	1
4.108	1	1	411	9	1	22	1383	0	0	0
4.108	1	1	411	9	1	22	1383	0	0	1
4.109	1	1	411	10	1	22	1383	0	0	0
4.109	1	1	411	10	1	22	1383	0	0	1
4.11	1	1	412	1	1	20	1191	0	0	0
4.11	1	1	412	1	1	20	1191	0	0	1
4.111	1	1	412	2	1	20	1191	0	0	0
4.111	1	1	412	2	1	20	1191	0	0	1
4.112	1	1	412	3	1	20	1191	0	0	0
4.112	1	1	412	3	1	20	1191	0	0	1
4.113	1	1	412	4	1	20	1191	0	0	0
4.113	1	1	412	4	1	20	1191	0	0	1
4.115	1	1	412	6	1	20	1191	0	0	0
4.115	1	1	412	6	1	20	1191	0	0	1
4.116	1	1	412	7	1	20	1191	0	0	0
4.116	1	1	412	7	1	20	1191	0	0	1
4.117	1	1	412	8	1	20	1191	0	0	0
4.117	1	1	412	8	1	20	1191	0	0	1
4.118	1	1	412	9	1	20	1191	0	0	0
4.118	1	1	412	9	1	20	1191	0	0	1
4.119	1	1	412	10	1	20	1191	0	0	0
4.119	1	1	412	10	1	20	1191	0	0	1
4.12	1	1	413	1	1	20	1191	0	0	0
4.12	1	1	413	1	1	20	1191	0	0	1
4.121	1	1	413	2	1	20	1191	0	0	0
4.121	1	1	413	2	1	20	1191	0	0	1
4.122	1	1	413	3	1	20	1191	0	0	0
4.122	1	1	413	3	1	20	1191	0	0	1
4.123	1	1	413	4	1	20	1191	0	0	0
4.123	1	1	413	4	1	20	1191	0	0	1
4.124	1	1	413	5	1	20	1191	0	0	0
4.124	1	1	413	5	1	20	1191	0	0	1
4.125	1	1	413	6	1	20	1191	0	0	0
4.125	1	1	413	6	1	20	1191	0	0	1
4.126	1	1	413	7	1	20	1191	0	0	0
4.126	1	1	413	7	1	20	1191	0	0	1
4.127	1	1	413	8	1	20	1191	0	0	0
4.127	1	1	413	8	1	20	1191	0	0	1
4.128	1	1	413	9	1	20	1191	0	0	0
4.128	1	1	413	9	1	20	1191	0	0	1
4.129	1	1	413	10	1	20	1191	0	0	0
4.129	1	1	413	10	1	20	1191	0	0	1
4.13	1	1	414	1	1	20	1191	0	0	0
4.13	1	1	414	1	1	20	1191	0	0	1
4.131	1	1	414	2	1	20	1191	0	0	0
4.131	1	1	414	2	1	20	1191	0	0	1
4.133	1	1	414	4	1	20	1191	0	0	0
4.133	1	1	414	4	1	20	1191	0	0	1
4.134	1	1	414	5	1	22	1383	0	0	0
4.134	1	1	414	5	1	22	1383	0	0	1
4.135	1	1	414	6	1	22	1383	0	0	0
4.135	1	1	414	6	1	22	1383	0	0	1
4.136	1	1	414	7	1	22	1383	0	0	0
4.136	1	1	414	7	1	22	1383	0	0	1
4.137	1	1	414	8	1	22	1383	0	0	0
4.137	1	1	414	8	1	22	1383	0	0	1
4.138	1	1	414	9	1	22	1383	0	0	0
4.138	1	1	414	9	1	22	1383	0	0	1
4.139	1	1	414	10	1	22	1383	0	0	0
4.139	1	1	414	10	1	22	1383	0	0	1
4.14	1	1	415	1	1	22	1383	0	0	0
4.14	1	1	415	1	1	22	1383	0	0	1
4.141	1	1	415	2	1	22	1383	0	0	0
4.141	1	1	415	2	1	22	1383	0	0	1
4.143	1	1	415	4	1	22	1383	0	0	0
4.143	1	1	415	4	1	22	1383	0	0	1
4.144	1	1	415	5	1	22	1383	0	0	0
4.144	1	1	415	5	1	22	1383	0	0	1
4.145	1	1	415	6	1	22	1383	0	0	0
4.145	1	1	415	6	1	22	1383	0	0	1
4.146	1	1	415	7	1	24	1620	0	0	0
4.146	1	1	415	7	1	24	1620	0	0	1
4.147	1	1	415	8	1	24	1620	0	0	0
4.147	1	1	415	8	1	24	1620	0	0	1
4.148	1	1	415	9	1	24	1620	0	0	0
4.148	1	1	415	9	1	24	1620	0	0	1
4.149	1	1	415	10	1	24	1620	0	0	0
4.149	1	1	415	10	1	24	1620	0	0	1
4.15	1	1	416	1	1	24	1620	0	0	0
4.15	1	1	416	1	1	24	1620	0	0	1
4.151	1	1	416	2	1	24	1620	0	0	0
4.151	1	1	416	2	1	24	1620	0	0	1
4.152	1	1	416	3	1	24	1620	0	0	0
4.152	1	1	416	3	1	24	1620	0	0	1
4.153	1	1	416	4	1	24	1620	0	0	0
4.153	1	1	416	4	1	24	1620	0	0	1
4.154	1	1	416	5	1	24	1620	0	0	0
4.155	1	1	416	6	1	24	1620	0	0	0
4.156	1	1	416	7	1	24	1620	0	0	0
4.156	1	1	416	7	1	24	1620	0	0	1
4.157	1	1	416	8	1	24	1620	0	0	0
4.157	1	1	416	8	1	24	1620	0	0	1
4.158	1	1	416	9	1	24	1620	0	0	0
4.158	1	1	416	9	1	24	1620	0	0	1
4.159	1	1	416	10	1	24	1620	0	0	0
4.159	1	1	416	10	1	24	1620	0	0	1
4.161	1	1	417	2	1	24	1620	0	0	0
4.161	1	1	417	2	1	24	1620	0	0	1
4.162	1	1	417	3	1	24	1620	0	0	0
4.162	1	1	417	3	1	24	1620	0	0	1
4.163	1	1	417	4	1	24	1620	0	0	0
4.164	1	1	417	5	1	24	1620	0	0	0
4.164	1	1	417	5	1	24	1620	0	0	1
4.165	1	1	417	6	1	24	1620	0	0	0
4.165	1	1	417	6	1	24	1620	0	0	1
4.166	1	1	417	7	1	24	1620	0	0	0
4.167	1	1	417	8	1	24	1620	0	0	0
4.168	1	1	417	9	1	24	1620	0	0	0
4.168	1	1	417	9	1	24	1620	0	0	1
4.169	1	1	417	10	1	24	1620	0	0	0
4.169	1	1	417	10	1	24	1620	0	0	1
4.171	1	1	418	2	1	24	1620	0	0	0
4.171	1	1	418	2	1	24	1620	0	0	1
4.172	1	1	418	3	1	24	1620	0	0	0
4.172	1	1	418	3	1	24	1620	0	0	1
4.173	1	1	418	4	1	24	1620	0	0	0
4.173	1	1	418	4	1	24	1620	0	0	1
4.174	1	1	418	5	1	24	1620	0	0	0
4.174	1	1	418	5	1	24	1620	0	0	1
4.175	1	1	418	6	1	24	1620	0	0	0
4.175	1	1	418	6	1	24	1620	0	0	1
4.176	1	1	418	7	1	24	1620	0	0	0
4.176	1	1	418	7	1	24	1620	0	0	1
4.177	1	1	418	8	1	24	1620	0	0	0
4.177	1	1	418	8	1	24	1620	0	0	1
4.178	1	1	418	9	1	24	1620	0	0	0
4.179	1	1	418	10	1	24	1620	0	0	0
4.18	1	1	419	1	1	24	1620	0	0	0
4.181	1	1	419	2	1	24	1620	0	0	0
4.181	1	1	419	2	1	24	1620	0	0	1
4.182	1	1	419	3	1	24	1620	0	0	0
4.183	1	1	419	4	1	24	1620	0	0	0
4.183	1	1	419	4	1	24	1620	0	0	1
4.184	1	1	419	5	1	24	1620	0	0	0
4.184	1	1	419	5	1	24	1620	0	0	1
4.185	1	1	419	6	1	24	1620	0	0	0
4.185	1	1	419	6	1	24	1620	0	0	1
4.186	1	1	419	7	1	24	1620	0	0	0
4.186	1	1	419	7	1	24	1620	0	0	1
4.187	1	1	419	8	1	24	1620	0	0	0
4.187	1	1	419	8	1	24	1620	0	0	1
4.189	1	1	419	10	1	26	1836	0	0	0
4.189	1	1	419	10	1	26	1836	0	0	1
4.19	1	1	420	1	1	26	1836	0	0	0
4.19	1	1	420	1	1	26	1836	0	0	1
4.191	1	1	420	2	1	26	1836	0	0	0
4.191	1	1	420	2	1	26	1836	0	0	1
4.192	1	1	420	3	1	26	1836	0	0	0
4.192	1	1	420	3	1	26	1836	0	0	1
4.193	1	1	420	4	1	26	1836	0	0	0
4.193	1	1	420	4	1	26	1836	0	0	1
4.194	1	1	420	5	1	26	1836	0	0	0
4.195	1	1	420	6	1	26	1836	0	0	0
4.196	1	1	420	7	1	26	1836	0	0	0
4.197	1	1	420	8	1	26	1836	0	0	0
4.197	1	1	420	8	1	26	1836	0	0	1
4.198	1	1	420	9	1	26	1836	0	0	0
4.198	1	1	420	9	1	26	1836	0	0	1
4.199	1	1	420	10	1	26	1836	0	0	0
4.199	1	1	420	10	1	26	1836	0	0	1
4.2	1	1	421	1	1	26	1836	0	0	0
4.201	1	1	421	2	1	26	1836	0	0	0
4.201	1	1	421	2	1	26	1836	0	0	1
4.202	1	1	421	3	1	26	1836	0	0	0
4.202	1	1	421	3	1	26	1836	0	0	1
4.203	1	1	421	4	1	26	1836	0	0	0
4.203	1	1	421	4	1	26	1836	0	0	1
4.204	1	1	421	5	1	26	1836	0	0	0
4.204	1	1	421	5	1	26	1836	0	0	1
4.205	1	1	421	6	1	26	1836	0	0	0
4.205	1	1	421	6	1	26	1836	0	0	1
4.206	1	1	421	7	1	26	1836	0	0	0
4.206	1	1	421	7	1	26	1836	0	0	1
4.208	1	1	421	9	1	26	1836	0	0	0
4.208	1	1	421	9	1	26	1836	0	0	1
4.209	1	1	421	10	1	26	1836	0	0	0
4.21	1	1	422	1	1	26	1836	0	0	0
4.211	1	1	422	2	1	26	1836	0	0	0
4.211	1	1	422	2	1	26	1836	0	0	1
4.212	1	1	422	3	1	26	1836	0	0	0
4.213	1	1	422	4	1	26	1836	0	0	0
4.213	1	1	422	4	1	26	1836	0	0	1
4.214	1	1	422	5	1	26	1836	0	0	0
4.214	1	1	422	5	1	26	1836	0	0	1
4.215	1	1	422	6	1	26	1836	0	0	0
4.215	1	1	422	6	1	26	1836	0	0	1
4.216	1	1	422	7	1	26	1836	0	0	0
4.216	1	1	422	7	1	26	1836	0	0	1
4.217	1	1	422	8	1	26	1836	0	0	0
4.217	1	1	422	8	1	26	1836	0	0	1
4.218	1	1	422	9	1	26	1836	0	0	0
4.218	1	1	422	9	1	26	1836	0	0	1
4.219	1	1	422	10	1	26	1836	0	0	0
4.22	1	1	423	1	1	26	1836	0	0	0
4.22	1	1	423	1	1	26	1836	0	0	1
4.221	1	1	423	2	1	26	1836	0	0	0
4.221	1	1	423	2	1	26	1836	0	0	1
4.222	1	1	423	3	1	26	1836	0	0	0
4.222	1	1	423	3	1	26	1836	0	0	1
4.223	1	1	423	4	1	26	1836	0	0	0
4.223	1	1	423	4	1	26	1836	0	0	1
4.224	1	1	423	5	1	26	1836	0	0	0
4.224	1	1	423	5	1	26	1836	0	0	1
4.225	1	1	423	6	1	26	1836	0	0	0
4.227	1	1	423	8	1	24	1620	0	0	0
4.228	1	1	423	9	1	24	1620	0	0	0
4.228	1	1	423	9	1	24	1620	0	0	1
4.229	1	1	423	10	1	24	1620	0	0	0
4.229	1	1	423	10	1	24	1620	0	0	1
4.23	1	1	424	1	1	24	1620	0	0	0
4.23	1	1	424	1	1	24	1620	0	0	1
4.231	1	1	424	2	1	24	1620	0	0	0
4.232	1	1	424	3	1	24	1620	0	0	0
4.232	1	1	424	3	1	24	1620	0	0	1
4.233	1	1	424	4	1	24	1620	0	0	0
4.233	1	1	424	4	1	24	1620	0	0	1
4.234	1	1	424	5	1	24	1620	0	0	0
4.234	1	1	424	5	1	24	1620	0	0	1
4.236	1	1	424	7	1	24	1620	0	0	0
4.236	1	1	424	7	1	24	1620	0	0	1
4.237	1	1	424	8	1	24	1620	0	0	0
4.237	1	1	424	8	1	24	1620	0	0	1
4.238	1	1	424	9	1	24	1620	0	0	0
4.238	1	1	424	9	1	24	1620	0	0	1
4.239	1	1	424	10	1	24	1620	0	0	0
4.239	1	1	424	10	1	24	1620	0	0	1
4.24	1	1	425	1	1	24	1620	0	0	0
4.24	1	1	425	1	1	24	1620	0	0	1
4.241	1	1	425	2	1	24	1620	0	0	0
4.241	1	1	425	2	1	24	1620	0	0	1
4.242	1	1	425	3	1	24	1620	0	0	0
4.243	1	1	425	4	1	24	1620	0	0	0
4.244	1	1	425	5	1	22	1383	0	0	0
4.245	1	1	425	6	1	22	1383	0	0	0
4.245	1	1	425	6	1	22	1383	0	0	1
4.246	1	1	425	7	1	22	1383	0	0	0
4.246	1	1	425	7	1	22	1383	0	0	1
4.247	1	1	425	8	1	22	1383	0	0	0
4.248	1	1	425	9	1	22	1383	0	0	0
4.248	1	1	425	9	1	22	1383	0	0	1
4.249	1	1	425	10	1	22	1383	0	0	0
4.249	1	1	425	10	1	22	1383	0	0	1
4.25	1	1	426	1	1	22	1383	0	0	0
4.25	1	1	426	1	1	22	1383	0	0	1
4.251	1	1	426	2	1	22	1383	0	0	0
4.251	1	1	426	2	1	22	1383	0	0	1
4.252	1	1	426	3	1	22	1383	0	0	0
4.252	1	1	426	3	1	22	1383	0	0	1
4.253	1	1	426	4	1	22	1383	0	0	0
4.253	1	1	426	4	1	22	1383	0	0	1
4.255	1	1	426	6	1	22	1383	0	0	0
4.255	1	1	426	6	1	22	1383	0	0	1
4.256	1	1	426	7	1	20	1191	0	0	0
4.256	1	1	426	7	1	20	1191	0	0	1
4.257	1	1	426	8	1	20	1191	0	0	0
4.257	1	1	426	8	1	20	1191	0	0	1
4.258	1	1	426	9	1	20	1191	0	0	0
4.258	1	1	426	9	1	20	1191	0	0	1
4.259	1	1	426	10	1	20	1191	0	0	0
4.259	1	1	426	10	1	20	1191	0	0	1
4.26	1	1	427	1	1	20	1191	0	0	0
4.26	1	1	427	1	1	20	1191	0	0	1
4.261	1	1	427	2	1	20	1191	0	0	0
4.261	1	1	427	2	1	20	1191	0	0	1
4.262	1	1	427	3	1	20	1191	0	0	0
4.262	1	1	427	3	1	20	1191	0	0	1
4.263	1	1	427	4	1	20	1191	0	0	0
4.263	1	1	427	4	1	20	1191	0	0	1
4.264	1	1	427	5	1	20	1191	0	0	0
4.264	1	1	427	5	1	20	1191	0	0	1
4.265	1	1	427	6	1	20	1191	0	0	0
4.265	1	1	427	6	1	20	1191	0	0	1
4.266	1	1	427	7	1	20	1191	0	0	0
4.266	1	1	427	7	1	20	1191	0	0	1
4.267	1	1	427	8	1	20	1191	0	0	0
4.267	1	1	427	8	1	20	1191	0	0	1
4.268	1	1	427	9	1	20	1191	0	0	0
4.268	1	1	427	9	1	20	1191	0	0	1
4.269	1	1	427	10	1	20	1191	0	0	0
4.269	1	1	427	10	1	20	1191	0	0	1
4.27	1	1	428	1	1	20	1191	0	0	0
4.27	1	1	428	1	1	20	1191	0	0	1
4.271	1	1	428	2	1	20	1191	0	0	0
4.271	1	1	428	2	1	20	1191	0	0	1
4.273	1	1	428	4	1	20	1191	0	0	0
4.273	1	1	428	4	1	20	1191	0	0	1
4.274	1	1	428	5	1	20	1191	0	0	0
4.274	1	1	428	5	1	20	1191	0	0	1
4.275	1	1	428	6	1	20	1191	0	0	0
4.275	1	1	428	6	1	20	1191	0	0	1
4.276	1	1	428	7	1	22	1383	0	0	0
4.276	1	1	428	7	1	22	1383	0	0	1
4.277	1	1	428	8	1	22	1383	0	0	0
4.277	1	1	428	8	1	22	1383	0	0	1
4.278	1	1	428	9	1	22	1383	0	0	0
4.278	1	1	428	9	1	22	1383	0	0	1
4.279	1	1	428	10	1	22	1383	0	0	0
4.279	1	1	428	10	1	22	1383	0	0	1
4.28	1	1	429	1	1	22	1383	0	0	0
4.28	1	1	429	1	1	22	1383	0	0	1
4.281	1	1	429	2	1	22	1383	0	0	0
4.281	1	1	429	2	1	22	1383	0	0	1
4.283	1	1	429	4	1	22	1383	0	0	0
4.283	1	1	429	4	1	22	1383	0	0	1
4.284	1	1	429	5	1	22	1383	0	0	0
4.284	1	1	429	5	1	22	1383	0	0	1
4.285	1	1	429	6	1	22	1383	0	0	0
4.285	1	1	429	6	1	22	1383	0	0	1
4.286	1	1	429	7	1	22	1383	0	0	0
4.286	1	1	429	7	1	22	1383	0	0	1
4.287	1	1	429	8	1	22	1383	0	0	0
4.287	1	1	429	8	1	22	1383	0	0	1
4.288	1	1	429	9	1	22	1383	0	0	0
4.288	1	1	429	9	1	22	1383	0	0	1
4.289	1	1	429	10	1	22	1383	0	0	0
4.289	1	1	429	10	1	22	1383	0	0	1
4.29	1	1	430	1	1	22	1383	0	0	0
4.29	1	1	430	1	1	22	1383	0	0	1
4.291	1	1	430	2	1	22	1383	0	0	0
4.291	1	1	430	2	1	22	1383	0	0	1
4.292	1	1	430	3	1	22	1383	0	0	0
4.292	1	1	430	3	1	22	1383	0	0	1
4.293	1	1	430	4	1	22	1383	0	0	0
4.293	1	1	430	4	1	22	1383	0	0	1
4.294	1	1	430	5	1	22	1383	0	0	0
4.294	1	1	430	5	1	22	1383	0	0	1
4.295	1	1	430	6	1	22	1383	0	0	0
4.295	1	1	430	6	1	22	1383	0	0	1
4.296	1	1	430	7	1	22	1383	0	0	0
4.296	1	1	430	7	1	22	1383	0	0	1
4.297	1	1	430	8	1	22	1383	0	0	0
4.297	1	1	430	8	1	22	1383	0	0	1
4.298	1	1	430	9	1	22	1383	0	0	0
4.298	1	1	430	9	1	22	1383	0	0	1
4.299	1	1	430	10	1	22	1383	0	0	0
4.299	1	1	430	10	1	22	1383	0	0	1
4.301	1	1	431	2	1	22	1383	0	0	0
4.301	1	1	431	2	1	22	1383	0	0	1
4.302	1	1	431	3	1	22	1383	0	0	0
4.302	1	1	431	3	1	22	1383	0	0	1
4.303	1	1	431	4	1	22	1383	0	0	0
4.303	1	1	431	4	1	22	1383	0	0	1
4.304	1	1	431	5	1	24	1620	0	0	0
4.304	1	1	431	5	1	24	1620	0	0	1
4.305	1	1	431	6	1	24	1620	0	0	0
4.305	1	1	431	6	1	24	1620	0	0	1
4.306	1	1	431	7	1	24	1620	0	0	0
4.306	1	1	431	7	1	24	1620	0	0	1
4.307	1	1	431	8	1	24	1620	0	0	0
4.307	1	1	431	8	1	24	1620	0	0	1
4.308	1	1	431	9	1	24	1620	0	0	0
4.308	1	1	431	9	1	24	1620	0	0	1
4.309	1	1	431	10	1	24	1620	0	0	0
4.309	1	1	431	10	1	24	1620	0	0	1
4.311	1	1	432	2	1	24	1620	0	0	0
4.311	1	1	432	2	1	24	1620	0	0	1
4.312	1	1	432	3	1	24	1620	0	0	0
4.312	1	1	432	3	1	24	1620	0	0	1
4.313	1	1	432	4	1	24	1620	0	0	0
4.313	1	1	432	4	1	24	1620	0	0	1
4.314	1	1	432	5	1	24	1620	0	0	0
4.314	1	1	432	5	1	24	1620	0	0	1
4.315	1	1	432	6	1	24	1620	0	0	0
4.315	1	1	432	6	1	24	1620	0	0	1
4.316	1	1	432	7	1	24	1620	0	0	0
4.316	1	1	432	7	1	24	1620	0	0	1
4.317	1	1	432	8	1	24	1620	0	0	0
4.317	1	1	432	8	1	24	1620	0	0	1
4.318	1	1	432	9	1	24	1620	0	0	0
4.318	1	1	432	9	1	24	1620	0	0	1
4.32	1	1	433	1	1	24	1620	0	0	0
4.321	1	1	433	2	1	24	1620	0	0	0
4.322	1	1	433	3	1	24	1620	0	0	0
4.323	1	1	433	4	1	24	1620	0	0	0
4.323	1	1	433	4	1	24	1620	0	0	1
4.324	1	1	433	5	1	24	1620	0	0	0
4.324	1	1	433	5	1	24	1620	0	0	1
4.325	1	1	433	6	1	24	1620	0	0	0
4.325	1	1	433	6	1	24	1620	0	0	1
4.326	1	1	433	7	1	24	1620	0	0	0
4.326	1	1	433	7	1	24	1620	0	0	1
4.327	1	1	433	8	1	24	1620	0	0	0
4.327	1	1	433	8	1	24	1620	0	0	1
4.329	1	1	433	10	1	24	1620	0	0	0
4.329	1	1	433	10	1	24	1620	0	0	1
4.33	1	1	434	1	1	24	1620	0	0	0
4.33	1	1	434	1	1	24	1620	0	0	1
4.331	1	1	434	2	1	24	1620	0	0	0
4.331	1	1	434	2	1	24	1620	0	0	1
4.332	1	1	434	3	1	24	1620	0	0	0
4.332	1	1	434	3	1	24	1620	0	0	1
4.333	1	1	434	4	1	24	1620	0	0	0
4.333	1	1	434	4	1	24	1620	0	0	1
4.334	1	1	434	5	1	24	1620	0	0	0
4.334	1	1	434	5	1	24	1620	0	0	1
4.335	1	1	434	6	1	24	1620	0	0	0
4.336	1	1	434	7	1	24	1620	0	0	0
4.337	1	1	434	8	1	24	1620	0	0	0
4.338	1	1	434	9	1	24	1620	0	0	0
4.338	1	1	434	9	1	24	1620	0	0	1
4.339	1	1	434	10	1	24	1620	0	0	0
4.339	1	1	434	10	1	24	1620	0	0	1
4.34	1	1	435	1	1	24	1620	0	0	0
4.341	1	1	435	2	1	24	1620	0	0	0
4.341	1	1	435	2	1	24	1620	0	0	1
4.342	1	1	435	3	1	24	1620	0	0	0
4.342	1	1	435	3	1	24	1620	0	0	1
4.343	1	1	435	4	1	24	1620	0	0	0
4.343	1	1	435	4	1	24	1620	0	0	1
4.344	1	1	435	5	1	24	1620	0	0	0
4.344	1	1	435	5	1	24	1620	0	0	1
4.345	1	1	435	6	1	24	1620	0	0	0
4.345	1	1	435	6	1	24	1620	0	0	1
4.346	1	1	435	7	1	24	1620	0	0	0
4.346	1	1	435	7	1	24	1620	0	0	1
4.348	1	1	435	9	1	24	1620	0	0	0
4.348	1	1	435	9	1	24	1620	0	0	1
4.349	1	1	435	10	1	24	1620	0	0	0
4.349	1	1	435	10	1	24	1620	0	0	1
4.35	1	1	436	1	1	24	1620	0	0	0
4.35	1	1	436	1	1	24	1620	0	0	1
4.351	1	1	436	2	1	24	1620	0	0	0
4.352	1	1	436	3	1	22	1383	0	0	0
4.353	1	1	436	4	1	22	1383	0	0	0
4.354	1	1	436	5	1	22	1383	0	0	0
4.354	1	1	436	5	1	22	1383	0	0	1
4.355	1	1	436	6	1	22	1383	0	0	0
4.355	1	1	436	6	1	22	1383	0	0	1
4.356	1	1	436	7	1	22	1383	0	0	0
4.356	1	1	436	7	1	22	1383	0	0	1
4.357	1	1	436	8	1	22	1383	0	0	0
4.357	1	1	436	8	1	22	1383	0	0	1
4.358	1	1	436	9	1	22	1383	0	0	0
4.358	1	1	436	9	1	22	1383	0	0	1
4.359	1	1	436	10	1	22	1383	0	0	0
4.36	1	1	437	1	1	22	1383	0	0	0
4.36	1	1	437	1	1	22	1383	0	0	1
4.361	1	1	437	2	1	22	1383	0	0	0
4.361	1	1	437	2	1	22	1383	0	0	1
4.362	1	1	437	3	1	22	1383	0	0	0
4.362	1	1	437	3	1	22	1383	0	0	1
4.363	1	1	437	4	1	22	1383	0	0	0
4.363	1	1	437	4	1	22	1383	0	0	1
4.364	1	1	437	5	1	22	1383	0	0	0
4.364	1	1	437	5	1	22	1383	0	0	1
4.365	1	1	437	6	1	22	1383	0	0	0
4.365	1	1	437	6	1	22	1383	0	0	1
4.367	1	1	437	8	1	22	1383	0	0	0
4.367	1	1	437	8	1	22	1383	0	0	1
4.368	1	1	437	9	1	22	1383	0	0	0
4.368	1	1	437	9	1	22	1383	0	0	1
4.369	1	1	437	10	1	22	1383	0	0	0
4.369	1	1	437	10	1	22	1383	0	0	1
4.37	1	1	438	1	1	22	1383	0	0	0
4.37	1	1	438	1	1	22	1383	0	0	1
4.371	1	1	438	2	1	22	1383	0	0	0
4.371	1	1	438	2	1	22	1383	0	0	1
4.372	1	1	438	3	1	22	1383	0	0	0
4.372	1	1	438	3	1	22	1383	0	0	1
4.373	1	1	438	4	1	22	1383	0	0	0
4.373	1	1	438	4	1	22	1383	0	0	1
4.374	1	1	438	5	1	22	1383	0	0	0
4.374	1	1	438	5	1	22	1383	0	0	1
4.375	1	1	438	6	1	22	1383	0	0	0
4.375	1	1	438	6	1	22	1383	0	0	1
4.376	1	1	438	7	1	22	1383	0	0	0
4.376	1	1	438	7	1	22	1383	0	0	1
4.377	1	1	438	8	1	22	1383	0	0	0
4.377	1	1	438	8	1	22	1383	0	0	1
4.378	1	1	438	9	1	22	1383	0	0	0
4.378	1	1	438	9	1	22	1383	0	0	1
4.379	1	1	438	10	1	22	1383	0	0	0
4.379	1	1	438	10	1	22	1383	0	0	1
4.38	1	1	439	1	1	22	1383	0	0	0
4.38	1	1	439	1	1	22	1383	0	0	1
4.381	1	1	439	2	1	22	1383	0	0	0
4.381	1	1	439	2	1	22	1383	0	0	1
4.382	1	1	439	3	1	22	1383	0	0	0
4.382	1	1	439	3	1	22	1383	0	0	1
4.383	1	1	439	4	1	22	1383	0	0	0
4.383	1	1	439	4	1	22	1383	0	0	1
4.385	1	1	439	6	1	22	1383	0	0	0
4.385	1	1	439	6	1	22	1383	0	0	1
4.386	1	1	439	7	1	22	1383	0	0	0
4.386	1	1	439	7	1	22	1383	0	0	1
4.387	1	1	439	8	1	22	1383	0	0	0
4.387	1	1	439	8	1	22	1383	0	0	1
4.388	1	1	439	9	1	22	1383	0	0	0
4.388	1	1	439	9	1	22	1383	0	0	1
4.389	1	1	439	10	1	22	1383	0	0	0
4.389	1	1	439	10	1	22	1383	0	0	1
4.39	1	1	440	1	1	22	1383	0	0	0
4.39	1	1	440	1	1	22	1383	0	0	1
4.391	1	1	440	2	1	22	1383	0	0	0
4.391	1	1	440	2	1	22	1383	0	0	1
4.392	1	1	440	3	1	22	1383	0	0	0
4.392	1	1	440	3	1	22	1383	0	0	1
4.393	1	1	440	4	1	22	1383	0	0	0
4.393	1	1	440	4	1	22	1383	0	0	1
4.395	1	1	440	6	1	22	1383	0	0	0
4.395	1	1	440	6	1	22	1383	0	0	1
4.396	1	1	440	7	1	22	1383	0	0	0
4.396	1	1	440	7	1	22	1383	0	0	1
4.397	1	1	440	8	1	22	1383	0	0	0
4.397	1	1	440	8	1	22	1383	0	0	1
4.398	1	1	440	9	1	22	1383	0	0	0
4.398	1	1	440	9	1	22	1383	0	0	1
4.399	1	1	440	10	1	22	1383	0	0	0
4.399	1	1	440	10	1	22	1383	0	0	1
4.4	1	1	441	1	1	22	1383	0	0	0
4.4	1	1	441	1	1	22	1383	0	0	1
4.401	1	1	441	2	1	22	1383	0	0	0
4.401	1	1	441	2	1	22	1383	0	0	1
4.402	1	1	441	3	1	22	1383	0	0	0
4.402	1	1	441	3	1	22	1383	0	0	1
4.403	1	1	441	4	1	22	1383	0	0	0
4.403	1	1	441	4	1	22	1383	0	0	1
4.404	1	1	441	5	1	22	1383	0	0	0
4.404	1	1	441	5	1	22	1383	0	0	1
4.405	1	1	441	6	1	22	1383	0	0	0
4.405	1	1	441	6	1	22	1383	0	0	1
4.406	1	1	441	7	1	22	1383	0	0	0
4.406	1	1	441	7	1	22	1383	0	0	1
4.407	1	1	441	8	1	22	1383	0	0	0
4.407	1	1	441	8	1	22	1383	0	0	1
4.408	1	1	441	9	1	22	1383	0	0	0
4.408	1	1	441	9	1	22	1383	0	0	1
4.409	1	1	441	10	1	22	1383	0	0	0
4.409	1	1	441	10	1	22	1383	0	0	1
4.41	1	1	442	1	1	22	1383	0	0	0
4.41	1	1	442	1	1	22	1383	0	0	1
4.411	1	1	442	2	1	22	1383	0	0	0
4.411	1	1	442	2	1	22	1383	0	0	1
4.413	1	1	442	4	1	22	1383	0	0	0
4.413	1	1	442	4	1	22	1383	0	0	1
4.414	1	1	442	5	1	22	1383	0	0	0
4.414	1	1	442	5	1	22	1383	0	0	1
4.415	1	1	442	6	1	22	1383	0	0	0
4.415	1	1	442	6	1	22	1383	0	0	1
4.416	1	1	442	7	1	22	1383	0	0	0
4.416	1	1	442	7	1	22	1383	0	0	1
4.417	1	1	442	8	1	22	1383	0	0	0
4.417	1	1	442	8	1	22	1383	0	0	1
4.418	1	1	442	9	1	22	1383	0	0	0
4.418	1	1	442	9	1	22	1383	0	0	1
4.419	1	1	442	10	1	22	1383	0	0	0
4.419	1	1	442	10	1	22	1383	0	0	1
4.42	1	1	443	1	1	22	1383	0	0	0
4.42	1	1	443	1	1	22	1383	0	0	1
4.421	1	1	443	2	1	22	1383	0	0	0
4.421	1	1	443	2	1	22	1383	0	0	1
4.422	1	1	443	3	1	22	1383	0	0	0
4.422	1	1	443	3	1	22	1383	0	0	1
4.423	1	1	443	4	1	22	1383	0	0	0
4.423	1	1	443	4	1	22	1383	0	0	1
4.424	1	1	443	5	1	22	1383	0	0	0
4.424	1	1	443	5	1	22	1383	0	0	1
4.425	1	1	443	6	1	22	1383	0	0	0
4.425	1	1	443	6	1	22	1383	0	0	1
4.426	1	1	443	7	1	22	1383	0	0	0
4.426	1	1	443	7	1	22	1383	0	0	1
4.427	1	1	443	8	1	22	1383	0	0	0
4.427	1	1	443	8	1	22	1383	0	0	1
4.428	1	1	443	9	1	22	1383	0	0	0
4.428	1	1	443	9	1	22	1383	0	0	1
4.429	1	1	443	10	1	22	1383	0	0	0
4.429	1	1	443	10	1	22	1383	0	0	1
4.43	1	1	444	1	1	22	1383	0	0	0
4.43	1	1	444	1	1	22	1383	0	0	1
4.432	1	1	444	3	1	22	1383	0	0	0
4.432	1	1	444	3	1	22	1383	0	0	1
4.433	1	1	444	4	1	22	1383	0	0	0
4.433	1	1	444	4	1	22	1383	0	0	1
4.434	1	1	444	5	1	22	1383	0	0	0
4.434	1	1	444	5	1	22	1383	0	0	1
4.435	1	1	444	6	1	22	1383	0	0	0
4.435	1	1	444	6	1	22	1383	0	0	1
4.436	1	1	444	7	1	22	1383	0	0	0
4.436	1	1	444	7	1	22	1383	0	0	1
4.437	1	1	444	8	1	22	1383	0	0	0
4.437	1	1	444	8	1	22	1383	0	0	1
4.438	1	1	444	9	1	22	1383	0	0	0
4.438	1	1	444	9	1	22	1383	0	0	1
4.439	1	1	444	10	1	22	1383	0	0	0
4.439	1	1	444	10	1	22	1383	0	0	1
4.441	1	1	445	2	1	22	1383	0	0	0
4.441	1	1	445	2	1	22	1383	0	0	1
4.442	1	1	445	3	1	22	1383	0	0	0
4.442	1	1	445	3	1	22	1383	0	0	1
4.443	1	1	445	4	1	22	1383	0	0	0
4.443	1	1	445	4	1	22	1383	0	0	1
4.444	1	1	445	5	1	22	1383	0	0	0
4.444	1	1	445	5	1	22	1383	0	0	1
4.445	1	1	445	6	1	22	1383	0	0	0
4.445	1	1	445	6	1	22	1383	0	0	1
4.446	1	1	445	7	1	22	1383	0	0	0
4.446	1	1	445	7	1	22	1383	0	0	1
4.447	1	1	445	8	1	22	1383	0	0	0
4.447	1	1	445	8	1	22	1383	0	0	1
4.448	1	1	445	9	1	22	1383	0	0	0
4.448	1	1	445	9	1	22	1383	0	0	1
4.449	1	1	445	10	1	22	1383	0	0	0
4.449	1	1	445	10	1	22	1383	0	0	1
4.451	1	1	446	2	1	22	1383	0	0	0
4.451	1	1	446	2	1	22	1383	0	0	1
4.452	1	1	446	3	1	22	1383	0	0	0
4.452	1	1	446	3	1	22	1383	0	0	1
4.453	1	1	446	4	1	22	1383	0	0	0
4.453	1	1	446	4	1	22	1383	0	0	1
4.454	1	1	446	5	1	22	1383	0	0	0
4.454	1	1	446	5	1	22	1383	0	0	1
4.455	1	1	446	6	1	22	1383	0	0	0
4.455	1	1	446	6	1	22	1383	0	0	1
4.456	1	1	446	7	1	22	1383	0	0	0
4.456	1	1	446	7	1	22	1383	0	0	1
4.457	1	1	446	8	1	22	1383	0	0	0
4.457	1	1	446	8	1	22	1383	0	0	1
4.458	1	1	446	9	1	22	1383	0	0	0
4.458	1	1	446	9	1	22	1383	0	0	1
4.46	1	1	447	1	1	22	1383	0	0	0
4.46	1	1	447	1	1	22	1383	0	0	1
4.461	1	1	447	2	1	22	1383	0	0	0
4.461	1	1	447	2	1	22	1383	0	0	1
4.462	1	1	447	3	1	22	1383	0	0	0
4.462	1	1	447	3	1	22	1383	0	0	1
4.463	1	1	447	4	1	22	1383	0	0	0
4.463	1	1	447	4	1	22	1383	0	0	1
4.464	1	1	447	5	1	22	1383	0	0	0
4.464	1	1	447	5	1	22	1383	0	0	1
4.465	1	1	447	6	1	22	1383	0	0	0
4.465	1	1	447	6	1	22	1383	0	0	1
4.466	1	1	447	7	1	22	1383	0	0	0
4.466	1	1	447	7	1	22	1383	0	0	1
4.467	1	1	447	8	1	22	1383	0	0	0
4.467	1	1	447	8	1	22	1383	0	0	1
4.469	1	1	447	10	1	22	1383	0	0	0
4.469	1	1	447	10	1	22	1383	0	0	1
4.47	1	1	448	1	1	22	1383	0	0	0
4.47	1	1	448	1	1	22	1383	0	0	1
4.471	1	1	448	2	1	22	1383	0	0	0
4.471	1	1	448	2	1	22	1383	0	0	1
4.472	1	1	448	3	1	22	1383	0	0	0
4.472	1	1	448	3	1	22	1383	0	0	1
4.473	1	1	448	4	1	22	1383	0	0	0
4.473	1	1	448	4	1	22	1383	0	0	1
4.474	1	1	448	5	1	22	1383	0	0	0
4.474	1	1	448	5	1	22	1383	0	0	1
4.475	1	1	448	6	1	22	1383	0	0	0
4.475	1	1	448	6	1	22	1383	0	0	1
4.476	1	1	448	7	1	22	1383	0	0	0
4.476	1	1	448	7	1	22	1383	0	0	1
4.477	1	1	448	8	1	22	1383	0	0	0
4.477	1	1	448	8	1	22	1383	0	0	1
4.479	1	1	448	10	1	22	1383	0	0	0
4.479	1	1	448	10	1	22	1383	0	0	1
4.48	1	1	449	1	1	22	1383	0	0	0
4.48	1	1	449	1	1	22	1383	0	0	1
4.481	1	1	449	2	1	22	1383	0	0	0
4.481	1	1	449	2	1	22	1383	0	0	1
4.482	1	1	449	3	1	22	1383	0	0	0
4.482	1	1	449	3	1	22	1383	0	0	1
4.483	1	1	449	4	1	22	1383	0	0	0
4.483	1	1	449	4	1	22	1383	0	0	1
4.484	1	1	449	5	1	22	1383	0	0	0
4.484	1	1	449	5	1	22	1383	0	0	1
4.485	1	1	449	6	1	22	1383	0	0	0
4.485	1	1	449	6	1	22	1383	0	0	1
4.486	1	1	449	7	1	22	1383	0	0	0
4.486	1	1	449	7	1	22	1383	0	0	1
4.488	1	1	449	9	1	22	1383	0	0	0
4.488	1	1	449	9	1	22	1383	0	0	1
4.489	1	1	449	10	1	22	1383	0	0	0
4.489	1	1	449	10	1	22	1383	0	0	1
4.49	1	1	450	1	1	22	1383	0	0	0
4.49	1	1	450	1	1	22	1383	0	0	1
4.491	1	1	450	2	1	22	1383	0	0	0
4.491	1	1	450	2	1	22	1383	0	0	1
4.492	1	1	450	3	1	24	1620	0	0	0
4.492	1	1	450	3	1	24	1620	0	0	1
4.493	1	1	450	4	1	24	1620	0	0	0
4.493	1	1	450	4	1	24	1620	0	0	1
4.494	1	1	450	5	1	24	1620	0	0	0
4.494	1	1	450	5	1	24	1620	0	0	1
4.495	1	1	450	6	1	24	1620	0	0	0
4.495	1	1	450	6	1	24	1620	0	0	1
4.497	1	1	450	8	1	24	1620	0	0	0
4.497	1	1	450	8	1	24	1620	0	0	1
4.498	1	1	450	9	1	24	1620	0	0	0
4.498	1	1	450	9	1	24	1620	0	0	1
4.499	1	1	450	10	1	24	1620	0	0	0
4.499	1	1	450	10	1	24	1620	0	0	1
4.5	1	1	451	1	1	24	1620	0	0	0
4.5	1	1	451	1	1	24	1620	0	0	1
4.501	1	1	451	2	1	24	1620	0	0	0
4.501	1	1	451	2	1	24	1620	0	0	1
4.502	1	1	451	3	1	24	1620	0	0	0
4.502	1	1	451	3	1	24	1620	0	0	1
4.503	1	1	451	4	1	24	1620	0	0	0
4.504	1	1	451	5	1	24	1620	0	0	0
4.505	1	1	451	6	1	24	1620	0	0	0
4.506	1	1	451	7	1	24	1620	0	0	0
4.506	1	1	451	7	1	24	1620	0	0	1
4.507	1	1	451	8	1	24	1620	0	0	0
4.507	1	1	451	8	1	24	1620	0	0	1
4.508	1	1	451	9	1	24	1620	0	0	0
4.509	1	1	451	10	1	24	1620	0	0	0
4.509	1	1	451	10	1	24	1620	0	0	1
4.51	1	1	452	1	1	24	1620	0	0	0
4.51	1	1	452	1	1	24	1620	0	0	1
4.511	1	1	452	2	1	24	1620	0	0	0
4.511	1	1	452	2	1	24	1620	0	0	1
4.512	1	1	452	3	1	24	1620	0	0	0
4.512	1	1	452	3	1	24	1620	0	0	1
4.513	1	1	452	4	1	24	1620	0	0	0
4.513	1	1	452	4	1	24	1620	0	0	1
4.514	1	1	452	5	1	24	1620	0	0	0
4.514	1	1	452	5	1	24	1620	0	0	1
4.516	1	1	452	7	1	24	1620	0	0	0
4.516	1	1	452	7	1	24	1620	0	0	1
4.517	1	1	452	8	1	24	1620	0	0	0
4.517	1	1	452	8	1	24	1620	0	0	1
4.518	1	1	452	9	1	24	1620	0	0	0
4.519	1	1	452	10	1	24	1620	0	0	0
4.52	1	1	453	1	1	24	1620	0	0	0
4.521	1	1	453	2	1	24	1620	0	0	0
4.521	1	1	453	2	1	24	1620	0	0	1
4.522	1	1	453	3	1	24	1620	0	0	0
4.522	1	1	453	3	1	24	1620	0	0	1
4.523	1	1	453	4	1	24	1620	0	0	0
4.523	1	1	453	4	1	24	1620	0	0	1
4.525	1	1	453	6	1	24	1620	0	0	0
4.525	1	1	453	6	1	24	1620	0	0	1
4.526	1	1	453	7	1	24	1620	0	0	0
4.526	1	1	453	7	1	24	1620	0	0	1
4.527	1	1	453	8	1	24	1620	0	0	0
4.527	1	1	453	8	1	24	1620	0	0	1
4.528	1	1	453	9	1	24	1620	0	0	0
4.528	1	1	453	9	1	24	1620	0	0	1
4.529	1	1	453	10	1	24	1620	0	0	0
4.529	1	1	453	10	1	24	1620	0	0	1
4.53	1	1	454	1	1	24	1620	0	0	0
4.53	1	1	454	1	1	24	1620	0	0	1
4.531	1	1	454	2	1	24	1620	0	0	0
4.531	1	1	454	2	1	24	1620	0	0	1
4.532	1	1	454	3	1	24	1620	0	0	0
4.532	1	1	454	3	1	24	1620	0	0	1
4.533	1	1	454	4	1	24	1620	0	0	0
4.535	1	1	454	6	1	24	1620	0	0	0
4.536	1	1	454	7	1	24	1620	0	0	0
4.537	1	1	454	8	1	24	1620	0	0	0
4.537	1	1	454	8	1	24	1620	0	0	1
4.538	1	1	454	9	1	24	1620	0	0	0
4.538	1	1	454	9	1	24	1620	0	0	1
4.539	1	1	454	10	1	24	1620	0	0	0
4.539	1	1	454	10	1	24	1620	0	0	1
4.54	1	1	455	1	1	24	1620	0	0	0
4.54	1	1	455	1	1	24	1620	0	0	1
4.541	1	1	455	2	1	24	1620	0	0	0
4.541	1	1	455	2	1	24	1620	0	0	1
4.542	1	1	455	3	1	24	1620	0	0	0
4.542	1	1	455	3	1	24	1620	0	0	1
4.544	1	1	455	5	1	24	1620	0	0	0
4.544	1	1	455	5	1	24	1620	0	0	1
4.545	1	1	455	6	1	24	1620	0	0	0
4.545	1	1	455	6	1	24	1620	0	0	1
4.546	1	1	455	7	1	24	1620	0	0	0
4.546	1	1	455	7	1	24	1620	0	0	1
4.547	1	1	455	8	1	24	1620	0	0	0
4.547	1	1	455	8	1	24	1620	0	0	1
4.548	1	1	455	9	1	24	1620	0	0	0
4.548	1	1	455	9	1	24	1620	0	0	1
4.549	1	1	455	10	1	24	1620	0	0	0
4.55	1	1	456	1	1	24	1620	0	0	0
4.551	1	1	456	2	1	24	1620	0	0	0
4.552	1	1	456	3	1	24	1620	0	0	0
4.552	1	1	456	3	1	24	1620	0	0	1
4.553	1	1	456	4	1	24	1620	0	0	0
4.553	1	1	456	4	1	24	1620	0	0	1
4.554	1	1	456	5	1	24	1620	0	0	0
4.554	1	1	456	5	1	24	1620	0	0	1
4.555	1	1	456	6	1	24	1620	0	0	0
4.556	1	1	456	7	1	24	1620	0	0	0
4.556	1	1	456	7	1	24	1620	0	0	1
4.557	1	1	456	8	1	24	1620	0	0	0
4.557	1	1	456	8	1	24	1620	0	0	1
4.558	1	1	456	9	1	24	1620	0	0	0
4.558	1	1	456	9	1	24	1620	0	0	1
4.559	1	1	456	10	1	24	1620	0	0	0
4.559	1	1	456	10	1	24	1620	0	0	1
4.56	1	1	457	1	1	24	1620	0	0	0
4.56	1	1	457	1	1	24	1620	0	0	1
4.561	1	1	457	2	1	24	1620	0	0	0
4.561	1	1	457	2	1	24	1620	0	0	1
4.563	1	1	457	4	1	24	1620	0	0	0
4.563	1	1	457	4	1	24	1620	0	0	1
4.564	1	1	457	5	1	24	1620	0	0	0
4.564	1	1	457	5	1	24	1620	0	0	1
4.565	1	1	457	6	1	24	1620	0	0	0
4.565	1	1	457	6	1	24	1620	0	0	1
4.566	1	1	457	7	1	24	1620	0	0	0
4.567	1	1	457	8	1	24	1620	0	0	0
4.568	1	1	457	9	1	24	1620	0	0	0
4.569	1	1	457	10	1	24	1620	0	0	0
4.569	1	1	457	10	1	24	1620	0	0	1
4.57	1	1	458	1	1	24	1620	0	0	0
4.57	1	1	458	1	1	24	1620	0	0	1
4.571	1	1	458	2	1	24	1620	0	0	0
4.571	1	1	458	2	1	24	1620	0	0	1
4.572	1	1	458	3	1	24	1620	0	0	0
4.572	1	1	458	3	1	24	1620	0	0	1
4.573	1	1	458	4	1	24	1620	0	0	0
4.573	1	1	458	4	1	24	1620	0	0	1
4.574	1	1	458	5	1	24	1620	0	0	0
4.575	1	1	458	6	1	24	1620	0	0	0
4.575	1	1	458	6	1	24	1620	0	0	1
4.576	1	1	458	7	1	24	1620	0	0	0
4.576	1	1	458	7	1	24	1620	0	0	1
4.577	1	1	458	8	1	24	1620	0	0	0
4.577	1	1	458	8	1	24	1620	0	0	1
4.578	1	1	458	9	1	24	1620	0	0	0
4.578	1	1	458	9	1	24	1620	0	0	1
4.579	1	1	458	10	1	24	1620	0	0	0
4.579	1	1	458	10	1	24	1620	0	0	1
4.581	1	1	459	2	1	24	1620	0	0	0
4.581	1	1	459	2	1	24	1620	0	0	1
4.582	1	1	459	3	1	22	1383	0	0	0
4.583	1	1	459	4	1	22	1383	0	0	0
4.584	1	1	459	5	1	22	1383	0	0	0
4.584	1	1	459	5	1	22	1383	0	0	1
4.585	1	1	459	6	1	22	1383	0	0	0
4.585	1	1	459	6	1	22	1383	0	0	1
4.586	1	1	459	7	1	22	1383	0	0	0
4.587	1	1	459	8	1	22	1383	0	0	0
4.587	1	1	459	8	1	22	1383	0	0	1
4.588	1	1	459	9	1	22	1383	0	0	0
4.588	1	1	459	9	1	22	1383	0	0	1
4.589	1	1	459	10	1	22	1383	0	0	0
4.589	1	1	459	10	1	22	1383	0	0	1
4.591	1	1	460	2	1	22	1383	0	0	0
4.591	1	1	460	2	1	22	1383	0	0	1
4.592	1	1	460	3	1	22	1383	0	0	0
4.592	1	1	460	3	1	22	1383	0	0	1
4.593	1	1	460	4	1	22	1383	0	0	0
4.593	1	1	460	4	1	22	1383	0	0	1
4.594	1	1	460	5	1	22	1383	0	0	0
4.594	1	1	460	5	1	22	1383	0	0	1
4.595	1	1	460	6	1	22	1383	0	0	0
4.595	1	1	460	6	1	22	1383	0	0	1
4.596	1	1	460	7	1	22	1383	0	0	0
4.596	1	1	460	7	1	22	1383	0	0	1
4.597	1	1	460	8	1	22	1383	0	0	0
4.597	1	1	460	8	1	22	1383	0	0	1
4.598	1	1	460	9	1	22	1383	0	0	0
4.598	1	1	460	9	1	22	1383	0	0	1
4.599	1	1	460	10	1	22	1383	0	0	0
4.599	1	1	460	10	1	22	1383	0	0	1
4.6	1	1	461	1	1	22	1383	0	0	0
4.6	1	1	461	1	1	22	1383	0	0	1
4.601	1	1	461	2	1	22	1383	0	0	0
4.601	1	1	461	2	1	22	1383	0	0	1
4.602	1	1	461	3	1	22	1383	0	0	0
4.602	1	1	461	3	1	22	1383	0	0	1
4.603	1	1	461	4	1	22	1383	0	0	0
4.603	1	1	461	4	1	22	1383	0	0	1
4.604	1	1	461	5	1	22	1383	0	0	0
4.604	1	1	461	5	1	22	1383	0	0	1
4.605	1	1	461	6	1	22	1383	0	0	0
4.605	1	1	461	6	1	22	1383	0	0	1
4.606	1	1	461	7	1	22	1383	0	0	0
4.606	1	1	461	7	1	22	1383	0	0	1
4.607	1	1	461	8	1	22	1383	0	0	0
4.607	1	1	461	8	1	22	1383	0	0	1
4.609	1	1	461	10	1	22	1383	0	0	0
4.609	1	1	461	10	1	22	1383	0	0	1
4.61	1	1	462	1	1	22	1383	0	0	0
4.61	1	1	462	1	1	22	1383	0	0	1
4.611	1	1	462	2	1	22	1383	0	0	0
4.611	1	1	462	2	1	22	1383	0	0	1
4.612	1	1	462	3	1	22	1383	0	0	0
4.612	1	1	462	3	1	22	1383	0	0	1
4.613	1	1	462	4	1	22	1383	0	0	0
4.613	1	1	462	4	1	22	1383	0	0	1
4.614	1	1	462	5	1	22	1383	0	0	0
4.614	1	1	462	5	1	22	1383	0	0	1
4.615	1	1	462	6	1	22	1383	0	0	0
4.615	1	1	462	6	1	22	1383	0	0	1
4.616	1	1	462	7	1	22	1383	0	0	0
4.616	1	1	462	7	1	22	1383	0	0	1
4.617	1	1	462	8	1	22	1383	0	0	0
4.617	1	1	462	8	1	22	1383	0	0	1
4.618	1	1	462	9	1	22	1383	0	0	0
4.618	1	1	462	9	1	22	1383	0	0	1
4.619	1	1	462	10	1	22	1383	0	0	0
4.619	1	1	462	10	1	22	1383	0	0	1
4.62	1	1	463	1	1	22	1383	0	0	0
4.62	1	1	463	1	1	22	1383	0	0	1
4.621	1	1	463	2	1	22	1383	0	0	0
4.621	1	1	463	2	1	22	1383	0	0	1
4.622	1	1	463	3	1	22	1383	0	0	0
4.622	1	1	463	3	1	22	1383	0	0	1
4.623	1	1	463	4	1	22	1383	0	0	0
4.623	1	1	463	4	1	22	1383	0	0	1
4.624	1	1	463	5	1	22	1383	0	0	0
4.624	1	1	463	5	1	22	1383	0	0	1
4.625	1	1	463	6	1	22	1383	0	0	0
4.625	1	1	463	6	1	22	1383	0	0	1
4.626	1	1	463	7	1	22	1383	0	0	0
4.626	1	1	463	7	1	22	1383	0	0	1
4.628	1	1	463	9	1	22	1383	0	0	0
4.628	1	1	463	9	1	22	1383	0	0	1
4.629	1	1	463	10	1	22	1383	0	0	0
4.629	1	1	463	10	1	22	1383	0	0	1
4.63	1	1	464	1	1	22	1383	0	0	0
4.63	1	1	464	1	1	22	1383	0	0	1
4.631	1	1	464	2	1	22	1383	0	0	0
4.631	1	1	464	2	1	22	1383	0	0	1
4.632	1	1	464	3	1	24	1620	0	0	0
4.632	1	1	464	3	1	24	1620	0	0	1
4.633	1	1	464	4	1	24	1620	0	0	0
4.633	1	1	464	4	1	24	1620	0	0	1
4.634	1	1	464	5	1	24	1620	0	0	0
4.634	1	1	464	5	1	24	1620	0	0	1
4.635	1	1	464	6	1	24	1620	0	0	0
4.635	1	1	464	6	1	24	1620	0	0	1
4.637	1	1	464	8	1	24	1620	0	0	0
4.637	1	1	464	8	1	24	1620	0	0	1
4.638	1	1	464	9	1	24	1620	0	0	0
4.638	1	1	464	9	1	24	1620	0	0	1
4.639	1	1	464	10	1	24	1620	0	0	0
4.639	1	1	464	10	1	24	1620	0	0	1
4.64	1	1	465	1	1	24	1620	0	0	0
4.64	1	1	465	1	1	24	1620	0	0	1
4.641	1	1	465	2	1	24	1620	0	0	0
4.641	1	1	465	2	1	24	1620	0	0	1
4.642	1	1	465	3	1	24	1620	0	0	0
4.642	1	1	465	3	1	24	1620	0	0	1
4.643	1	1	465	4	1	24	1620	0	0	0
4.643	1	1	465	4	1	24	1620	0	0	1
4.644	1	1	465	5	1	24	1620	0	0	0
4.645	1	1	465	6	1	24	1620	0	0	0
4.646	1	1	465	7	1	24	1620	0	0	0
4.647	1	1	465	8	1	24	1620	0	0	0
4.647	1	1	465	8	1	24	1620	0	0	1
4.648	1	1	465	9	1	24	1620	0	0	0
4.649	1	1	465	10	1	24	1620	0	0	0
4.649	1	1	465	10	1	24	1620	0	0	1
4.65	1	1	466	1	1	24	1620	0	0	0
4.65	1	1	466	1	1	24	1620	0	0	1
4.651	1	1	466	2	1	24	1620	0	0	0
4.651	1	1	466	2	1	24	1620	0	0	1
4.652	1	1	466	3	1	24	1620	0	0	0
4.652	1	1	466	3	1	24	1620	0	0	1
4.653	1	1	466	4	1	24	1620	0	0	0
4.653	1	1	466	4	1	24	1620	0	0	1
4.654	1	1	466	5	1	24	1620	0	0	0
4.654	1	1	466	5	1	24	1620	0	0	1
4.656	1	1	466	7	1	24	1620	0	0	0
4.656	1	1	466	7	1	24	1620	0	0	1
4.657	1	1	466	8	1	24	1620	0	0	0
4.657	1	1	466	8	1	24	1620	0	0	1
4.658	1	1	466	9	1	24	1620	0	0	0
4.658	1	1	466	9	1	24	1620	0	0	1
4.659	1	1	466	10	1	24	1620	0	0	0
4.659	1	1	466	10	1	24	1620	0	0	1
4.66	1	1	467	1	1	24	1620	0	0	0
4.661	1	1	467	2	1	24	1620	0	0	0
4.662	1	1	467	3	1	24	1620	0	0	0
4.663	1	1	467	4	1	24	1620	0	0	0
4.663	1	1	467	4	1	24	1620	0	0	1
4.664	1	1	467	5	1	26	1836	0	0	0
4.664	1	1	467	5	1	26	1836	0	0	1
4.665	1	1	467	6	1	26	1836	0	0	0
4.665	1	1	467	6	1	26	1836	0	0	1
4.666	1	1	467	7	1	26	1836	0	0	0
4.666	1	1	467	7	1	26	1836	0	0	1
4.667	1	1	467	8	1	26	1836	0	0	0
4.668	1	1	467	9	1	26	1836	0	0	0
4.668	1	1	467	9	1	26	1836	0	0	1
4.669	1	1	467	10	1	26	1836	0	0	0
4.669	1	1	467	10	1	26	1836	0	0	1
4.67	1	1	468	1	1	26	1836	0	0	0
4.67	1	1	468	1	1	26	1836	0	0	1
4.671	1	1	468	2	1	26	1836	0	0	0
4.671	1	1	468	2	1	26	1836	0	0	1
4.672	1	1	468	3	1	26	1836	0	0	0
4.672	1	1	468	3	1	26	1836	0	0	1
4.673	1	1	468	4	1	26	1836	0	0	0
4.673	1	1	468	4	1	26	1836	0	0	1
4.675	1	1	468	6	1	26	1836	0	0	0
4.676	1	1	468	7	1	26	1836	0	0	0
4.677	1	1	468	8	1	26	1836	0	0	0
4.677	1	1	468	8	1	26	1836	0	0	1
4.678	1	1	468	9	1	26	1836	0	0	0
4.678	1	1	468	9	1	26	1836	0	0	1
4.679	1	1	468	10	1	26	1836	0	0	0
4.68	1	1	469	1	1	26	1836	0	0	0
4.68	1	1	469	1	1	26	1836	0	0	1
4.681	1	1	469	2	1	26	1836	0	0	0
4.681	1	1	469	2	1	26	1836	0	0	1
4.682	1	1	469	3	1	26	1836	0	0	0
4.682	1	1	469	3	1	26	1836	0	0	1
4.684	1	1	469	5	1	26	1836	0	0	0
4.684	1	1	469	5	1	26	1836	0	0	1
4.685	1	1	469	6	1	26	1836	0	0	0
4.685	1	1	469	6	1	26	1836	0	0	1
4.686	1	1	469	7	1	26	1836	0	0	0
4.686	1	1	469	7	1	26	1836	0	0	1
4.687	1	1	469	8	1	26	1836	0	0	0
4.687	1	1	469	8	1	26	1836	0	0	1
4.688	1	1	469	9	1	26	1836	0	0	0
4.688	1	1	469	9	1	26	1836	0	0	1
4.689	1	1	469	10	1	26	1836	0	0	0
4.689	1	1	469	10	1	26	1836	0	0	1
4.69	1	1	470	1	1	26	1836	0	0	0
4.69	1	1	470	1	1	26	1836	0	0	1
4.691	1	1	470	2	1	26	1836	0	0	0
4.693	1	1	470	4	1	26	1836	0	0	0
4.694	1	1	470	5	1	24	1620	0	0	0
4.694	1	1	470	5	1	24	1620	0	0	1
4.695	1	1	470	6	1	24	1620	0	0	0
4.696	1	1	470	7	1	24	1620	0	0	0
4.696	1	1	470	7	1	24	1620	0	0	1
4.697	1	1	470	8	1	24	1620	0	0	0
4.697	1	1	470	8	1	24	1620	0	0	1
4.698	1	1	470	9	1	24	1620	0	0	0
4.698	1	1	470	9	1	24	1620	0	0	1
4.699	1	1	470	10	1	24	1620	0	0	0
4.699	1	1	470	10	1	24	1620	0	0	1
4.7	1	1	471	1	1	24	1620	0	0	0
4.7	1	1	471	1	1	24	1620	0	0	1
4.701	1	1	471	2	1	24	1620	0	0	0
4.701	1	1	471	2	1	24	1620	0	0	1
4.703	1	1	471	4	1	24	1620	0	0	0
4.703	1	1	471	4	1	24	1620	0	0	1
4.704	1	1	471	5	1	24	1620	0	0	0
4.704	1	1	471	5	1	24	1620	0	0	1
4.705	1	1	471	6	1	24	1620	0	0	0
4.705	1	1	471	6	1	24	1620	0	0	1
4.706	1	1	471	7	1	24	1620	0	0	0
4.706	1	1	471	7	1	24	1620	0	0	1
4.707	1	1	471	8	1	24	1620	0	0	0
4.708	1	1	471	9	1	24	1620	0	0	0
4.709	1	1	471	10	1	24	1620	0	0	0
4.71	1	1	472	1	1	24	1620	0	0	0
4.71	1	1	472	1	1	24	1620	0	0	1
4.711	1	1	472	2	1	24	1620	0	0	0
4.711	1	1	472	2	1	24	1620	0	0	1
4.712	1	1	472	3	1	24	1620	0	0	0
4.712	1	1	472	3	1	24	1620	0	0	1
4.713	1	1	472	4	1	24	1620	0	0	0
4.713	1	1	472	4	1	24	1620	0	0	1
4.714	1	1	472	5	1	24	1620	0	0	0
4.715	1	1	472	6	1	24	1620	0	0	0
4.715	1	1	472	6	1	24	1620	0	0	1
4.716	1	1	472	7	1	22	1383	0	0	0
4.716	1	1	472	7	1	22	1383	0	0	1
4.717	1	1	472	8	1	22	1383	0	0	0
4.717	1	1	472	8	1	22	1383	0	0	1
4.718	1	1	472	9	1	22	1383	0	0	0
4.718	1	1	472	9	1	22	1383	0	0	1
4.719	1	1	472	10	1	22	1383	0	0	0
4.719	1	1	472	10	1	22	1383	0	0	1
4.721	1	1	473	2	1	22	1383	0	0	0
4.721	1	1	473	2	1	22	1383	0	0	1
4.722	1	1	473	3	1	22	1383	0	0	0
4.722	1	1	473	3	1	22	1383	0	0	1
4.723	1	1	473	4	1	22	1383	0	0	0
4.723	1	1	473	4	1	22	1383	0	0	1
4.724	1	1	473	5	1	22	1383	0	0	0
4.724	1	1	473	5	1	22	1383	0	0	1
4.725	1	1	473	6	1	22	1383	0	0	0
4.725	1	1	473	6	1	22	1383	0	0	1
4.726	1	1	473	7	1	22	1383	0	0	0
4.726	1	1	473	7	1	22	1383	0	0	1
4.727	1	1	473	8	1	22	1383	0	0	0
4.727	1	1	473	8	1	22	1383	0	0	1
4.728	1	1	473	9	1	20	1191	0	0	0
4.728	1	1	473	9	1	20	1191	0	0	1
4.729	1	1	473	10	1	20	1191	0	0	0
4.729	1	1	473	10	1	20	1191	0	0	1
4.73	1	1	474	1	1	20	1191	0	0	0
4.73	1	1	474	1	1	20	1191	0	0	1
4.731	1	1	474	2	1	20	1191	0	0	0
4.731	1	1	474	2	1	20	1191	0	0	1
4.732	1	1	474	3	1	20	1191	0	0	0
4.732	1	1	474	3	1	20	1191	0	0	1
4.733	1	1	474	4	1	20	1191	0	0	0
4.733	1	1	474	4	1	20	1191	0	0	1
4.734	1	1	474	5	1	20	1191	0	0	0
4.734	1	1	474	5	1	20	1191	0	0	1
4.735	1	1	474	6	1	20	1191	0	0	0
4.735	1	1	474	6	1	20	1191	0	0	1
4.736	1	1	474	7	1	20	1191	0	0	0
4.736	1	1	474	7	1	20	1191	0	0	1
4.737	1	1	474	8	1	20	1191	0	0	0
4.737	1	1	474	8	1	20	1191	0	0	1
4.738	1	1	474	9	1	20	1191	0	0	0
4.738	1	1	474	9	1	20	1191	0	0	1
4.74	1	1	475	1	1	20	1191	0	0	0
4.74	1	1	475	1	1	20	1191	0	0	1
4.741	1	1	475	2	1	20	1191	0	0	0
4.741	1	1	475	2	1	20	1191	0	0	1
4.742	1	1	475	3	1	20	1191	0	0	0
4.742	1	1	475	3	1	20	1191	0	0	1
4.743	1	1	475	4	1	20	1191	0	0	0
4.743	1	1	475	4	1	20	1191	0	0	1
4.744	1	1	475	5	1	20	1191	0	0	0
4.744	1	1	475	5	1	20	1191	0	0	1
4.745	1	1	475	6	1	20	1191	0	0	0
4.745	1	1	475	6	1	20	1191	0	0	1
4.746	1	1	475	7	1	20	1191	0	0	0
4.746	1	1	475	7	1	20	1191	0	0	1
4.747	1	1	475	8	1	20	1191	0	0	0
4.747	1	1	475	8	1	20	1191	0	0	1
4.748	1	1	475	9	1	20	1191	0	0	0
4.748	1	1	475	9	1	20	1191	0	0	1
4.749	1	1	475	10	1	20	1191	0	0	0
4.749	1	1	475	10	1	20	1191	0	0	1
4.75	1	1	476	1	1	22	1383	0	0	0
4.75	1	1	476	1	1	22	1383	0	0	1
4.751	1	1	476	2	1	22	1383	0	0	0
4.751	1	1	476	2	1	22	1383	0	0	1
4.752	1	1	476	3	1	22	1383	0	0	0
4.752	1	1	476	3	1	22	1383	0	0	1
4.753	1	1	476	4	1	22	1383	0	0	0
4.753	1	1	476	4	1	22	1383	0	0	1
4.754	1	1	476	5	1	22	1383	0	0	0
4.754	1	1	476	5	1	22	1383	0	0	1
4.755	1	1	476	6	1	22	1383	0	0	0
4.755	1	1	476	6	1	22	1383	0	0	1
4.756	1	1	476	7	1	22	1383	0	0	0
4.756	1	1	476	7	1	22	1383	0	0	1
4.757	1	1	476	8	1	22	1383	0	0	0
4.757	1	1	476	8	1	22	1383	0	0	1
4.758	1	1	476	9	1	22	1383	0	0	0
4.758	1	1	476	9	1	22	1383	0	0	1
4.759	1	1	476	10	1	22	1383	0	0	0
4.759	1	1	476	10	1	22	1383	0	0	1
4.76	1	1	477	1	1	22	1383	0	0	0
4.76	1	1	477	1	1	22	1383	0	0	1
4.761	1	1	477	2	1	22	1383	0	0	0
4.761	1	1	477	2	1	22	1383	0	0	1
4.762	1	1	477	3	1	24	1620	0	0	0
4.762	1	1	477	3	1	24	1620	0	0	1
4.763	1	1	477	4	1	24	1620	0	0	0
4.763	1	1	477	4	1	24	1620	0	0	1
4.764	1	1	477	5	1	22	1383	0	0	0
4.764	1	1	477	5	1	22	1383	0	0	1
4.765	1	1	477	6	1	22	1383	0	0	0
4.765	1	1	477	6	1	22	1383	0	0	1
4.766	1	1	477	7	1	24	1620	0	0	0
4.766	1	1	477	7	1	24	1620	0	0	1
4.768	1	1	477	9	1	24	1620	0	0	0
4.768	1	1	477	9	1	24	1620	0	0	1
4.769	1	1	477	10	1	24	1620	0	0	0
4.769	1	1	477	10	1	24	1620	0	0	1
4.77	1	1	478	1	1	24	1620	0	0	0
4.77	1	1	478	1	1	24	1620	0	0	1
4.771	1	1	478	2	1	24	1620	0	0	0
4.771	1	1	478	2	1	24	1620	0	0	1
4.772	1	1	478	3	1	24	1620	0	0	0
4.772	1	1	478	3	1	24	1620	0	0	1
4.773	1	1	478	4	1	24	1620	0	0	0
4.774	1	1	478	5	1	24	1620	0	0	0
4.774	1	1	478	5	1	24	1620	0	0	1
4.775	1	1	478	6	1	24	1620	0	0	0
4.775	1	1	478	6	1	24	1620	0	0	1
4.776	1	1	478	7	1	24	1620	0	0	0
4.777	1	1	478	8	1	24	1620	0	0	0
4.778	1	1	478	9	1	24	1620	0	0	0
4.778	1	1	478	9	1	24	1620	0	0	1
4.779	1	1	478	10	1	24	1620	0	0	0
4.779	1	1	478	10	1	24	1620	0	0	1
4.78	1	1	479	1	1	24	1620	0	0	0
4.78	1	1	479	1	1	24	1620	0	0	1
4.781	1	1	479	2	1	24	1620	0	0	0
4.781	1	1	479	2	1	24	1620	0	0	1
4.782	1	1	479	3	1	24	1620	0	0	0
4.782	1	1	479	3	1	24	1620	0	0	1
4.783	1	1	479	4	1	24	1620	0	0	0
4.783	1	1	479	4	1	24	1620	0	0	1
4.784	1	1	479	5	1	24	1620	0	0	0
4.784	1	1	479	5	1	24	1620	0	0	1
4.785	1	1	479	6	1	24	1620	0	0	0
4.785	1	1	479	6	1	24	1620	0	0	1
4.787	1	1	479	8	1	24	1620	0	0	0
4.788	1	1	479	9	1	24	1620	0	0	0
4.789	1	1	479	10	1	24	1620	0	0	0
4.79	1	1	480	1	1	24	1620	0	0	0
4.79	1	1	480	1	1	24	1620	0	0	1
4.791	1	1	480	2	1	24	1620	0	0	0
4.791	1	1	480	2	1	24	1620	0	0	1
4.792	1	1	480	3	1	22	1383	0	0	0
4.792	1	1	480	3	1	22	1383	0	0	1
4.793	1	1	480	4	1	22	1383	0	0	0
4.793	1	1	480	4	1	22	1383	0	0	1
4.794	1	1	480	5	1	22	1383	0	0	0
4.794	1	1	480	5	1	22	1383	0	0	1
4.796	1	1	480	7	1	22	1383	0	0	0
4.796	1	1	480	7	1	22	1383	0	0	1
4.797	1	1	480	8	1	22	1383	0	0	0
4.797	1	1	480	8	1	22	1383	0	0	1
4.798	1	1	480	9	1	22	1383	0	0	0
4.798	1	1	480	9	1	22	1383	0	0	1
4.799	1	1	480	10	1	22	1383	0	0	0
4.799	1	1	480	10	1	22	1383	0	0	1
4.8	1	1	481	1	1	22	1383	0	0	0
4.8	1	1	481	1	1	22	1383	0	0	1
4.801	1	1	481	2	1	22	1383	0	0	0
4.801	1	1	481	2	1	22	1383	0	0	1
4.802	1	1	481	3	1	22	1383	0	0	0
4.802	1	1	481	3	1	22	1383	0	0	1
4.803	1	1	481	4	1	22	1383	0	0	0
4.803	1	1	481	4	1	22	1383	0	0	1
4.804	1	1	481	5	1	22	1383	0	0	0
4.804	1	1	481	5	1	22	1383	0	0	1
4.805	1	1	481	6	1	22	1383	0	0	0
4.805	1	1	481	6	1	22	1383	0	0	1
4.806	1	1	481	7	1	20	1191	0	0	0
4.806	1	1	481	7	1	20	1191	0	0	1
4.807	1	1	481	8	1	20	1191	0	0	0
4.807	1	1	481	8	1	20	1191	0	0	1
4.808	1	1	481	9	1	20	1191	0	0	0
4.808	1	1	481	9	1	20	1191	0	0	1
4.809	1	1	481	10	1	20	1191	0	0	0
4.809	1	1	481	10	1	20	1191	0	0	1
4.81	1	1	482	1	1	20	1191	0	0	0
4.81	1	1	482	1	1	20	1191	0	0	1
4.811	1	1	482	2	1	20	1191	0	0	0
4.811	1	1	482	2	1	20	1191	0	0	1
4.812	1	1	482	3	1	20	1191	0	0	0
4.812	1	1	482	3	1	20	1191	0	0	1
4.813	1	1	482	4	1	20	1191	0	0	0
4.813	1	1	482	4	1	20	1191	0	0	1
4.815	1	1	482	6	1	20	1191	0	0	0
4.815	1	1	482	6	1	20	1191	0	0	1
4.816	1	1	482	7	1	20	1191	0	0	0
4.816	1	1	482	7	1	20	1191	0	0	1
4.817	1	1	482	8	1	20	1191	0	0	0
4.817	1	1	482	8	1	20	1191	0	0	1
4.818	1	1	482	9	1	20	1191	0	0	0
4.818	1	1	482	9	1	20	1191	0	0	1
4.819	1	1	482	10	1	20	1191	0	0	0
4.819	1	1	482	10	1	20	1191	0	0	1
4.82	1	1	483	1	1	20	1191	0	0	0
4.82	1	1	483	1	1	20	1191	0	0	1
4.821	1	1	483	2	1	20	1191	0	0	0
4.821	1	1	483	2	1	20	1191	0	0	1
4.822	1	1	483	3	1	20	1191	0	0	0
4.822	1	1	483	3	1	20	1191	0	0	1
4.823	1	1	483	4	1	20	1191	0	0	0
4.823	1	1	483	4	1	20	1191	0	0	1
4.824	1	1	483	5	1	18	967	0	0	0
4.824	1	1	483	5	1	18	967	0	0	1
4.825	1	1	483	6	1	18	967	0	0	0
4.825	1	1	483	6	1	18	967	0	0	1
4.826	1	1	483	7	1	18	967	0	0	0
4.826	1	1	483	7	1	18	967	0	0	1
4.827	1	1	483	8	1	18	967	0	0	0
4.827	1	1	483	8	1	18	967	0	0	1
4.828	1	1	483	9	1	18	967	0	0	0
4.828	1	1	483	9	1	18	967	0	0	1
4.829	1	1	483	10	1	18	967	0	0	0
4.829	1	1	483	10	1	18	967	0	0	1
4.83	1	1	484	1	1	18	967	0	0	0
4.83	1	1	484	1	1	18	967	0	0	1
4.831	1	1	484	2	1	18	967	0	0	0
4.831	1	1	484	2	1	18	967	0	0	1
4.833	1	1	484	4	1	20	1191	0	0	0
4.833	1	1	484	4	1	20	1191	0	0	1
4.834	1	1	484	5	1	20	1191	0	0	0
4.834	1	1	484	5	1	20	1191	0	0	1
4.835	1	1	484	6	1	20	1191	0	0	0
4.835	1	1	484	6	1	20	1191	0	0	1
4.836	1	1	484	7	1	20	1191	0	0	0
4.836	1	1	484	7	1	20	1191	0	0	1
4.837	1	1	484	8	1	20	1191	0	0	0
4.837	1	1	484	8	1	20	1191	0	0	1
4.838	1	1	484	9	1	20	1191	0	0	0
4.838	1	1	484	9	1	20	1191	0	0	1
4.839	1	1	484	10	1	20	1191	0	0	0
4.839	1	1	484	10	1	20	1191	0	0	1
4.84	1	1	485	1	1	20	1191	0	0	0
4.84	1	1	485	1	1	20	1191	0	0	1
4.841	1	1	485	2	1	20	1191	0	0	0
4.841	1	1	485	2	1	20	1191	0	0	1
4.843	1	1	485	4	1	20	1191	0	0	0
4.843	1	1	485	4	1	20	1191	0	0	1
4.844	1	1	485	5	1	20	1191	0	0	0
4.844	1	1	485	5	1	20	1191	0	0	1
4.845	1	1	485	6	1	20	1191	0	0	0
4.845	1	1	485	6	1	20	1191	0	0	1
4.846	1	1	485	7	1	20	1191	0	0	0
4.846	1	1	485	7	1	20	1191	0	0	1
4.847	1	1	485	8	1	20	1191	0	0	0
4.847	1	1	485	8	1	20	1191	0	0	1
4.848	1	1	485	9	1	20	1191	0	0	0
4.848	1	1	485	9	1	20	1191	0	0	1
4.849	1	1	485	10	1	20	1191	0	0	0
4.849	1	1	485	10	1	20	1191	0	0	1
4.85	1	1	486	1	1	22	1383	0	0	0
4.85	1	1	486	1	1	22	1383	0	0	1
4.851	1	1	486	2	1	22	1383	0	0	0
4.851	1	1	486	2	1	22	1383	0	0	1
4.852	1	1	486	3	1	22	1383	0	0	0
4.852	1	1	486	3	1	22	1383	0	0	1
4.853	1	1	486	4	1	22	1383	0	0	0
4.853	1	1	486	4	1	22	1383	0	0	1
4.854	1	1	486	5	1	22	1383	0	0	0
4.854	1	1	486	5	1	22	1383	0	0	1
4.855	1	1	486	6	1	22	1383	0	0	0
4.855	1	1	486	6	1	22	1383	0	0	1
4.856	1	1	486	7	1	22	1383	0	0	0
4.856	1	1	486	7	1	22	1383	0	0	1
4.857	1	1	486	8	1	22	1383	0	0	0
4.857	1	1	486	8	1	22	1383	0	0	1
4.858	1	1	486	9	1	24	1620	0	0	0
4.858	1	1	486	9	1	24	1620	0	0	1
4.859	1	1	486	10	1	24	1620	0	0	0
4.859	1	1	486	10	1	24	1620	0	0	1
4.861	1	1	487	2	1	24	1620	0	0	0
4.861	1	1	487	2	1	24	1620	0	0	1
4.862	1	1	487	3	1	24	1620	0	0	0
4.862	1	1	487	3	1	24	1620	0	0	1
4.863	1	1	487	4	1	24	1620	0	0	0
4.863	1	1	487	4	1	24	1620	0	0	1
4.864	1	1	487	5	1	24	1620	0	0	0
4.864	1	1	487	5	1	24	1620	0	0	1
4.865	1	1	487	6	1	24	1620	0	0	0
4.865	1	1	487	6	1	24	1620	0	0	1
4.866	1	1	487	7	1	24	1620	0	0	0
4.866	1	1	487	7	1	24	1620	0	0	1
4.867	1	1	487	8	1	24	1620	0	0	0
4.868	1	1	487	9	1	24	1620	0	0	0
4.869	1	1	487	10	1	24	1620	0	0	0
4.87	1	1	488	1	1	26	1836	0	0	0
4.87	1	1	488	1	1	26	1836	0	0	1
4.871	1	1	488	2	1	26	1836	0	0	0
4.871	1	1	488	2	1	26	1836	0	0	1
4.872	1	1	488	3	1	26	1836	0	0	0
4.873	1	1	488	4	1	26	1836	0	0	0
4.873	1	1	488	4	1	26	1836	0	0	1
4.874	1	1	488	5	1	26	1836	0	0	0
4.874	1	1	488	5	1	26	1836	0	0	1
4.875	1	1	488	6	1	26	1836	0	0	0
4.875	1	1	488	6	1	26	1836	0	0	1
4.876	1	1	488	7	1	26	1836	0	0	0
4.876	1	1	488	7	1	26	1836	0	0	1
4.877	1	1	488	8	1	26	1836	0	0	0
4.877	1	1	488	8	1	26	1836	0	0	1
4.878	1	1	488	9	1	26	1836	0	0	0
4.878	1	1	488	9	1	26	1836	0	0	1
4.88	1	1	489	1	1	26	1836	0	0	0
4.88	1	1	489	1	1	26	1836	0	0	1
4.881	1	1	489	2	1	26	1836	0	0	0
4.881	1	1	489	2	1	26	1836	0	0	1
4.882	1	1	489	3	1	26	1836	0	0	0
4.882	1	1	489	3	1	26	1836	0	0	1
4.883	1	1	489	4	1	26	1836	0	0	0
4.884	1	1	489	5	1	26	1836	0	0	0
4.885	1	1	489	6	1	26	1836	0	0	0
4.886	1	1	489	7	1	26	1836	0	0	0
4.886	1	1	489	7	1	26	1836	0	0	1
4.887	1	1	489	8	1	26	1836	0	0	0
4.887	1	1	489	8	1	26	1836	0	0	1
4.888	1	1	489	9	1	26	1836	0	0	0
4.888	1	1	489	9	1	26	1836	0	0	1
4.889	1	1	489	10	1	26	1836	0	0	0
4.889	1	1	489	10	1	26	1836	0	0	1
4.89	1	1	490	1	1	26	1836	0	0	0
4.89	1	1	490	1	1	26	1836	0	0	1
4.891	1	1	490	2	1	26	1836	0	0	0
4.892	1	1	490	3	1	26	1836	0	0	0
4.892	1	1	490	3	1	26	1836	0	0	1
4.893	1	1	490	4	1	26	1836	0	0	0
4.893	1	1	490	4	1	26	1836	0	0	1
4.894	1	1	490	5	1	26	1836	0	0	0
4.894	1	1	490	5	1	26	1836	0	0	1
4.895	1	1	490	6	1	26	1836	0	0	0
4.895	1	1	490	6	1	26	1836	0	0	1
4.896	1	1	490	7	1	26	1836	0	0	0
4.896	1	1	490	7	1	26	1836	0	0	1
4.897	1	1	490	8	1	26	1836	0	0	0
4.899	1	1	490	10	1	26	1836	0	0	0
4.9	1	1	491	1	1	26	1836	0	0	0
4.9	1	1	491	1	1	26	1836	0	0	1
4.901	1	1	491	2	1	26	1836	0	0	0
4.901	1	1	491	2	1	26	1836	0	0	1
4.902	1	1	491	3	1	26	1836	0	0	0
4.902	1	1	491	3	1	26	1836	0	0	1
4.903	1	1	491	4	1	26	1836	0	0	0
4.904	1	1	491	5	1	26	1836	0	0	0
4.904	1	1	491	5	1	26	1836	0	0	1
4.905	1	1	491	6	1	26	1836	0	0	0
4.905	1	1	491	6	1	26	1836	0	0	1
4.906	1	1	491	7	1	26	1836	0	0	0
4.906	1	1	491	7	1	26	1836	0	0	1
4.908	1	1	491	9	1	26	1836	0	0	0
4.908	1	1	491	9	1	26	1836	0	0	1
4.909	1	1	491	10	1	26	1836	0	0	0
4.909	1	1	491	10	1	26	1836	0	0	1
4.91	1	1	492	1	1	26	1836	0	0	0
4.91	1	1	492	1	1	26	1836	0	0	1
4.911	1	1	492	2	1	26	1836	0	0	0
4.911	1	1	492	2	1	26	1836	0	0	1
4.912	1	1	492	3	1	26	1836	0	0	0
4.912	1	1	492	3	1	26	1836	0	0	1
4.913	1	1	492	4	1	26	1836	0	0	0
4.913	1	1	492	4	1	26	1836	0	0	1
4.914	1	1	492	5	1	26	1836	0	0	0
4.915	1	1	492	6	1	26	1836	0	0	0
4.916	1	1	492	7	1	26	1836	0	0	0
4.917	1	1	492	8	1	26	1836	0	0	0
4.917	1	1	492	8	1	26	1836	0	0	1
4.918	1	1	492	9	1	26	1836	0	0	0
4.918	1	1	492	9	1	26	1836	0	0	1
4.919	1	1	492	10	1	26	1836	0	0	0
4.92	1	1	493	1	1	26	1836	0	0	0
4.92	1	1	493	1	1	26	1836	0	0	1
4.921	1	1	493	2	1	26	1836	0	0	0
4.921	1	1	493	2	1	26	1836	0	0	1
4.922	1	1	493	3	1	26	1836	0	0	0
4.922	1	1	493	3	1	26	1836	0	0	1
4.923	1	1	493	4	1	26	1836	0	0	0
4.923	1	1	493	4	1	26	1836	0	0	1
4.924	1	1	493	5	1	26	1836	0	0	0
4.924	1	1	493	5	1	26	1836	0	0	1
4.925	1	1	493	6	1	26	1836	0	0	0
4.925	1	1	493	6	1	26	1836	0	0	1
4.927	1	1	493	8	1	26	1836	0	0	0
4.927	1	1	493	8	1	26	1836	0	0	1
4.928	1	1	493	9	1	26	1836	0	0	0
4.928	1	1	493	9	1	26	1836	0	0	1
4.929	1	1	493	10	1	26	1836	0	0	0
4.929	1	1	493	10	1	26	1836	0	0	1
4.93	1	1	494	1	1	26	1836	0	0	0
4.931	1	1	494	2	1	26	1836	0	0	0
4.932	1	1	494	3	1	26	1836	0	0	0
4.933	1	1	494	4	1	26	1836	0	0	0
4.933	1	1	494	4	1	26	1836	0	0	1
4.934	1	1	494	5	1	26	1836	0	0	0
4.934	1	1	494	5	1	26	1836	0	0	1
4.935	1	1	494	6	1	26	1836	0	0	0
4.935	1	1	494	6	1	26	1836	0	0	1
4.936	1	1	494	7	1	26	1836	0	0	0
4.936	1	1	494	7	1	26	1836	0	0	1
4.937	1	1	494	8	1	26	1836	0	0	0
4.937	1	1	494	8	1	26	1836	0	0	1
4.938	1	1	494	9	1	26	1836	0	0	0
4.939	1	1	494	10	1	26	1836	0	0	0
4.939	1	1	494	10	1	26	1836	0	0	1
4.94	1	1	495	1	1	24	1620	0	0	0
4.94	1	1	495	1	1	24	1620	0	0	1
4.941	1	1	495	2	1	24	1620	0	0	0
4.941	1	1	495	2	1	24	1620	0	0	1
4.942	1	1	495	3	1	24	1620	0	0	0
4.942	1	1	495	3	1	24	1620	0	0	1
4.943	1	1	495	4	1	24	1620	0	0	0
4.943	1	1	495	4	1	24	1620	0	0	1
4.945	1	1	495	6	1	24	1620	0	0	0
4.945	1	1	495	6	1	24	1620	0	0	1
4.946	1	1	495	7	1	24	1620	0	0	0
4.947	1	1	495	8	1	24	1620	0	0	0
4.948	1	1	495	9	1	24	1620	0	0	0
4.948	1	1	495	9	1	24	1620	0	0	1
4.949	1	1	495	10	1	24	1620	0	0	0
4.949	1	1	495	10	1	24	1620	0	0	1
4.95	1	1	496	1	1	24	1620	0	0	0
4.951	1	1	496	2	1	24	1620	0	0	0
4.951	1	1	496	2	1	24	1620	0	0	1
4.952	1	1	496	3	1	24	1620	0	0	0
4.952	1	1	496	3	1	24	1620	0	0	1
4.953	1	1	496	4	1	24	1620	0	0	0
4.953	1	1	496	4	1	24	1620	0	0	1
4.955	1	1	496	6	1	24	1620	0	0	0
4.955	1	1	496	6	1	24	1620	0	0	1
4.956	1	1	496	7	1	24	1620	0	0	0
4.956	1	1	496	7	1	24	1620	0	0	1
4.957	1	1	496	8	1	24	1620	0	0	0
4.957	1	1	496	8	1	24	1620	0	0	1
4.958	1	1	496	9	1	24	1620	0	0	0
4.958	1	1	496	9	1	24	1620	0	0	1
4.959	1	1	496	10	1	24	1620	0	0	0
4.959	1	1	496	10	1	24	1620	0	0	1
4.96	1	1	497	1	1	24	1620	0	0	0
4.96	1	1	497	1	1	24	1620	0	0	1
4.961	1	1	497	2	1	24	1620	0	0	0
4.961	1	1	497	2	1	24	1620	0	0	1
4.962	1	1	497	3	1	24	1620	0	0	0
4.963	1	1	497	4	1	24	1620	0	0	0
4.964	1	1	497	5	1	24	1620	0	0	0
4.965	1	1	497	6	1	24	1620	0	0	0
4.965	1	1	497	6	1	24	1620	0	0	1
4.966	1	1	497	7	1	24	1620	0	0	0
4.967	1	1	497	8	1	24	1620	0	0	0
4.967	1	1	497	8	1	24	1620	0	0	1
4.968	1	1	497	9	1	24	1620	0	0	0
4.968	1	1	497	9	1	24	1620	0	0	1
4.969	1	1	497	10	1	24	1620	0	0	0
4.969	1	1	497	10	1	24	1620	0	0	1
4.97	1	1	498	1	1	24	1620	0	0	0
4.97	1	1	498	1	1	24	1620	0	0	1
4.971	1	1	498	2	1	24	1620	0	0	0
4.971	1	1	498	2	1	24	1620	0	0	1
4.973	1	1	498	4	1	24	1620	0	0	0
4.973	1	1	498	4	1	24	1620	0	0	1
4.974	1	1	498	5	1	24	1620	0	0	0
4.974	1	1	498	5	1	24	1620	0	0	1
4.975	1	1	498	6	1	24	1620	0	0	0
4.975	1	1	498	6	1	24	1620	0	0	1
4.976	1	1	498	7	1	24	1620	0	0	0
4.976	1	1	498	7	1	24	1620	0	0	1
4.977	1	1	498	8	1	24	1620	0	0	0
4.978	1	1	498	9	1	24	1620	0	0	0
4.979	1	1	498	10	1	24	1620	0	0	0
4.98	1	1	499	1	1	24	1620	0	0	0
4.98	1	1	499	1	1	24	1620	0	0	1
4.981	1	1	499	2	1	24	1620	0	0	0
4.981	1	1	499	2	1	24	1620	0	0	1
4.982	1	1	499	3	1	24	1620	0	0	0
4.982	1	1	499	3	1	24	1620	0	0	1
4.983	1	1	499	4	1	24	1620	0	0	0
4.983	1	1	499	4	1	24	1620	0	0	1
4.984	1	1	499	5	1	24	1620	0	0	0
4.985	1	1	499	6	1	24	1620	0	0	0
4.985	1	1	499	6	1	24	1620	0	0	1
4.986	1	1	499	7	1	24	1620	0	0	0
4.986	1	1	499	7	1	24	1620	0	0	1
4.987	1	1	499	8	1	24	1620	0	0	0
4.987	1	1	499	8	1	24	1620	0	0	1
4.988	1	1	499	9	1	24	1620	0	0	0
4.988	1	1	499	9	1	24	1620	0	0	1
4.989	1	1	499	10	1	24	1620	0	0	0
4.989	1	1	499	10	1	24	1620	0	0	1
4.99	1	1	500	1	1	24	1620	0	0	0
4.99	1	1	500	1	1	24	1620	0	0	1
4.992	1	1	500	3	1	24	1620	0	0	0
4.993	1	1	500	4	1	24	1620	0	0	0
4.994	1	1	500	5	1	24	1620	0	0	0
4.994	1	1	500	5	1	24	1620	0	0	1
4.995	1	1	500	6	1	24	1620	0	0	0
4.995	1	1	500	6	1	24	1620	0	0	1
4.996	1	1	500	7	1	24	1620	0	0	0
4.997	1	1	500	8	1	24	1620	0	0	0
4.997	1	1	500	8	1	24	1620	0	0	1
4.998	1	1	500	9	1	24	1620	0	0	0
4.998	1	1	500	9	1	24	1620	0	0	1
4.999	1	1	500	10	1	24	1620	0	0	0
4.999	1	1	500	10	1	24	1620	0	0	1
5.001	1	1	501	2	1	24	1620	0	0	0
5.001	1	1	501	2	1	24	1620	0	0	1
5.002	1	1	501	3	1	24	1620	0	0	0
5.002	1	1	501	3	1	24	1620	0	0	1
5.003	1	1	501	4	1	24	1620	0	0	0
5.003	1	1	501	4	1	24	1620	0	0	1
5.004	1	1	501	5	1	24	1620	0	0	0
5.004	1	1	501	5	1	24	1620	0	0	1
5.005	1	1	501	6	1	24	1620	0	0	0
5.005	1	1	501	6	1	24	1620	0	0	1
5.006	1	1	501	7	1	20	1191	0	0	0
5.006	1	1	501	7	1	20	1191	0	0	1
5.007	1	1	501	8	1	20	1191	0	0	0
5.008	1	1	501	9	1	20	1191	0	0	0
5.009	1	1	501	10	1	20	1191	0	0	0
5.01	1	1	502	1	1	20	1191	0	0	0
5.01	1	1	502	1	1	20	1191	0	0	1
5.011	1	1	502	2	1	20	1191	0	0	0
5.011	1	1	502	2	1	20	1191	0	0	1
5.012	1	1	502	3	1	20	1191	0	0	0
5.013	1	1	502	4	1	20	1191	0	0	0
5.013	1	1	502	4	1	20	1191	0	0	1
5.014	1	1	502	5	1	20	1191	0	0	0
5.014	1	1	502	5	1	20	1191	0	0	1
5.015	1	1	502	6	1	20	1191	0	0	0
5.015	1	1	502	6	1	20	1191	0	0	1
5.016	1	1	502	7	1	20	1191	0	0	0
5.016	1	1	502	7	1	20	1191	0	0	1
5.017	1	1	502	8	1	20	1191	0	0	0
5.017	1	1	502	8	1	20	1191	0	0	1
5.018	1	1	502	9	1	20	1191	0	0	0
5.018	1	1	502	9	1	20	1191	0	0	1
5.02	1	1	503	1	1	20	1191	0	0	0
5.02	1	1	503	1	1	20	1191	0	0	1
5.021	1	1	503	2	1	20	1191	0	0	0
5.021	1	1	503	2	1	20	1191	0	0	1
5.022	1	1	503	3	1	20	1191	0	0	0
5.022	1	1	503	3	1	20	1191	0	0	1
5.023	1	1	503	4	1	20	1191	0	0	0
5.023	1	1	503	4	1	20	1191	0	0	1
5.024	1	1	503	5	1	20	1191	0	0	0
5.024	1	1	503	5	1	20	1191	0	0	1
5.025	1	1	503	6	1	20	1191	0	0	0
5.025	1	1	503	6	1	20	1191	0	0	1
5.026	1	1	503	7	1	20	1191	0	0	0
5.026	1	1	503	7	1	20	1191	0	0	1
5.027	1	1	503	8	1	20	1191	0	0	0
5.027	1	1	503	8	1	20	1191	0	0	1
5.028	1	1	503	9	1	20	1191	0	0	0
5.028	1	1	503	9	1	20	1191	0	0	1
5.029	1	1	503	10	1	20	1191	0	0	0
5.029	1	1	503	10	1	20	1191	0	0	1
5.03	1	1	504	1	1	20	1191	0	0	0
5.03	1	1	504	1	1	20	1191	0	0	1
5.031	1	1	504	2	1	20	1191	0	0	0
5.031	1	1	504	2	1	20	1191	0	0	1
5.032	1	1	504	3	1	20	1191	0	0	0
5.032	1	1	504	3	1	20	1191	0	0	1
5.033	1	1	504	4	1	20	1191	0	0	0
5.033	1	1	504	4	1	20	1191	0	0	1
5.034	1	1	504	5	1	20	1191	0	0	0
5.034	1	1	504	5	1	20	1191	0	0	1
5.035	1	1	504	6	1	20	1191	0	0	0
5.035	1	1	504	6	1	20	1191	0	0	1
5.036	1	1	504	7	1	20	1191	0	0	0
5.036	1	1	504	7	1	20	1191	0	0	1
5.037	1	1	504	8	1	20	1191	0	0	0
5.037	1	1	504	8	1	20	1191	0	0	1
5.039	1	1	504	10	1	18	967	0	0	0
5.039	1	1	504	10	1	18	967	0	0	1
5.04	1	1	505	1	1	18	967	0	0	0
5.04	1	1	505	1	1	18	967	0	0	1
5.041	1	1	505	2	1	18	967	0	0	0
5.041	1	1	505	2	1	18	967	0	0	1
5.042	1	1	505	3	1	18	967	0	0	0
5.042	1	1	505	3	1	18	967	0	0	1
5.043	1	1	505	4	1	18	967	0	0	0
5.043	1	1	505	4	1	18	967	0	0	1
5.044	1	1	505	5	1	18	967	0	0	0
5.044	1	1	505	5	1	18	967	0	0	1
5.045	1	1	505	6	1	18	967	0	0	0
5.045	1	1	505	6	1	18	967	0	0	1
5.046	1	1	505	7	1	18	967	0	0	0
5.046	1	1	505	7	1	18	967	0	0	1
5.047	1	1	505	8	1	18	967	0	0	0
5.047	1	1	505	8	1	18	967	0	0	1
5.048	1	1	505	9	1	18	967	0	0	0
5.048	1	1	505	9	1	18	967	0	0	1
5.049	1	1	505	10	1	18	967	0	0	0
5.049	1	1	505	10	1	18	967	0	0	1
5.05	1	1	506	1	1	18	967	0	0	0
5.05	1	1	506	1	1	18	967	0	0	1
5.051	1	1	506	2	1	18	967	0	0	0
5.051	1	1	506	2	1	18	967	0	0	1
5.052	1	1	506	3	1	18	967	0	0	0
5.052	1	1	506	3	1	18	967	0	0	1
5.053	1	1	506	4	1	18	967	0	0	0
5.053	1	1	506	4	1	18	967	0	0	1
5.054	1	1	506	5	1	18	967	0	0	0
5.054	1	1	506	5	1	18	967	0	0	1
5.055	1	1	506	6	1	18	967	0	0	0
5.055	1	1	506	6	1	18	967	0	0	1
5.057	1	1	506	8	1	18	967	0	0	0
5.057	1	1	506	8	1	18	967	0	0	1
5.058	1	1	506	9	1	18	967	0	0	0
5.058	1	1	506	9	1	18	967	0	0	1
5.059	1	1	506	10	1	18	967	0	0	0
5.059	1	1	506	10	1	18	967	0	0	1
5.06	1	1	507	1	1	18	967	0	0	0
5.06	1	1	507	1	1	18	967	0	0	1
5.061	1	1	507	2	1	18	967	0	0	0
5.061	1	1	507	2	1	18	967	0	0	1
5.062	1	1	507	3	1	18	967	0	0	0
5.062	1	1	507	3	1	18	967	0	0	1
5.063	1	1	507	4	1	18	967	0	0	0
5.063	1	1	507	4	1	18	967	0	0	1
5.064	1	1	507	5	1	18	967	0	0	0
5.064	1	1	507	5	1	18	967	0	0	1
5.065	1	1	507	6	1	18	967	0	0	0
5.065	1	1	507	6	1	18	967	0	0	1
5.066	1	1	507	7	1	18	967	0	0	0
5.066	1	1	507	7	1	18	967	0	0	1
5.067	1	1	507	8	1	18	967	0	0	0
5.067	1	1	507	8	1	18	967	0	0	1
5.068	1	1	507	9	1	16	903	0	0	0
5.068	1	1	507	9	1	16	903	0	0	1
5.069	1	1	507	10	1	16	903	0	0	0
5.069	1	1	507	10	1	16	903	0	0	1
5.07	1	1	508	1	1	16	903	0	0	0
5.07	1	1	508	1	1	16	903	0	0	1
5.071	1	1	508	2	1	16	903	0	0	0
5.071	1	1	508	2	1	16	903	0	0	1
5.072	1	1	508	3	1	16	903	0	0	0
5.072	1	1	508	3	1	16	903	0	0	1
5.073	1	1	508	4	1	16	903	0	0	0
5.073	1	1	508	4	1	16	903	0	0	1
5.074	1	1	508	5	1	16	903	0	0	0
5.074	1	1	508	5	1	16	903	0	0	1
5.075	1	1	508	6	1	16	903	0	0	0
5.075	1	1	508	6	1	16	903	0	0	1
5.076	1	1	508	7	1	16	903	0	0	0
5.076	1	1	508	7	1	16	903	0	0	1
5.077	1	1	508	8	1	16	903	0	0	0
5.077	1	1	508	8	1	16	903	0	0	1
5.078	1	1	508	9	1	16	903	0	0	0
5.078	1	1	508	9	1	16	903	0	0	1
5.079	1	1	508	10	1	16	903	0	0	0
5.079	1	1	508	10	1	16	903	0	0	1
5.08	1	1	509	1	1	16	903	0	0	0
5.08	1	1	509	1	1	16	903	0	0	1
5.081	1	1	509	2	1	16	903	0	0	0
5.081	1	1	509	2	1	16	903	0	0	1
5.082	1	1	509	3	1	16	903	0	0	0
5.082	1	1	509	3	1	16	903	0	0	1
5.083	1	1	509	4	1	16	903	0	0	0
5.083	1	1	509	4	1	16	903	0	0	1
5.084	1	1	509	5	1	16	903	0	0	0
5.084	1	1	509	5	1	16	903	0	0	1
5.085	1	1	509	6	1	16	903	0	0	0
5.085	1	1	509	6	1	16	903	0	0	1
5.086	1	1	509	7	1	16	903	0	0	0
5.086	1	1	509	7	1	16	903	0	0	1
5.087	1	1	509	8	1	16	903	0	0	0
5.087	1	1	509	8	1	16	903	0	0	1
5.088	1	1	509	9	1	16	903	0	0	0
5.088	1	1	509	9	1	16	903	0	0	1
5.089	1	1	509	10	1	16	903	0	0	0
5.089	1	1	509	10	1	16	903	0	0	1
5.09	1	1	510	1	1	16	903	0	0	0
5.09	1	1	510	1	1	16	903	0	0	1
5.091	1	1	510	2	1	16	903	0	0	0
5.091	1	1	510	2	1	16	903	0	0	1
5.092	1	1	510	3	1	16	903	0	0	0
5.092	1	1	510	3	1	16	903	0	0	1
5.093	1	1	510	4	1	16	903	0	0	0
5.093	1	1	510	4	1	16	903	0	0	1
5.094	1	1	510	5	1	16	903	0	0	0
5.094	1	1	510	5	1	16	903	0	0	1
5.095	1	1	510	6	1	16	903	0	0	0
5.095	1	1	510	6	1	16	903	0	0	1
5.096	1	1	510	7	1	16	903	0	0	0
5.096	1	1	510	7	1	16	903	0	0	1
5.097	1	1	510	8	1	16	903	0	0	0
5.097	1	1	510	8	1	16	903	0	0	1
5.098	1	1	510	9	1	16	903	0	0	0
5.098	1	1	510	9	1	16	903	0	0	1
5.099	1	1	510	10	1	16	903	0	0	0
5.099	1	1	510	10	1	16	903	0	0	1
5.1	1	1	511	1	1	16	903	0	0	0
5.1	1	1	511	1	1	16	903	0	0	1
5.101	1	1	511	2	1	16	903	0	0	0
5.101	1	1	511	2	1	16	903	0	0	1
5.102	1	1	511	3	1	16	903	0	0	0
5.102	1	1	511	3	1	16	903	0	0	1
5.103	1	1	511	4	1	16	903	0	0	0
5.103	1	1	511	4	1	16	903	0	0	1
5.104	1	1	511	5	1	16	903	0	0	0
5.104	1	1	511	5	1	16	903	0	0	1
5.105	1	1	511	6	1	16	903	0	0	0
5.105	1	1	511	6	1	16	903	0	0	1
5.106	1	1	511	7	1	16	903	0	0	0
5.106	1	1	511	7	1	16	903	0	0	1
5.107	1	1	511	8	1	16	903	0	0	0
5.107	1	1	511	8	1	16	903	0	0	1
5.108	1	1	511	9	1	16	903	0	0	0
5.108	1	1	511	9	1	16	903	0	0	1
5.109	1	1	511	10	1	16	903	0	0	0
5.109	1	1	511	10	1	16	903	0	0	1
5.11	1	1	512	1	1	18	967	0	0	0
5.11	1	1	512	1	1	18	967	0	0	1
5.111	1	1	512	2	1	18	967	0	0	0
5.111	1	1	512	2	1	18	967	0	0	1
5.112	1	1	512	3	1	18	967	0	0	0
5.112	1	1	512	3	1	18	967	0	0	1
5.113	1	1	512	4	1	18	967	0	0	0
5.113	1	1	512	4	1	18	967	0	0	1
5.114	1	1	512	5	1	18	967	0	0	0
5.114	1	1	512	5	1	18	967	0	0	1
5.115	1	1	512	6	1	18	967	0	0	0
5.115	1	1	512	6	1	18	967	0	0	1
5.116	1	1	512	7	1	18	967	0	0	0
5.116	1	1	512	7	1	18	967	0	0	1
5.117	1	1	512	8	1	18	967	0	0	0
5.117	1	1	512	8	1	18	967	0	0	1
5.118	1	1	512	9	1	18	967	0	0	0
5.118	1	1	512	9	1	18	967	0	0	1
5.119	1	1	512	10	1	18	967	0	0	0
5.119	1	1	512	10	1	18	967	0	0	1
5.12	1	1	513	1	1	18	967	0	0	0
5.12	1	1	513	1	1	18	967	0	0	1
5.121	1	1	513	2	1	18	967	0	0	0
5.121	1	1	513	2	1	18	967	0	0	1
5.123	1	1	513	4	1	18	967	0	0	0
5.123	1	1	513	4	1	18	967	0	0	1
5.124	1	1	513	5	1	20	1191	0	0	0
5.124	1	1	513	5	1	20	1191	0	0	1
5.125	1	1	513	6	1	20	1191	0	0	0
5.125	1	1	513	6	1	20	1191	0	0	1
5.126	1	1	513	7	1	20	1191	0	0	0
5.126	1	1	513	7	1	20	1191	0	0	1
5.127	1	1	513	8	1	20	1191	0	0	0
5.127	1	1	513	8	1	20	1191	0	0	1
5.128	1	1	513	9	1	20	1191	0	0	0
5.128	1	1	513	9	1	20	1191	0	0	1
5.129	1	1	513	10	1	20	1191	0	0	0
5.129	1	1	513	10	1	20	1191	0	0	1
5.13	1	1	514	1	1	20	1191	0	0	0
5.13	1	1	514	1	1	20	1191	0	0	1
5.131	1	1	514	2	1	20	1191	0	0	0
5.131	1	1	514	2	1	20	1191	0	0	1
5.132	1	1	514	3	1	20	1191	0	0	0
5.132	1	1	514	3	1	20	1191	0	0	1
5.133	1	1	514	4	1	20	1191	0	0	0
5.133	1	1	514	4	1	20	1191	0	0	1
5.134	1	1	514	5	1	20	1191	0	0	0
5.134	1	1	514	5	1	20	1191	0	0	1
5.135	1	1	514	6	1	20	1191	0	0	0
5.135	1	1	514	6	1	20	1191	0	0	1
5.136	1	1	514	7	1	20	1191	0	0	0
5.136	1	1	514	7	1	20	1191	0	0	1
5.137	1	1	514	8	1	20	1191	0	0	0
5.137	1	1	514	8	1	20	1191	0	0	1
5.138	1	1	514	9	1	22	1383	0	0	0
5.138	1	1	514	9	1	22	1383	0	0	1
5.139	1	1	514	10	1	22	1383	0	0	0
5.139	1	1	514	10	1	22	1383	0	0	1
5.14	1	1	515	1	1	22	1383	0	0	0
5.14	1	1	515	1	1	22	1383	0	0	1
5.141	1	1	515	2	1	22	1383	0	0	0
5.141	1	1	515	2	1	22	1383	0	0	1
5.142	1	1	515	3	1	22	1383	0	0	0
5.142	1	1	515	3	1	22	1383	0	0	1
5.143	1	1	515	4	1	22	1383	0	0	0
5.143	1	1	515	4	1	22	1383	0	0	1
5.144	1	1	515	5	1	24	1620	0	0	0
5.144	1	1	515	5	1	24	1620	0	0	1
5.145	1	1	515	6	1	24	1620	0	0	0
5.145	1	1	515	6	1	24	1620	0	0	1
5.146	1	1	515	7	1	24	1620	0	0	0
5.146	1	1	515	7	1	24	1620	0	0	1
5.147	1	1	515	8	1	24	1620	0	0	0
5.147	1	1	515	8	1	24	1620	0	0	1
5.148	1	1	515	9	1	24	1620	0	0	0
5.148	1	1	515	9	1	24	1620	0	0	1
5.149	1	1	515	10	1	24	1620	0	0	0
5.149	1	1	515	10	1	24	1620	0	0	1
5.151	1	1	516	2	1	24	1620	0	0	0
5.151	1	1	516	2	1	24	1620	0	0	1
5.152	1	1	516	3	1	24	1620	0	0	0
5.152	1	1	516	3	1	24	1620	0	0	1
5.153	1	1	516	4	1	24	1620	0	0	0
5.154	1	1	516	5	1	24	1620	0	0	0
5.155	1	1	516	6	1	24	1620	0	0	0
5.156	1	1	516	7	1	24	1620	0	0	0
5.156	1	1	516	7	1	24	1620	0	0	1
5.157	1	1	516	8	1	24	1620	0	0	0
5.157	1	1	516	8	1	24	1620	0	0	1
5.158	1	1	516	9	1	26	1836	0	0	0
5.158	1	1	516	9	1	26	1836	0	0	1
5.16	1	1	517	1	1	26	1836	0	0	0
5.16	1	1	517	1	1	26	1836	0	0	1
5.161	1	1	517	2	1	26	1836	0	0	0
5.161	1	1	517	2	1	26	1836	0	0	1
5.162	1	1	517	3	1	26	1836	0	0	0
5.162	1	1	517	3	1	26	1836	0	0	1
5.163	1	1	517	4	1	26	1836	0	0	0
5.163	1	1	517	4	1	26	1836	0	0	1
5.164	1	1	517	5	1	26	1836	0	0	0
5.164	1	1	517	5	1	26	1836	0	0	1
5.165	1	1	517	6	1	26	1836	0	0	0
5.165	1	1	517	6	1	26	1836	0	0	1
5.166	1	1	517	7	1	26	1836	0	0	0
5.166	1	1	517	7	1	26	1836	0	0	1
5.167	1	1	517	8	1	26	1836	0	0	0
5.167	1	1	517	8	1	26	1836	0	0	1
5.169	1	1	517	10	1	26	1836	0	0	0
5.17	1	1	518	1	1	26	1836	0	0	0
5.171	1	1	518	2	1	26	1836	0	0	0
5.172	1	1	518	3	1	26	1836	0	0	0
5.172	1	1	518	3	1	26	1836	0	0	1
5.173	1	1	518	4	1	26	1836	0	0	0
5.173	1	1	518	4	1	26	1836	0	0	1
5.174	1	1	518	5	1	26	1836	0	0	0
5.174	1	1	518	5	1	26	1836	0	0	1
5.175	1	1	518	6	1	26	1836	0	0	0
5.175	1	1	518	6	1	26	1836	0	0	1
5.176	1	1	518	7	1	26	1836	0	0	0
5.176	1	1	518	7	1	26	1836	0	0	1
5.177	1	1	518	8	1	26	1836	0	0	0
5.177	1	1	518	8	1	26	1836	0	0	1
5.179	1	1	518	10	1	26	1836	0	0	0
5.179	1	1	518	10	1	26	1836	0	0	1
5.18	1	1	519	1	1	26	1836	0	0	0
5.18	1	1	519	1	1	26	1836	0	0	1
5.181	1	1	519	2	1	26	1836	0	0	0
5.181	1	1	519	2	1	26	1836	0	0	1
5.182	1	1	519	3	1	26	1836	0	0	0
5.182	1	1	519	3	1	26	1836	0	0	1
5.183	1	1	519	4	1	26	1836	0	0	0
5.184	1	1	519	5	1	26	1836	0	0	0
5.185	1	1	519	6	1	26	1836	0	0	0
5.186	1	1	519	7	1	26	1836	0	0	0
5.186	1	1	519	7	1	26	1836	0	0	1
5.187	1	1	519	8	1	26	1836	0	0	0
5.187	1	1	519	8	1	26	1836	0	0	1
5.188	1	1	519	9	1	26	1836	0	0	0
5.188	1	1	519	9	1	26	1836	0	0	1
5.189	1	1	519	10	1	26	1836	0	0	0
5.189	1	1	519	10	1	26	1836	0	0	1
5.19	1	1	520	1	1	26	1836	0	0	0
5.191	1	1	520	2	1	26	1836	0	0	0
5.191	1	1	520	2	1	26	1836	0	0	1
5.192	1	1	520	3	1	26	1836	0	0	0
5.192	1	1	520	3	1	26	1836	0	0	1
5.193	1	1	520	4	1	26	1836	0	0	0
5.193	1	1	520	4	1	26	1836	0	0	1
5.194	1	1	520	5	1	26	1836	0	0	0
5.194	1	1	520	5	1	26	1836	0	0	1
5.195	1	1	520	6	1	26	1836	0	0	0
5.195	1	1	520	6	1	26	1836	0	0	1
5.197	1	1	520	8	1	26	1836	0	0	0
5.197	1	1	520	8	1	26	1836	0	0	1
5.198	1	1	520	9	1	26	1836	0	0	0
5.198	1	1	520	9	1	26	1836	0	0	1
5.199	1	1	520	10	1	26	1836	0	0	0
5.2	1	1	521	1	1	26	1836	0	0	0
5.201	1	1	521	2	1	26	1836	0	0	0
5.201	1	1	521	2	1	26	1836	0	0	1
5.202	1	1	521	3	1	26	1836	0	0	0
5.203	1	1	521	4	1	26	1836	0	0	0
5.203	1	1	521	4	1	26	1836	0	0	1
5.204	1	1	521	5	1	26	1836	0	0	0
5.204	1	1	521	5	1	26	1836	0	0	1
5.205	1	1	521	6	1	26	1836	0	0	0
5.205	1	1	521	6	1	26	1836	0	0	1
5.207	1	1	521	8	1	26	1836	0	0	0
5.207	1	1	521	8	1	26	1836	0	0	1
5.208	1	1	521	9	1	26	1836	0	0	0
5.208	1	1	521	9	1	26	1836	0	0	1
5.209	1	1	521	10	1	26	1836	0	0	0
5.209	1	1	521	10	1	26	1836	0	0	1
5.21	1	1	522	1	1	26	1836	0	0	0
5.21	1	1	522	1	1	26	1836	0	0	1
5.211	1	1	522	2	1	26	1836	0	0	0
5.211	1	1	522	2	1	26	1836	0	0	1
5.212	1	1	522	3	1	26	1836	0	0	0
5.212	1	1	522	3	1	26	1836	0	0	1
5.213	1	1	522	4	1	26	1836	0	0	0
5.213	1	1	522	4	1	26	1836	0	0	1
5.214	1	1	522	5	1	26	1836	0	0	0
5.214	1	1	522	5	1	26	1836	0	0	1
5.216	1	1	522	7	1	26	1836	0	0	0
5.217	1	1	522	8	1	26	1836	0	0	0
5.218	1	1	522	9	1	26	1836	0	0	0
5.219	1	1	522	10	1	26	1836	0	0	0
5.219	1	1	522	10	1	26	1836	0	0	1
5.22	1	1	523	1	1	26	1836	0	0	0
5.22	1	1	523	1	1	26	1836	0	0	1
5.221	1	1	523	2	1	26	1836	0	0	0
5.221	1	1	523	2	1	26	1836	0	0	1
5.222	1	1	523	3	1	26	1836	0	0	0
5.222	1	1	523	3	1	26	1836	0	0	1
5.223	1	1	523	4	1	26	1836	0	0	0
5.223	1	1	523	4	1	26	1836	0	0	1
5.225	1	1	523	6	1	26	1836	0	0	0
5.225	1	1	523	6	1	26	1836	0	0	1
5.226	1	1	523	7	1	26	1836	0	0	0
5.226	1	1	523	7	1	26	1836	0	0	1
5.227	1	1	523	8	1	26	1836	0	0	0
5.227	1	1	523	8	1	26	1836	0	0	1
5.228	1	1	523	9	1	26	1836	0	0	0
5.228	1	1	523	9	1	26	1836	0	0	1
5.229	1	1	523	10	1	26	1836	0	0	0
5.229	1	1	523	10	1	26	1836	0	0	1
5.23	1	1	524	1	1	26	1836	0	0	0
5.23	1	1	524	1	1	26	1836	0	0	1
5.231	1	1	524	2	1	26	1836	0	0	0
5.231	1	1	524	2	1	26	1836	0	0	1
5.232	1	1	524	3	1	24	1620	0	0	0
5.233	1	1	524	4	1	24	1620	0	0	0
5.235	1	1	524	6	1	24	1620	0	0	0
5.235	1	1	524	6	1	24	1620	0	0	1
5.236	1	1	524	7	1	24	1620	0	0	0
5.237	1	1	524	8	1	24	1620	0	0	0
5.237	1	1	524	8	1	24	1620	0	0	1
5.238	1	1	524	9	1	24	1620	0	0	0
5.238	1	1	524	9	1	24	1620	0	0	1
5.239	1	1	524	10	1	24	1620	0	0	0
5.239	1	1	524	10	1	24	1620	0	0	1
5.24	1	1	525	1	1	24	1620	0	0	0
5.24	1	1	525	1	1	24	1620	0	0	1
5.241	1	1	525	2	1	24	1620	0	0	0
5.241	1	1	525	2	1	24	1620	0	0	1
5.242	1	1	525	3	1	24	1620	0	0	0
5.242	1	1	525	3	1	24	1620	0	0	1
5.243	1	1	525	4	1	24	1620	0	0	0
5.243	1	1	525	4	1	24	1620	0	0	1
5.244	1	1	525	5	1	24	1620	0	0	0
5.245	1	1	525	6	1	24	1620	0	0	0
5.246	1	1	525	7	1	24	1620	0	0	0
5.247	1	1	525	8	1	24	1620	0	0	0
5.247	1	1	525	8	1	24	1620	0	0	1
5.248	1	1	525	9	1	24	1620	0	0	0
5.248	1	1	525	9	1	24	1620	0	0	1
5.249	1	1	525	10	1	24	1620	0	0	0
5.249	1	1	525	10	1	24	1620	0	0	1
5.25	1	1	526	1	1	24	1620	0	0	0
5.25	1	1	526	1	1	24	1620	0	0	1
5.251	1	1	526	2	1	24	1620	0	0	0
5.251	1	1	526	2	1	24	1620	0	0	1
5.253	1	1	526	4	1	24	1620	0	0	0
5.253	1	1	526	4	1	24	1620	0	0	1
5.254	1	1	526	5	1	24	1620	0	0	0
5.254	1	1	526	5	1	24	1620	0	0	1
5.255	1	1	526	6	1	24	1620	0	0	0
5.255	1	1	526	6	1	24	1620	0	0	1
5.256	1	1	526	7	1	24	1620	0	0	0
5.257	1	1	526	8	1	24	1620	0	0	0
5.258	1	1	526	9	1	24	1620	0	0	0
5.259	1	1	526	10	1	24	1620	0	0	0
5.259	1	1	526	10	1	24	1620	0	0	1
5.26	1	1	527	1	1	24	1620	0	0	0
5.26	1	1	527	1	1	24	1620	0	0	1
5.261	1	1	527	2	1	24	1620	0	0	0
5.261	1	1	527	2	1	24	1620	0	0	1
5.262	1	1	527	3	1	24	1620	0	0	0
5.262	1	1	527	3	1	24	1620	0	0	1
5.263	1	1	527	4	1	24	1620	0	0	0
5.263	1	1	527	4	1	24	1620	0	0	1
5.264	1	1	527	5	1	24	1620	0	0	0
5.265	1	1	527	6	1	24	1620	0	0	0
5.265	1	1	527	6	1	24	1620	0	0	1
5.266	1	1	527	7	1	24	1620	0	0	0
5.266	1	1	527	7	1	24	1620	0	0	1
5.267	1	1	527	8	1	24	1620	0	0	0
5.267	1	1	527	8	1	24	1620	0	0	1
5.268	1	1	527	9	1	24	1620	0	0	0
5.268	1	1	527	9	1	24	1620	0	0	1
5.269	1	1	527	10	1	24	1620	0	0	0
5.269	1	1	527	10	1	24	1620	0	0	1
5.27	1	1	528	1	1	24	1620	0	0	0
5.27	1	1	528	1	1	24	1620	0	0	1
5.272	1	1	528	3	1	24	1620	0	0	0
5.273	1	1	528	4	1	24	1620	0	0	0
5.274	1	1	528	5	1	26	1836	0	0	0
5.274	1	1	528	5	1	26	1836	0	0	1
5.275	1	1	528	6	1	26	1836	0	0	0
5.275	1	1	528	6	1	26	1836	0	0	1
5.276	1	1	528	7	1	26	1836	0	0	0
5.277	1	1	528	8	1	26	1836	0	0	0
5.277	1	1	528	8	1	26	1836	0	0	1
5.278	1	1	528	9	1	26	1836	0	0	0
5.278	1	1	528	9	1	26	1836	0	0	1
5.279	1	1	528	10	1	26	1836	0	0	0
5.279	1	1	528	10	1	26	1836	0	0	1
5.281	1	1	529	2	1	26	1836	0	0	0
5.281	1	1	529	2	1	26	1836	0	0	1
5.282	1	1	529	3	1	26	1836	0	0	0
5.282	1	1	529	3	1	26	1836	0	0	1
5.283	1	1	529	4	1	26	1836	0	0	0
5.283	1	1	529	4	1	26	1836	0	0	1
5.284	1	1	529	5	1	26	1836	0	0	0
5.284	1	1	529	5	1	26	1836	0	0	1
5.285	1	1	529	6	1	26	1836	0	0	0
5.285	1	1	529	6	1	26	1836	0	0	1
5.286	1	1	529	7	1	26	1836	0	0	0
5.286	1	1	529	7	1	26	1836	0	0	1
5.287	1	1	529	8	1	26	1836	0	0	0
5.288	1	1	529	9	1	26	1836	0	0	0
5.289	1	1	529	10	1	26	1836	0	0	0
5.29	1	1	530	1	1	26	1836	0	0	0
5.29	1	1	530	1	1	26	1836	0	0	1
5.291	1	1	530	2	1	26	1836	0	0	0
5.291	1	1	530	2	1	26	1836	0	0	1
5.292	1	1	530	3	1	26	1836	0	0	0
5.293	1	1	530	4	1	26	1836	0	0	0
5.293	1	1	530	4	1	26	1836	0	0	1
5.294	1	1	530	5	1	26	1836	0	0	0
5.294	1	1	530	5	1	26	1836	0	0	1
5.295	1	1	530	6	1	26	1836	0	0	0
5.295	1	1	530	6	1	26	1836	0	0	1
5.296	1	1	530	7	1	26	1836	0	0	0
5.296	1	1	530	7	1	26	1836	0	0	1
5.297	1	1	530	8	1	26	1836	0	0	0
5.297	1	1	530	8	1	26	1836	0	0	1
5.298	1	1	530	9	1	26	1836	0	0	0
5.298	1	1	530	9	1	26	1836	0	0	1
5.3	1	1	531	1	1	26	1836	0	0	0
5.3	1	1	531	1	1	26	1836	0	0	1
5.301	1	1	531	2	1	26	1836	0	0	0
5.301	1	1	531	2	1	26	1836	0	0	1
5.302	1	1	531	3	1	26	1836	0	0	0
5.302	1	1	531	3	1	26	1836	0	0	1
5.303	1	1	531	4	1	26	1836	0	0	0
5.304	1	1	531	5	1	26	1836	0	0	0
5.305	1	1	531	6	1	26	1836	0	0	0
5.306	1	1	531	7	1	26	1836	0	0	0
5.306	1	1	531	7	1	26	1836	0	0	1
5.307	1	1	531	8	1	26	1836	0	0	0
5.307	1	1	531	8	1	26	1836	0	0	1
5.308	1	1	531	9	1	26	1836	0	0	0
5.308	1	1	531	9	1	26	1836	0	0	1
5.309	1	1	531	10	1	26	1836	0	0	0
5.309	1	1	531	10	1	26	1836	0	0	1
5.31	1	1	532	1	1	26	1836	0	0	0
5.31	1	1	532	1	1	26	1836	0	0	1
5.311	1	1	532	2	1	26	1836	0	0	0
5.312	1	1	532	3	1	24	1620	0	0	0
5.312	1	1	532	3	1	24	1620	0	0	1
5.313	1	1	532	4	1	24	1620	0	0	0
5.313	1	1	532	4	1	24	1620	0	0	1
5.314	1	1	532	5	1	24	1620	0	0	0
5.314	1	1	532	5	1	24	1620	0	0	1
5.315	1	1	532	6	1	24	1620	0	0	0
5.315	1	1	532	6	1	24	1620	0	0	1
5.316	1	1	532	7	1	24	1620	0	0	0
5.316	1	1	532	7	1	24	1620	0	0	1
5.317	1	1	532	8	1	24	1620	0	0	0
5.317	1	1	532	8	1	24	1620	0	0	1
5.319	1	1	532	10	1	24	1620	0	0	0
5.32	1	1	533	1	1	24	1620	0	0	0
5.321	1	1	533	2	1	24	1620	0	0	0
5.321	1	1	533	2	1	24	1620	0	0	1
5.322	1	1	533	3	1	24	1620	0	0	0
5.322	1	1	533	3	1	24	1620	0	0	1
5.323	1	1	533	4	1	24	1620	0	0	0
5.324	1	1	533	5	1	24	1620	0	0	0
5.324	1	1	533	5	1	24	1620	0	0	1
5.325	1	1	533	6	1	24	1620	0	0	0
5.325	1	1	533	6	1	24	1620	0	0	1
5.326	1	1	533	7	1	24	1620	0	0	0
5.326	1	1	533	7	1	24	1620	0	0	1
5.328	1	1	533	9	1	24	1620	0	0	0
5.328	1	1	533	9	1	24	1620	0	0	1
5.329	1	1	533	10	1	24	1620	0	0	0
5.329	1	1	533	10	1	24	1620	0	0	1
5.33	1	1	534	1	1	24	1620	0	0	0
5.33	1	1	534	1	1	24	1620	0	0	1
5.331	1	1	534	2	1	24	1620	0	0	0
5.331	1	1	534	2	1	24	1620	0	0	1
5.332	1	1	534	3	1	24	1620	0	0	0
5.332	1	1	534	3	1	24	1620	0	0	1
5.333	1	1	534	4	1	24	1620	0	0	0
5.333	1	1	534	4	1	24	1620	0	0	1
5.334	1	1	534	5	1	24	1620	0	0	0
5.335	1	1	534	6	1	24	1620	0	0	0
5.336	1	1	534	7	1	24	1620	0	0	0
5.337	1	1	534	8	1	24	1620	0	0	0
5.337	1	1	534	8	1	24	1620	0	0	1
5.338	1	1	534	9	1	24	1620	0	0	0
5.338	1	1	534	9	1	24	1620	0	0	1
5.339	1	1	534	10	1	24	1620	0	0	0
5.34	1	1	535	1	1	24	1620	0	0	0
5.34	1	1	535	1	1	24	1620	0	0	1
5.341	1	1	535	2	1	24	1620	0	0	0
5.341	1	1	535	2	1	24	1620	0	0	1
5.342	1	1	535	3	1	24	1620	0	0	0
5.342	1	1	535	3	1	24	1620	0	0	1
5.343	1	1	535	4	1	24	1620	0	0	0
5.343	1	1	535	4	1	24	1620	0	0	1
5.344	1	1	535	5	1	24	1620	0	0	0
5.344	1	1	535	5	1	24	1620	0	0	1
5.345	1	1	535	6	1	24	1620	0	0	0
5.345	1	1	535	6	1	24	1620	0	0	1
5.347	1	1	535	8	1	24	1620	0	0	0
5.347	1	1	535	8	1	24	1620	0	0	1
5.348	1	1	535	9	1	24	1620	0	0	0
5.348	1	1	535	9	1	24	1620	0	0	1
5.349	1	1	535	10	1	24	1620	0	0	0
5.35	1	1	536	1	1	24	1620	0	0	0
5.351	1	1	536	2	1	24	1620	0	0	0
5.352	1	1	536	3	1	24	1620	0	0	0
5.352	1	1	536	3	1	24	1620	0	0	1
5.353	1	1	536	4	1	24	1620	0	0	0
5.353	1	1	536	4	1	24	1620	0	0	1
5.354	1	1	536	5	1	24	1620	0	0	0
5.354	1	1	536	5	1	24	1620	0	0	1
5.356	1	1	536	7	1	24	1620	0	0	0
5.356	1	1	536	7	1	24	1620	0	0	1
5.357	1	1	536	8	1	24	1620	0	0	0
5.357	1	1	536	8	1	24	1620	0	0	1
5.358	1	1	536	9	1	24	1620	0	0	0
5.358	1	1	536	9	1	24	1620	0	0	1
5.359	1	1	536	10	1	24	1620	0	0	0
5.359	1	1	536	10	1	24	1620	0	0	1
5.36	1	1	537	1	1	24	1620	0	0	0
5.36	1	1	537	1	1	24	1620	0	0	1
5.361	1	1	537	2	1	24	1620	0	0	0
5.361	1	1	537	2	1	24	1620	0	0	1
5.362	1	1	537	3	1	24	1620	0	0	0
5.362	1	1	537	3	1	24	1620	0	0	1
5.363	1	1	537	4	1	24	1620	0	0	0
5.363	1	1	537	4	1	24	1620	0	0	1
5.365	1	1	537	6	1	24	1620	0	0	0
5.366	1	1	537	7	1	24	1620	0	0	0
5.367	1	1	537	8	1	24	1620	0	0	0
5.368	1	1	537	9	1	24	1620	0	0	0
5.368	1	1	537	9	1	24	1620	0	0	1
5.369	1	1	537	10	1	24	1620	0	0	0
5.369	1	1	537	10	1	24	1620	0	0	1
5.37	1	1	538	1	1	24	1620	0	0	0
5.37	1	1	538	1	1	24	1620	0	0	1
5.371	1	1	538	2	1	24	1620	0	0	0
5.371	1	1	538	2	1	24	1620	0	0	1
5.372	1	1	538	3	1	24	1620	0	0	0
5.372	1	1	538	3	1	24	1620	0	0	1
5.373	1	1	538	4	1	24	1620	0	0	0
5.373	1	1	538	4	1	24	1620	0	0	1
5.375	1	1	538	6	1	24	1620	0	0	0
5.375	1	1	538	6	1	24	1620	0	0	1
5.376	1	1	538	7	1	24	1620	0	0	0
5.376	1	1	538	7	1	24	1620	0	0	1
5.377	1	1	538	8	1	24	1620	0	0	0
5.377	1	1	538	8	1	24	1620	0	0	1
5.378	1	1	538	9	1	24	1620	0	0	0
5.378	1	1	538	9	1	24	1620	0	0	1
5.379	1	1	538	10	1	24	1620	0	0	0
5.379	1	1	538	10	1	24	1620	0	0	1
5.38	1	1	539	1	1	22	1383	0	0	0
5.38	1	1	539	1	1	22	1383	0	0	1
5.381	1	1	539	2	1	22	1383	0	0	0
5.382	1	1	539	3	1	22	1383	0	0	0
5.383	1	1	539	4	1	22	1383	0	0	0
5.384	1	1	539	5	1	22	1383	0	0	0
5.384	1	1	539	5	1	22	1383	0	0	1
5.385	1	1	539	6	1	22	1383	0	0	0
5.385	1	1	539	6	1	22	1383	0	0	1
5.386	1	1	539	7	1	22	1383	0	0	0
5.387	1	1	539	8	1	22	1383	0	0	0
5.387	1	1	539	8	1	22	1383	0	0	1
5.388	1	1	539	9	1	22	1383	0	0	0
5.388	1	1	539	9	1	22	1383	0	0	1
5.389	1	1	539	10	1	22	1383	0	0	0
5.389	1	1	539	10	1	22	1383	0	0	1
5.39	1	1	540	1	1	22	1383	0	0	0
5.39	1	1	540	1	1	22	1383	0	0	1
5.391	1	1	540	2	1	22	1383	0	0	0
5.391	1	1	540	2	1	22	1383	0	0	1
5.393	1	1	540	4	1	22	1383	0	0	0
5.393	1	1	540	4	1	22	1383	0	0	1
5.394	1	1	540	5	1	22	1383	0	0	0
5.394	1	1	540	5	1	22	1383	0	0	1
5.395	1	1	540	6	1	22	1383	0	0	0
5.395	1	1	540	6	1	22	1383	0	0	1
5.396	1	1	540	7	1	20	1191	0	0	0
5.396	1	1	540	7	1	20	1191	0	0	1
5.397	1	1	540	8	1	20	1191	0	0	0
5.397	1	1	540	8	1	20	1191	0	0	1
5.398	1	1	540	9	1	20	1191	0	0	0
5.398	1	1	540	9	1	20	1191	0	0	1
5.399	1	1	540	10	1	20	1191	0	0	0
5.399	1	1	540	10	1	20	1191	0	0	1
5.4	1	1	541	1	1	20	1191	0	0	0
5.4	1	1	541	1	1	20	1191	0	0	1
5.401	1	1	541	2	1	20	1191	0	0	0
5.401	1	1	541	2	1	20	1191	0	0	1
5.402	1	1	541	3	1	20	1191	0	0	0
5.402	1	1	541	3	1	20	1191	0	0	1
5.403	1	1	541	4	1	20	1191	0	0	0
5.403	1	1	541	4	1	20	1191	0	0	1
5.404	1	1	541	5	1	20	1191	0	0	0
5.404	1	1	541	5	1	20	1191	0	0	1
5.405	1	1	541	6	1	20	1191	0	0	0
5.405	1	1	541	6	1	20	1191	0	0	1
5.406	1	1	541	7	1	20	1191	0	0	0
5.406	1	1	541	7	1	20	1191	0	0	1
5.407	1	1	541	8	1	20	1191	0	0	0
5.407	1	1	541	8	1	20	1191	0	0	1
5.408	1	1	541	9	1	20	1191	0	0	0
5.408	1	1	541	9	1	20	1191	0	0	1
5.409	1	1	541	10	1	20	1191	0	0	0
5.409	1	1	541	10	1	20	1191	0	0	1
5.41	1	1	542	1	1	20	1191	0	0	0
5.41	1	1	542	1	1	20	1191	0	0	1
5.412	1	1	542	3	1	20	1191	0	0	0
5.412	1	1	542	3	1	20	1191	0	0	1
5.413	1	1	542	4	1	20	1191	0	0	0
5.413	1	1	542	4	1	20	1191	0	0	1
5.414	1	1	542	5	1	20	1191	0	0	0
5.414	1	1	542	5	1	20	1191	0	0	1
5.415	1	1	542	6	1	20	1191	0	0	0
5.415	1	1	542	6	1	20	1191	0	0	1
5.416	1	1	542	7	1	22	1383	0	0	0
5.416	1	1	542	7	1	22	1383	0	0	1
5.417	1	1	542	8	1	22	1383	0	0	0
5.417	1	1	542	8	1	22	1383	0	0	1
5.418	1	1	542	9	1	22	1383	0	0	0
5.418	1	1	542	9	1	22	1383	0	0	1
5.419	1	1	542	10	1	22	1383	0	0	0
5.419	1	1	542	10	1	22	1383	0	0	1
5.421	1	1	543	2	1	22	1383	0	0	0
5.421	1	1	543	2	1	22	1383	0	0	1
5.422	1	1	543	3	1	22	1383	0	0	0
5.422	1	1	543	3	1	22	1383	0	0	1
5.423	1	1	543	4	1	22	1383	0	0	0
5.423	1	1	543	4	1	22	1383	0	0	1
5.424	1	1	543	5	1	22	1383	0	0	0
5.424	1	1	543	5	1	22	1383	0	0	1
5.425	1	1	543	6	1	22	1383	0	0	0
5.425	1	1	543	6	1	22	1383	0	0	1
5.426	1	1	543	7	1	22	1383	0	0	0
5.426	1	1	543	7	1	22	1383	0	0	1
5.427	1	1	543	8	1	22	1383	0	0	0
5.427	1	1	543	8	1	22	1383	0	0	1
5.428	1	1	543	9	1	22	1383	0	0	0
5.428	1	1	543	9	1	22	1383	0	0	1
5.429	1	1	543	10	1	22	1383	0	0	0
5.429	1	1	543	10	1	22	1383	0	0	1
5.431	1	1	544	2	1	22	1383	0	0	0
5.431	1	1	544	2	1	22	1383	0	0	1
5.432	1	1	544	3	1	22	1383	0	0	0
5.432	1	1	544	3	1	22	1383	0	0	1
5.433	1	1	544	4	1	22	1383	0	0	0
5.433	1	1	544	4	1	22	1383	0	0	1
5.434	1	1	544	5	1	22	1383	0	0	0
5.434	1	1	544	5	1	22	1383	0	0	1
5.435	1	1	544	6	1	22	1383	0	0	0
5.435	1	1	544	6	1	22	1383	0	0	1
5.436	1	1	544	7	1	22	1383	0	0	0
5.436	1	1	544	7	1	22	1383	0	0	1
5.437	1	1	544	8	1	22	1383	0	0	0
5.437	1	1	544	8	1	22	1383	0	0	1
5.438	1	1	544	9	1	22	1383	0	0	0
5.438	1	1	544	9	1	22	1383	0	0	1
5.44	1	1	545	1	1	22	1383	0	0	0
5.44	1	1	545	1	1	22	1383	0	0	1
5.441	1	1	545	2	1	22	1383	0	0	0
5.441	1	1	545	2	1	22	1383	0	0	1
5.442	1	1	545	3	1	22	1383	0	0	0
5.442	1	1	545	3	1	22	1383	0	0	1
5.443	1	1	545	4	1	22	1383	0	0	0
5.443	1	1	545	4	1	22	1383	0	0	1
5.444	1	1	545	5	1	22	1383	0	0	0
5.444	1	1	545	5	1	22	1383	0	0	1
5.445	1	1	545	6	1	22	1383	0	0	0
5.445	1	1	545	6	1	22	1383	0	0	1
5.446	1	1	545	7	1	22	1383	0	0	0
5.446	1	1	545	7	1	22	1383	0	0	1
5.447	1	1	545	8	1	22	1383	0	0	0
5.447	1	1	545	8	1	22	1383	0	0	1
5.448	1	1	545	9	1	20	1191	0	0	0
5.448	1	1	545	9	1	20	1191	0	0	1
5.449	1	1	545	10	1	20	1191	0	0	0
5.449	1	1	545	10	1	20	1191	0	0	1
5.45	1	1	546	1	1	20	1191	0	0	0
5.45	1	1	546	1	1	20	1191	0	0	1
5.451	1	1	546	2	1	20	1191	0	0	0
5.451	1	1	546	2	1	20	1191	0	0	1
5.452	1	1	546	3	1	20	1191	0	0	0
5.452	1	1	546	3	1	20	1191	0	0	1
5.453	1	1	546	4	1	20	1191	0	0	0
5.453	1	1	546	4	1	20	1191	0	0	1
5.454	1	1	546	5	1	20	1191	0	0	0
5.454	1	1	546	5	1	20	1191	0	0	1
5.455	1	1	546	6	1	20	1191	0	0	0
5.455	1	1	546	6	1	20	1191	0	0	1
5.456	1	1	546	7	1	20	1191	0	0	0
5.456	1	1	546	7	1	20	1191	0	0	1
5.457	1	1	546	8	1	20	1191	0	0	0
5.457	1	1	546	8	1	20	1191	0	0	1
5.459	1	1	546	10	1	20	1191	0	0	0
5.459	1	1	546	10	1	20	1191	0	0	1
5.46	1	1	547	1	1	22	1383	0	0	0
5.46	1	1	547	1	1	22	1383	0	0	1
5.461	1	1	547	2	1	22	1383	0	0	0
5.461	1	1	547	2	1	22	1383	0	0	1
5.462	1	1	547	3	1	22	1383	0	0	0
5.462	1	1	547	3	1	22	1383	0	0	1
5.463	1	1	547	4	1	22	1383	0	0	0
5.463	1	1	547	4	1	22	1383	0	0	1
5.464	1	1	547	5	1	22	1383	0	0	0
5.464	1	1	547	5	1	22	1383	0	0	1
5.465	1	1	547	6	1	22	1383	0	0	0
5.465	1	1	547	6	1	22	1383	0	0	1
5.466	1	1	547	7	1	22	1383	0	0	0
5.466	1	1	547	7	1	22	1383	0	0	1
5.467	1	1	547	8	1	22	1383	0	0	0
5.467	1	1	547	8	1	22	1383	0	0	1
5.468	1	1	547	9	1	22	1383	0	0	0
5.468	1	1	547	9	1	22	1383	0	0	1
5.469	1	1	547	10	1	22	1383	0	0	0
5.469	1	1	547	10	1	22	1383	0	0	1
5.47	1	1	548	1	1	22	1383	0	0	0
5.47	1	1	548	1	1	22	1383	0	0	1
5.471	1	1	548	2	1	22	1383	0	0	0
5.471	1	1	548	2	1	22	1383	0	0	1
5.472	1	1	548	3	1	22	1383	0	0	0
5.472	1	1	548	3	1	22	1383	0	0	1
5.473	1	1	548	4	1	22	1383	0	0	0
5.473	1	1	548	4	1	22	1383	0	0	1
5.474	1	1	548	5	1	22	1383	0	0	0
5.474	1	1	548	5	1	22	1383	0	0	1
5.475	1	1	548	6	1	22	1383	0	0	0
5.475	1	1	548	6	1	22	1383	0	0	1
5.477	1	1	548	8	1	22	1383	0	0	0
5.477	1	1	548	8	1	22	1383	0	0	1
5.478	1	1	548	9	1	22	1383	0	0	0
5.478	1	1	548	9	1	22	1383	0	0	1
5.479	1	1	548	10	1	22	1383	0	0	0
5.479	1	1	548	10	1	22	1383	0	0	1
5.48	1	1	549	1	1	22	1383	0	0	0
5.48	1	1	549	1	1	22	1383	0	0	1
5.481	1	1	549	2	1	22	1383	0	0	0
5.481	1	1	549	2	1	22	1383	0	0	1
5.482	1	1	549	3	1	24	1620	0	0	0
5.482	1	1	549	3	1	24	1620	0	0	1
5.483	1	1	549	4	1	24	1620	0	0	0
5.483	1	1	549	4	1	24	1620	0	0	1
5.484	1	1	549	5	1	24	1620	0	0	0
5.484	1	1	549	5	1	24	1620	0	0	1
5.485	1	1	549	6	1	24	1620	0	0	0
5.485	1	1	549	6	1	24	1620	0	0	1
5.487	1	1	549	8	1	24	1620	0	0	0
5.487	1	1	549	8	1	24	1620	0	0	1
5.488	1	1	549	9	1	24	1620	0	0	0
5.488	1	1	549	9	1	24	1620	0	0	1
5.489	1	1	549	10	1	24	1620	0	0	0
5.489	1	1	549	10	1	24	1620	0	0	1
5.49	1	1	550	1	1	24	1620	0	0	0
5.49	1	1	550	1	1	24	1620	0	0	1
5.491	1	1	550	2	1	24	1620	0	0	0
5.491	1	1	550	2	1	24	1620	0	0	1
5.492	1	1	550	3	1	24	1620	0	0	0
5.492	1	1	550	3	1	24	1620	0	0	1
5.493	1	1	550	4	1	24	1620	0	0	0
5.494	1	1	550	5	1	24	1620	0	0	0
5.495	1	1	550	6	1	24	1620	0	0	0
5.496	1	1	550	7	1	24	1620	0	0	0
5.496	1	1	550	7	1	24	1620	0	0	1
5.497	1	1	550	8	1	24	1620	0	0	0
5.497	1	1	550	8	1	24	1620	0	0	1
5.498	1	1	550	9	1	26	1836	0	0	0
5.499	1	1	550	10	1	26	1836	0	0	0
5.499	1	1	550	10	1	26	1836	0	0	1
5.5	1	1	551	1	1	26	1836	0	0	0
5.5	1	1	551	1	1	26	1836	0	0	1
5.501	1	1	551	2	1	26	1836	0	0	0
5.501	1	1	551	2	1	26	1836	0	0	1
5.502	1	1	551	3	1	26	1836	0	0	0
5.502	1	1	551	3	1	26	1836	0	0	1
5.503	1	1	551	4	1	26	1836	0	0	0
5.503	1	1	551	4	1	26	1836	0	0	1
5.505	1	1	551	6	1	26	1836	0	0	0
5.505	1	1	551	6	1	26	1836	0	0	1
5.506	1	1	551	7	1	26	1836	0	0	0
5.506	1	1	551	7	1	26	1836	0	0	1
5.507	1	1	551	8	1	26	1836	0	0	0
5.507	1	1	551	8	1	26	1836	0	0	1
5.508	1	1	551	9	1	26	1836	0	0	0
5.509	1	1	551	10	1	26	1836	0	0	0
5.51	1	1	552	1	1	26	1836	0	0	0
5.511	1	1	552	2	1	26	1836	0	0	0
5.511	1	1	552	2	1	26	1836	0	0	1
5.512	1	1	552	3	1	26	1836	0	0	0
5.512	1	1	552	3	1	26	1836	0	0	1
5.513	1	1	552	4	1	26	1836	0	0	0
5.513	1	1	552	4	1	26	1836	0	0	1
5.515	1	1	552	6	1	26	1836	0	0	0
5.515	1	1	552	6	1	26	1836	0	0	1
5.516	1	1	552	7	1	26	1836	0	0	0
5.516	1	1	552	7	1	26	1836	0	0	1
5.517	1	1	552	8	1	26	1836	0	0	0
5.517	1	1	552	8	1	26	1836	0	0	1
5.518	1	1	552	9	1	26	1836	0	0	0
5.518	1	1	552	9	1	26	1836	0	0	1
5.519	1	1	552	10	1	26	1836	0	0	0
5.519	1	1	552	10	1	26	1836	0	0	1
5.52	1	1	553	1	1	26	1836	0	0	0
5.52	1	1	553	1	1	26	1836	0	0	1
5.521	1	1	553	2	1	26	1836	0	0	0
5.521	1	1	553	2	1	26	1836	0	0	1
5.522	1	1	553	3	1	26	1836	0	0	0
5.524	1	1	553	5	1	26	1836	0	0	0
5.525	1	1	553	6	1	26	1836	0	0	0
5.525	1	1	553	6	1	26	1836	0	0	1
5.526	1	1	553	7	1	26	1836	0	0	0
5.527	1	1	553	8	1	26	1836	0	0	0
5.527	1	1	553	8	1	26	1836	0	0	1
5.528	1	1	553	9	1	26	1836	0	0	0
5.528	1	1	553	9	1	26	1836	0	0	1
5.529	1	1	553	10	1	26	1836	0	0	0
5.529	1	1	553	10	1	26	1836	0	0	1
5.53	1	1	554	1	1	24	1620	0	0	0
5.53	1	1	554	1	1	24	1620	0	0	1
5.531	1	1	554	2	1	24	1620	0	0	0
5.531	1	1	554	2	1	24	1620	0	0	1
5.533	1	1	554	4	1	24	1620	0	0	0
5.533	1	1	554	4	1	24	1620	0	0	1
5.534	1	1	554	5	1	24	1620	0	0	0
5.534	1	1	554	5	1	24	1620	0	0	1
5.535	1	1	554	6	1	24	1620	0	0	0
5.535	1	1	554	6	1	24	1620	0	0	1
5.536	1	1	554	7	1	24	1620	0	0	0
5.536	1	1	554	7	1	24	1620	0	0	1
5.537	1	1	554	8	1	24	1620	0	0	0
5.537	1	1	554	8	1	24	1620	0	0	1
5.538	1	1	554	9	1	24	1620	0	0	0
5.539	1	1	554	10	1	24	1620	0	0	0
5.54	1	1	555	1	1	24	1620	0	0	0
5.541	1	1	555	2	1	24	1620	0	0	0
5.541	1	1	555	2	1	24	1620	0	0	1
5.542	1	1	555	3	1	24	1620	0	0	0
5.542	1	1	555	3	1	24	1620	0	0	1
5.543	1	1	555	4	1	24	1620	0	0	0
5.543	1	1	555	4	1	24	1620	0	0	1
5.544	1	1	555	5	1	24	1620	0	0	0
5.545	1	1	555	6	1	24	1620	0	0	0
5.545	1	1	555	6	1	24	1620	0	0	1
5.546	1	1	555	7	1	24	1620	0	0	0
5.546	1	1	555	7	1	24	1620	0	0	1
5.547	1	1	555	8	1	24	1620	0	0	0
5.547	1	1	555	8	1	24	1620	0	0	1
5.548	1	1	555	9	1	24	1620	0	0	0
5.548	1	1	555	9	1	24	1620	0	0	1
5.549	1	1	555	10	1	24	1620	0	0	0
5.549	1	1	555	10	1	24	1620	0	0	1
5.55	1	1	556	1	1	24	1620	0	0	0
5.55	1	1	556	1	1	24	1620	0	0	1
5.552	1	1	556	3	1	24	1620	0	0	0
5.552	1	1	556	3	1	24	1620	0	0	1
5.553	1	1	556	4	1	24	1620	0	0	0
5.553	1	1	556	4	1	24	1620	0	0	1
5.554	1	1	556	5	1	24	1620	0	0	0
5.554	1	1	556	5	1	24	1620	0	0	1
5.555	1	1	556	6	1	24	1620	0	0	0
5.556	1	1	556	7	1	24	1620	0	0	0
5.557	1	1	556	8	1	24	1620	0	0	0
5.558	1	1	556	9	1	22	1383	0	0	0
5.558	1	1	556	9	1	22	1383	0	0	1
5.559	1	1	556	10	1	22	1383	0	0	0
5.559	1	1	556	10	1	22	1383	0	0	1
5.56	1	1	557	1	1	22	1383	0	0	0
5.56	1	1	557	1	1	22	1383	0	0	1
5.561	1	1	557	2	1	22	1383	0	0	0
5.561	1	1	557	2	1	22	1383	0	0	1
5.562	1	1	557	3	1	22	1383	0	0	0
5.562	1	1	557	3	1	22	1383	0	0	1
5.563	1	1	557	4	1	22	1383	0	0	0
5.564	1	1	557	5	1	22	1383	0	0	0
5.564	1	1	557	5	1	22	1383	0	0	1
5.565	1	1	557	6	1	22	1383	0	0	0
5.565	1	1	557	6	1	22	1383	0	0	1
5.566	1	1	557	7	1	22	1383	0	0	0
5.566	1	1	557	7	1	22	1383	0	0	1
5.567	1	1	557	8	1	22	1383	0	0	0
5.567	1	1	557	8	1	22	1383	0	0	1
5.568	1	1	557	9	1	20	1191	0	0	0
5.568	1	1	557	9	1	20	1191	0	0	1
5.569	1	1	557	10	1	20	1191	0	0	0
5.569	1	1	557	10	1	20	1191	0	0	1
5.571	1	1	558	2	1	20	1191	0	0	0
5.571	1	1	558	2	1	20	1191	0	0	1
5.572	1	1	558	3	1	20	1191	0	0	0
5.572	1	1	558	3	1	20	1191	0	0	1
5.573	1	1	558	4	1	20	1191	0	0	0
5.573	1	1	558	4	1	20	1191	0	0	1
5.574	1	1	558	5	1	18	967	0	0	0
5.574	1	1	558	5	1	18	967	0	0	1
5.575	1	1	558	6	1	18	967	0	0	0
5.575	1	1	558	6	1	18	967	0	0	1
5.576	1	1	558	7	1	18	967	0	0	0
5.576	1	1	558	7	1	18	967	0	0	1
5.577	1	1	558	8	1	18	967	0	0	0
5.577	1	1	558	8	1	18	967	0	0	1
5.578	1	1	558	9	1	18	967	0	0	0
5.578	1	1	558	9	1	18	967	0	0	1
5.579	1	1	558	10	1	18	967	0	0	0
5.579	1	1	558	10	1	18	967	0	0	1
5.58	1	1	559	1	1	18	967	0	0	0
5.58	1	1	559	1	1	18	967	0	0	1
5.581	1	1	559	2	1	18	967	0	0	0
5.581	1	1	559	2	1	18	967	0	0	1
5.582	1	1	559	3	1	18	967	0	0	0
5.582	1	1	559	3	1	18	967	0	0	1
5.583	1	1	559	4	1	18	967	0	0	0
5.583	1	1	559	4	1	18	967	0	0	1
5.584	1	1	559	5	1	18	967	0	0	0
5.584	1	1	559	5	1	18	967	0	0	1
5.585	1	1	559	6	1	18	967	0	0	0
5.585	1	1	559	6	1	18	967	0	0	1
5.586	1	1	559	7	1	18	967	0	0	0
5.586	1	1	559	7	1	18	967	0	0	1
5.587	1	1	559	8	1	18	967	0	0	0
5.587	1	1	559	8	1	18	967	0	0	1
5.589	1	1	559	10	1	18	967	0	0	0
5.589	1	1	559	10	1	18	967	0	0	1
5.59	1	1	560	1	1	18	967	0	0	0
5.59	1	1	560	1	1	18	967	0	0	1
5.591	1	1	560	2	1	18	967	0	0	0
5.591	1	1	560	2	1	18	967	0	0	1
5.592	1	1	560	3	1	20	1191	0	0	0
5.592	1	1	560	3	1	20	1191	0	0	1
5.593	1	1	560	4	1	20	1191	0	0	0
5.593	1	1	560	4	1	20	1191	0	0	1
5.594	1	1	560	5	1	20	1191	0	0	0
5.594	1	1	560	5	1	20	1191	0	0	1
5.595	1	1	560	6	1	20	1191	0	0	0
5.595	1	1	560	6	1	20	1191	0	0	1
5.596	1	1	560	7	1	20	1191	0	0	0
5.596	1	1	560	7	1	20	1191	0	0	1
5.597	1	1	560	8	1	20	1191	0	0	0
5.597	1	1	560	8	1	20	1191	0	0	1
5.599	1	1	560	10	1	20	1191	0	0	0
5.599	1	1	560	10	1	20	1191	0	0	1
5.6	1	1	561	1	1	20	1191	0	0	0
5.6	1	1	561	1	1	20	1191	0	0	1
5.601	1	1	561	2	1	20	1191	0	0	0
5.601	1	1	561	2	1	20	1191	0	0	1
5.602	1	1	561	3	1	22	1383	0	0	0
5.602	1	1	561	3	1	22	1383	0	0	1
5.603	1	1	561	4	1	22	1383	0	0	0
5.603	1	1	561	4	1	22	1383	0	0	1
5.604	1	1	561	5	1	22	1383	0	0	0
5.604	1	1	561	5	1	22	1383	0	0	1
5.605	1	1	561	6	1	22	1383	0	0	0
5.605	1	1	561	6	1	22	1383	0	0	1
5.606	1	1	561	7	1	22	1383	0	0	0
5.606	1	1	561	7	1	22	1383	0	0	1
5.607	1	1	561	8	1	22	1383	0	0	0
5.607	1	1	561	8	1	22	1383	0	0	1
5.608	1	1	561	9	1	22	1383	0	0	0
5.608	1	1	561	9	1	22	1383	0	0	1
5.609	1	1	561	10	1	22	1383	0	0	0
5.609	1	1	561	10	1	22	1383	0	0	1
5.61	1	1	562	1	1	22	1383	0	0	0
5.61	1	1	562	1	1	22	1383	0	0	1
5.611	1	1	562	2	1	22	1383	0	0	0
5.611	1	1	562	2	1	22	1383	0	0	1
5.612	1	1	562	3	1	22	1383	0	0	0
5.612	1	1	562	3	1	22	1383	0	0	1
5.613	1	1	562	4	1	22	1383	0	0	0
5.613	1	1	562	4	1	22	1383	0	0	1
5.614	1	1	562	5	1	22	1383	0	0	0
5.614	1	1	562	5	1	22	1383	0	0	1
5.615	1	1	562	6	1	22	1383	0	0	0
5.615	1	1	562	6	1	22	1383	0	0	1
5.617	1	1	562	8	1	22	1383	0	0	0
5.617	1	1	562	8	1	22	1383	0	0	1
5.618	1	1	562	9	1	22	1383	0	0	0
5.618	1	1	562	9	1	22	1383	0	0	1
5.619	1	1	562	10	1	22	1383	0	0	0
5.619	1	1	562	10	1	22	1383	0	0	1
5.62	1	1	563	1	1	22	1383	0	0	0
5.62	1	1	563	1	1	22	1383	0	0	1
5.621	1	1	563	2	1	22	1383	0	0	0
5.621	1	1	563	2	1	22	1383	0	0	1
5.622	1	1	563	3	1	22	1383	0	0	0
5.622	1	1	563	3	1	22	1383	0	0	1
5.623	1	1	563	4	1	22	1383	0	0	0
5.623	1	1	563	4	1	22	1383	0	0	1
5.624	1	1	563	5	1	22	1383	0	0	0
5.624	1	1	563	5	1	22	1383	0	0	1
5.625	1	1	563	6	1	22	1383	0	0	0
5.625	1	1	563	6	1	22	1383	0	0	1
5.626	1	1	563	7	1	22	1383	0	0	0
5.626	1	1	563	7	1	22	1383	0	0	1
5.627	1	1	563	8	1	22	1383	0	0	0
5.627	1	1	563	8	1	22	1383	0	0	1
5.628	1	1	563	9	1	22	1383	0	0	0
5.628	1	1	563	9	1	22	1383	0	0	1
5.629	1	1	563	10	1	22	1383	0	0	0
5.629	1	1	563	10	1	22	1383	0	0	1
5.63	1	1	564	1	1	24	1620	0	0	0
5.63	1	1	564	1	1	24	1620	0	0	1
5.631	1	1	564	2	1	24	1620	0	0	0
5.631	1	1	564	2	1	24	1620	0	0	1
5.632	1	1	564	3	1	24	1620	0	0	0
5.632	1	1	564	3	1	24	1620	0	0	1
5.633	1	1	564	4	1	24	1620	0	0	0
5.633	1	1	564	4	1	24	1620	0	0	1
5.634	1	1	564	5	1	24	1620	0	0	0
5.634	1	1	564	5	1	24	1620	0	0	1
5.636	1	1	564	7	1	24	1620	0	0	0
5.636	1	1	564	7	1	24	1620	0	0	1
5.637	1	1	564	8	1	24	1620	0	0	0
5.637	1	1	564	8	1	24	1620	0	0	1
5.638	1	1	564	9	1	24	1620	0	0	0
5.638	1	1	564	9	1	24	1620	0	0	1
5.639	1	1	564	10	1	24	1620	0	0	0
5.64	1	1	565	1	1	24	1620	0	0	0
5.641	1	1	565	2	1	24	1620	0	0	0
5.642	1	1	565	3	1	24	1620	0	0	0
5.642	1	1	565	3	1	24	1620	0	0	1
5.643	1	1	565	4	1	24	1620	0	0	0
5.643	1	1	565	4	1	24	1620	0	0	1
5.644	1	1	565	5	1	24	1620	0	0	0
5.644	1	1	565	5	1	24	1620	0	0	1
5.645	1	1	565	6	1	24	1620	0	0	0
5.645	1	1	565	6	1	24	1620	0	0	1
5.646	1	1	565	7	1	24	1620	0	0	0
5.646	1	1	565	7	1	24	1620	0	0	1
5.647	1	1	565	8	1	24	1620	0	0	0
5.647	1	1	565	8	1	24	1620	0	0	1
5.648	1	1	565	9	1	24	1620	0	0	0
5.648	1	1	565	9	1	24	1620	0	0	1
5.649	1	1	565	10	1	24	1620	0	0	0
5.649	1	1	565	10	1	24	1620	0	0	1
5.65	1	1	566	1	1	24	1620	0	0	0
5.65	1	1	566	1	1	24	1620	0	0	1
5.651	1	1	566	2	1	24	1620	0	0	0
5.651	1	1	566	2	1	24	1620	0	0	1
5.652	1	1	566	3	1	24	1620	0	0	0
5.653	1	1	566	4	1	24	1620	0	0	0
5.654	1	1	566	5	1	24	1620	0	0	0
5.655	1	1	566	6	1	24	1620	0	0	0
5.656	1	1	566	7	1	24	1620	0	0	0
5.656	1	1	566	7	1	24	1620	0	0	1
5.657	1	1	566	8	1	24	1620	0	0	0
5.657	1	1	566	8	1	24	1620	0	0	1
5.658	1	1	566	9	1	24	1620	0	0	0
5.658	1	1	566	9	1	24	1620	0	0	1
5.659	1	1	566	10	1	24	1620	0	0	0
5.659	1	1	566	10	1	24	1620	0	0	1
5.66	1	1	567	1	1	24	1620	0	0	0
5.66	1	1	567	1	1	24	1620	0	0	1
5.661	1	1	567	2	1	24	1620	0	0	0
5.661	1	1	567	2	1	24	1620	0	0	1
5.662	1	1	567	3	1	24	1620	0	0	0
5.662	1	1	567	3	1	24	1620	0	0	1
5.664	1	1	567	5	1	24	1620	0	0	0
5.664	1	1	567	5	1	24	1620	0	0	1
5.665	1	1	567	6	1	24	1620	0	0	0
5.665	1	1	567	6	1	24	1620	0	0	1
5.666	1	1	567	7	1	24	1620	0	0	0
5.666	1	1	567	7	1	24	1620	0	0	1
5.667	1	1	567	8	1	24	1620	0	0	0
5.667	1	1	567	8	1	24	1620	0	0	1
5.668	1	1	567	9	1	24	1620	0	0	0
5.668	1	1	567	9	1	24	1620	0	0	1
5.669	1	1	567	10	1	24	1620	0	0	0
5.67	1	1	568	1	1	24	1620	0	0	0
5.671	1	1	568	2	1	24	1620	0	0	0
5.672	1	1	568	3	1	24	1620	0	0	0
5.672	1	1	568	3	1	24	1620	0	0	1
5.673	1	1	568	4	1	24	1620	0	0	0
5.673	1	1	568	4	1	24	1620	0	0	1
5.674	1	1	568	5	1	24	1620	0	0	0
5.674	1	1	568	5	1	24	1620	0	0	1
5.675	1	1	568	6	1	24	1620	0	0	0
5.675	1	1	568	6	1	24	1620	0	0	1
5.676	1	1	568	7	1	24	1620	0	0	0
5.676	1	1	568	7	1	24	1620	0	0	1
5.677	1	1	568	8	1	24	1620	0	0	0
5.677	1	1	568	8	1	24	1620	0	0	1
5.678	1	1	568	9	1	24	1620	0	0	0
5.678	1	1	568	9	1	24	1620	0	0	1
5.679	1	1	568	10	1	24	1620	0	0	0
5.679	1	1	568	10	1	24	1620	0	0	1
5.68	1	1	569	1	1	24	1620	0	0	0
5.68	1	1	569	1	1	24	1620	0	0	1
5.681	1	1	569	2	1	24	1620	0	0	0
5.681	1	1	569	2	1	24	1620	0	0	1
5.683	1	1	569	4	1	24	1620	0	0	0
5.684	1	1	569	5	1	24	1620	0	0	0
5.685	1	1	569	6	1	24	1620	0	0	0
5.686	1	1	569	7	1	24	1620	0	0	0
5.686	1	1	569	7	1	24	1620	0	0	1
5.687	1	1	569	8	1	24	1620	0	0	0
5.687	1	1	569	8	1	24	1620	0	0	1
5.688	1	1	569	9	1	24	1620	0	0	0
5.688	1	1	569	9	1	24	1620	0	0	1
5.689	1	1	569	10	1	24	1620	0	0	0
5.689	1	1	569	10	1	24	1620	0	0	1
5.69	1	1	570	1	1	24	1620	0	0	0
5.69	1	1	570	1	1	24	1620	0	0	1
5.692	1	1	570	3	1	24	1620	0	0	0
5.692	1	1	570	3	1	24	1620	0	0	1
5.693	1	1	570	4	1	24	1620	0	0	0
5.693	1	1	570	4	1	24	1620	0	0	1
5.694	1	1	570	5	1	24	1620	0	0	0
5.694	1	1	570	5	1	24	1620	0	0	1
5.695	1	1	570	6	1	24	1620	0	0	0
5.695	1	1	570	6	1	24	1620	0	0	1
5.696	1	1	570	7	1	24	1620	0	0	0
5.696	1	1	570	7	1	24	1620	0	0	1
5.697	1	1	570	8	1	24	1620	0	0	0
5.697	1	1	570	8	1	24	1620	0	0	1
5.698	1	1	570	9	1	24	1620	0	0	0
5.699	1	1	570	10	1	24	1620	0	0	0
5.7	1	1	571	1	1	24	1620	0	0	0
5.701	1	1	571	2	1	24	1620	0	0	0
5.701	1	1	571	2	1	24	1620	0	0	1
5.702	1	1	571	3	1	24	1620	0	0	0
5.702	1	1	571	3	1	24	1620	0	0	1
5.703	1	1	571	4	1	24	1620	0	0	0
5.704	1	1	571	5	1	24	1620	0	0	0
5.704	1	1	571	5	1	24	1620	0	0	1
5.705	1	1	571	6	1	24	1620	0	0	0
5.705	1	1	571	6	1	24	1620	0	0	1
5.706	1	1	571	7	1	24	1620	0	0	0
5.706	1	1	571	7	1	24	1620	0	0	1
5.707	1	1	571	8	1	24	1620	0	0	0
5.707	1	1	571	8	1	24	1620	0	0	1
5.708	1	1	571	9	1	24	1620	0	0	0
5.708	1	1	571	9	1	24	1620	0	0	1
5.709	1	1	571	10	1	24	1620	0	0	0
5.709	1	1	571	10	1	24	1620	0	0	1
5.711	1	1	572	2	1	24	1620	0	0	0
5.711	1	1	572	2	1	24	1620	0	0	1
5.712	1	1	572	3	1	24	1620	0	0	0
5.712	1	1	572	3	1	24	1620	0	0	1
5.713	1	1	572	4	1	24	1620	0	0	0
5.713	1	1	572	4	1	24	1620	0	0	1
5.714	1	1	572	5	1	24	1620	0	0	0
5.715	1	1	572	6	1	24	1620	0	0	0
5.716	1	1	572	7	1	24	1620	0	0	0
5.717	1	1	572	8	1	24	1620	0	0	0
5.717	1	1	572	8	1	24	1620	0	0	1
5.718	1	1	572	9	1	24	1620	0	0	0
5.718	1	1	572	9	1	24	1620	0	0	1
5.719	1	1	572	10	1	24	1620	0	0	0
5.719	1	1	572	10	1	24	1620	0	0	1
5.72	1	1	573	1	1	24	1620	0	0	0
5.72	1	1	573	1	1	24	1620	0	0	1
5.721	1	1	573	2	1	24	1620	0	0	0
5.721	1	1	573	2	1	24	1620	0	0	1
5.722	1	1	573	3	1	24	1620	0	0	0
5.723	1	1	573	4	1	24	1620	0	0	0
5.723	1	1	573	4	1	24	1620	0	0	1
5.724	1	1	573	5	1	24	1620	0	0	0
5.724	1	1	573	5	1	24	1620	0	0	1
5.725	1	1	573	6	1	24	1620	0	0	0
5.725	1	1	573	6	1	24	1620	0	0	1
5.726	1	1	573	7	1	24	1620	0	0	0
5.726	1	1	573	7	1	24	1620	0	0	1
5.727	1	1	573	8	1	24	1620	0	0	0
5.727	1	1	573	8	1	24	1620	0	0	1
5.729	1	1	573	10	1	24	1620	0	0	0
5.729	1	1	573	10	1	24	1620	0	0	1
5.73	1	1	574	1	1	24	1620	0	0	0
5.731	1	1	574	2	1	24	1620	0	0	0
5.732	1	1	574	3	1	24	1620	0	0	0
5.732	1	1	574	3	1	24	1620	0	0	1
5.733	1	1	574	4	1	24	1620	0	0	0
5.733	1	1	574	4	1	24	1620	0	0	1
5.734	1	1	574	5	1	24	1620	0	0	0
5.735	1	1	574	6	1	24	1620	0	0	0
5.735	1	1	574	6	1	24	1620	0	0	1
5.736	1	1	574	7	1	24	1620	0	0	0
5.736	1	1	574	7	1	24	1620	0	0	1
5.737	1	1	574	8	1	24	1620	0	0	0
5.737	1	1	574	8	1	24	1620	0	0	1
5.739	1	1	574	10	1	24	1620	0	0	0
5.739	1	1	574	10	1	24	1620	0	0	1
5.74	1	1	575	1	1	24	1620	0	0	0
5.74	1	1	575	1	1	24	1620	0	0	1
5.741	1	1	575	2	1	24	1620	0	0	0
5.741	1	1	575	2	1	24	1620	0	0	1
5.742	1	1	575	3	1	24	1620	0	0	0
5.742	1	1	575	3	1	24	1620	0	0	1
5.743	1	1	575	4	1	24	1620	0	0	0
5.743	1	1	575	4	1	24	1620	0	0	1
5.744	1	1	575	5	1	24	1620	0	0	0
5.744	1	1	575	5	1	24	1620	0	0	1
5.745	1	1	575	6	1	24	1620	0	0	0
5.745	1	1	575	6	1	24	1620	0	0	1
5.746	1	1	575	7	1	24	1620	0	0	0
5.748	1	1	575	9	1	24	1620	0	0	0
5.749	1	1	575	10	1	24	1620	0	0	0
5.749	1	1	575	10	1	24	1620	0	0	1
5.75	1	1	576	1	1	24	1620	0	0	0
5.751	1	1	576	2	1	24	1620	0	0	0
5.751	1	1	576	2	1	24	1620	0	0	1
5.752	1	1	576	3	1	24	1620	0	0	0
5.752	1	1	576	3	1	24	1620	0	0	1
5.753	1	1	576	4	1	24	1620	0	0	0
5.753	1	1	576	4	1	24	1620	0	0	1
5.754	1	1	576	5	1	24	1620	0	0	0
5.754	1	1	576	5	1	24	1620	0	0	1
5.755	1	1	576	6	1	24	1620	0	0	0
5.755	1	1	576	6	1	24	1620	0	0	1
5.757	1	1	576	8	1	24	1620	0	0	0
5.757	1	1	576	8	1	24	1620	0	0	1
5.758	1	1	576	9	1	24	1620	0	0	0
5.758	1	1	576	9	1	24	1620	0	0	1
5.759	1	1	576	10	1	24	1620	0	0	0
5.759	1	1	576	10	1	24	1620	0	0	1
5.76	1	1	577	1	1	24	1620	0	0	0
5.76	1	1	577	1	1	24	1620	0	0	1
5.761	1	1	577	2	1	24	1620	0	0	0
5.761	1	1	577	2	1	24	1620	0	0	1
5.762	1	1	577	3	1	24	1620	0	0	0
5.762	1	1	577	3	1	24	1620	0	0	1
5.763	1	1	577	4	1	24	1620	0	0	0
5.764	1	1	577	5	1	24	1620	0	0	0
5.765	1	1	577	6	1	24	1620	0	0	0
5.766	1	1	577	7	1	24	1620	0	0	0
5.766	1	1	577	7	1	24	1620	0	0	1
5.767	1	1	577	8	1	24	1620	0	0	0
5.767	1	1	577	8	1	24	1620	0	0	1
5.768	1	1	577	9	1	24	1620	0	0	0
5.769	1	1	577	10	1	24	1620	0	0	0
5.769	1	1	577	10	1	24	1620	0	0	1
5.77	1	1	578	1	1	24	1620	0	0	0
5.77	1	1	578	1	1	24	1620	0	0	1
5.771	1	1	578	2	1	24	1620	0	0	0
5.771	1	1	578	2	1	24	1620	0	0	1
5.772	1	1	578	3	1	24	1620	0	0	0
5.772	1	1	578	3	1	24	1620	0	0	1
5.773	1	1	578	4	1	24	1620	0	0	0
5.773	1	1	578	4	1	24	1620	0	0	1
5.774	1	1	578	5	1	24	1620	0	0	0
5.774	1	1	578	5	1	24	1620	0	0	1
5.776	1	1	578	7	1	24	1620	0	0	0
5.776	1	1	578	7	1	24	1620	0	0	1
5.777	1	1	578	8	1	24	1620	0	0	0
5.777	1	1	578	8	1	24	1620	0	0	1
5.778	1	1	578	9	1	24	1620	0	0	0
5.778	1	1	578	9	1	24	1620	0	0	1
5.779	1	1	578	10	1	24	1620	0	0	0
5.78	1	1	579	1	1	24	1620	0	0	0
5.781	1	1	579	2	1	24	1620	0	0	0
5.782	1	1	579	3	1	24	1620	0	0	0
5.782	1	1	579	3	1	24	1620	0	0	1
5.783	1	1	579	4	1	24	1620	0	0	0
5.783	1	1	579	4	1	24	1620	0	0	1
5.784	1	1	579	5	1	24	1620	0	0	0
5.784	1	1	579	5	1	24	1620	0	0	1
5.785	1	1	579	6	1	24	1620	0	0	0
5.785	1	1	579	6	1	24	1620	0	0	1
5.786	1	1	579	7	1	22	1383	0	0	0
5.786	1	1	579	7	1	22	1383	0	0	1
5.787	1	1	579	8	1	22	1383	0	0	0
5.788	1	1	579	9	1	22	1383	0	0	0
5.788	1	1	579	9	1	22	1383	0	0	1
5.789	1	1	579	10	1	22	1383	0	0	0
5.789	1	1	579	10	1	22	1383	0	0	1
5.79	1	1	580	1	1	22	1383	0	0	0
5.79	1	1	580	1	1	22	1383	0	0	1
5.791	1	1	580	2	1	22	1383	0	0	0
5.791	1	1	580	2	1	22	1383	0	0	1
5.792	1	1	580	3	1	22	1383	0	0	0
5.792	1	1	580	3	1	22	1383	0	0	1
5.793	1	1	580	4	1	22	1383	0	0	0
5.793	1	1	580	4	1	22	1383	0	0	1
5.795	1	1	580	6	1	22	1383	0	0	0
5.795	1	1	580	6	1	22	1383	0	0	1
5.796	1	1	580	7	1	22	1383	0	0	0
5.796	1	1	580	7	1	22	1383	0	0	1
5.797	1	1	580	8	1	22	1383	0	0	0
5.797	1	1	580	8	1	22	1383	0	0	1
5.798	1	1	580	9	1	22	1383	0	0	0
5.798	1	1	580	9	1	22	1383	0	0	1
5.799	1	1	580	10	1	22	1383	0	0	0
5.799	1	1	580	10	1	22	1383	0	0	1
5.8	1	1	581	1	1	22	1383	0	0	0
5.8	1	1	581	1	1	22	1383	0	0	1
5.801	1	1	581	2	1	22	1383	0	0	0
5.801	1	1	581	2	1	22	1383	0	0	1
5.802	1	1	581	3	1	22	1383	0	0	0
5.802	1	1	581	3	1	22	1383	0	0	1
5.804	1	1	581	5	1	22	1383	0	0	0
5.804	1	1	581	5	1	22	1383	0	0	1
5.805	1	1	581	6	1	22	1383	0	0	0
5.805	1	1	581	6	1	22	1383	0	0	1
5.806	1	1	581	7	1	22	1383	0	0	0
5.806	1	1	581	7	1	22	1383	0	0	1
5.807	1	1	581	8	1	22	1383	0	0	0
5.807	1	1	581	8	1	22	1383	0	0	1
5.808	1	1	581	9	1	22	1383	0	0	0
5.808	1	1	581	9	1	22	1383	0	0	1
5.809	1	1	581	10	1	22	1383	0	0	0
5.809	1	1	581	10	1	22	1383	0	0	1
5.81	1	1	582	1	1	22	1383	0	0	0
5.81	1	1	582	1	1	22	1383	0	0	1
5.811	1	1	582	2	1	22	1383	0	0	0
5.811	1	1	582	2	1	22	1383	0	0	1
5.813	1	1	582	4	1	22	1383	0	0	0
5.813	1	1	582	4	1	22	1383	0	0	1
5.814	1	1	582	5	1	22	1383	0	0	0
5.814	1	1	582	5	1	22	1383	0	0	1
5.815	1	1	582	6	1	22	1383	0	0	0
5.815	1	1	582	6	1	22	1383	0	0	1
5.816	1	1	582	7	1	22	1383	0	0	0
5.816	1	1	582	7	1	22	1383	0	0	1
5.817	1	1	582	8	1	22	1383	0	0	0
5.817	1	1	582	8	1	22	1383	0	0	1
5.818	1	1	582	9	1	22	1383	0	0	0
5.818	1	1	582	9	1	22	1383	0	0	1
5.819	1	1	582	10	1	22	1383	0	0	0
5.819	1	1	582	10	1	22	1383	0	0	1
5.82	1	1	583	1	1	24	1620	0	0	0
5.82	1	1	583	1	1	24	1620	0	0	1
5.821	1	1	583	2	1	24	1620	0	0	0
5.821	1	1	583	2	1	24	1620	0	0	1
5.823	1	1	583	4	1	24	1620	0	0	0
5.823	1	1	583	4	1	24	1620	0	0	1
5.824	1	1	583	5	1	24	1620	0	0	0
5.824	1	1	583	5	1	24	1620	0	0	1
5.825	1	1	583	6	1	24	1620	0	0	0
5.825	1	1	583	6	1	24	1620	0	0	1
5.826	1	1	583	7	1	24	1620	0	0	0
5.826	1	1	583	7	1	24	1620	0	0	1
5.827	1	1	583	8	1	24	1620	0	0	0
5.827	1	1	583	8	1	24	1620	0	0	1
5.828	1	1	583	9	1	24	1620	0	0	0
5.828	1	1	583	9	1	24	1620	0	0	1
5.829	1	1	583	10	1	24	1620	0	0	0
5.83	1	1	584	1	1	24	1620	0	0	0
5.831	1	1	584	2	1	24	1620	0	0	0
5.832	1	1	584	3	1	24	1620	0	0	0
5.832	1	1	584	3	1	24	1620	0	0	1
5.833	1	1	584	4	1	24	1620	0	0	0
5.833	1	1	584	4	1	24	1620	0	0	1
5.834	1	1	584	5	1	24	1620	0	0	0
5.835	1	1	584	6	1	24	1620	0	0	0
5.835	1	1	584	6	1	24	1620	0	0	1
5.836	1	1	584	7	1	24	1620	0	0	0
5.836	1	1	584	7	1	24	1620	0	0	1
5.837	1	1	584	8	1	24	1620	0	0	0
5.837	1	1	584	8	1	24	1620	0	0	1
5.838	1	1	584	9	1	24	1620	0	0	0
5.838	1	1	584	9	1	24	1620	0	0	1
5.839	1	1	584	10	1	24	1620	0	0	0
5.839	1	1	584	10	1	24	1620	0	0	1
5.841	1	1	585	2	1	24	1620	0	0	0
5.841	1	1	585	2	1	24	1620	0	0	1
5.842	1	1	585	3	1	24	1620	0	0	0
5.842	1	1	585	3	1	24	1620	0	0	1
5.843	1	1	585	4	1	24	1620	0	0	0
5.843	1	1	585	4	1	24	1620	0	0	1
5.844	1	1	585	5	1	24	1620	0	0	0
5.845	1	1	585	6	1	24	1620	0	0	0
5.846	1	1	585	7	1	24	1620	0	0	0
5.847	1	1	585	8	1	24	1620	0	0	0
5.847	1	1	585	8	1	24	1620	0	0	1
5.848	1	1	585	9	1	24	1620	0	0	0
5.848	1	1	585	9	1	24	1620	0	0	1
5.849	1	1	585	10	1	24	1620	0	0	0
5.849	1	1	585	10	1	24	1620	0	0	1
5.851	1	1	586	2	1	24	1620	0	0	0
5.851	1	1	586	2	1	24	1620	0	0	1
5.852	1	1	586	3	1	26	1836	0	0	0
5.852	1	1	586	3	1	26	1836	0	0	1
5.853	1	1	586	4	1	26	1836	0	0	0
5.853	1	1	586	4	1	26	1836	0	0	1
5.854	1	1	586	5	1	26	1836	0	0	0
5.854	1	1	586	5	1	26	1836	0	0	1
5.855	1	1	586	6	1	26	1836	0	0	0
5.855	1	1	586	6	1	26	1836	0	0	1
5.856	1	1	586	7	1	24	1620	0	0	0
5.856	1	1	586	7	1	24	1620	0	0	1
5.857	1	1	586	8	1	24	1620	0	0	0
5.857	1	1	586	8	1	24	1620	0	0	1
5.858	1	1	586	9	1	24	1620	0	0	0
5.858	1	1	586	9	1	24	1620	0	0	1
5.86	1	1	587	1	1	24	1620	0	0	0
5.861	1	1	587	2	1	24	1620	0	0	0
5.862	1	1	587	3	1	24	1620	0	0	0
5.863	1	1	587	4	1	24	1620	0	0	0
5.863	1	1	587	4	1	24	1620	0	0	1
5.864	1	1	587	5	1	24	1620	0	0	0
5.864	1	1	587	5	1	24	1620	0	0	1
5.865	1	1	587	6	1	24	1620	0	0	0
5.865	1	1	587	6	1	24	1620	0	0	1
5.866	1	1	587	7	1	24	1620	0	0	0
5.866	1	1	587	7	1	24	1620	0	0	1
5.867	1	1	587	8	1	24	1620	0	0	0
5.867	1	1	587	8	1	24	1620	0	0	1
5.869	1	1	587	10	1	24	1620	0	0	0
5.869	1	1	587	10	1	24	1620	0	0	1
5.87	1	1	588	1	1	24	1620	0	0	0
5.87	1	1	588	1	1	24	1620	0	0	1
5.871	1	1	588	2	1	24	1620	0	0	0
5.871	1	1	588	2	1	24	1620	0	0	1
5.872	1	1	588	3	1	24	1620	0	0	0
5.872	1	1	588	3	1	24	1620	0	0	1
5.873	1	1	588	4	1	24	1620	0	0	0
5.873	1	1	588	4	1	24	1620	0	0	1
5.874	1	1	588	5	1	24	1620	0	0	0
5.874	1	1	588	5	1	24	1620	0	0	1
5.875	1	1	588	6	1	24	1620	0	0	0
5.876	1	1	588	7	1	24	1620	0	0	0
5.877	1	1	588	8	1	24	1620	0	0	0
5.878	1	1	588	9	1	24	1620	0	0	0
5.878	1	1	588	9	1	24	1620	0	0	1
5.879	1	1	588	10	1	24	1620	0	0	0
5.879	1	1	588	10	1	24	1620	0	0	1
5.88	1	1	589	1	1	24	1620	0	0	0
5.881	1	1	589	2	1	24	1620	0	0	0
5.881	1	1	589	2	1	24	1620	0	0	1
5.882	1	1	589	3	1	24	1620	0	0	0
5.882	1	1	589	3	1	24	1620	0	0	1
5.883	1	1	589	4	1	24	1620	0	0	0
5.883	1	1	589	4	1	24	1620	0	0	1
5.884	1	1	589	5	1	24	1620	0	0	0
5.884	1	1	589	5	1	24	1620	0	0	1
5.885	1	1	589	6	1	24	1620	0	0	0
5.885	1	1	589	6	1	24	1620	0	0	1
5.886	1	1	589	7	1	24	1620	0	0	0
5.886	1	1	589	7	1	24	1620	0	0	1
5.888	1	1	589	9	1	24	1620	0	0	0
5.888	1	1	589	9	1	24	1620	0	0	1
5.889	1	1	589	10	1	24	1620	0	0	0
5.889	1	1	589	10	1	24	1620	0	0	1
5.89	1	1	590	1	1	24	1620	0	0	0
5.89	1	1	590	1	1	24	1620	0	0	1
5.891	1	1	590	2	1	24	1620	0	0	0
5.892	1	1	590	3	1	24	1620	0	0	0
5.893	1	1	590	4	1	24	1620	0	0	0
5.894	1	1	590	5	1	24	1620	0	0	0
5.894	1	1	590	5	1	24	1620	0	0	1
5.895	1	1	590	6	1	24	1620	0	0	0
5.895	1	1	590	6	1	24	1620	0	0	1
5.896	1	1	590	7	1	24	1620	0	0	0
5.896	1	1	590	7	1	24	1620	0	0	1
5.897	1	1	590	8	1	24	1620	0	0	0
5.897	1	1	590	8	1	24	1620	0	0	1
5.898	1	1	590	9	1	24	1620	0	0	0
5.898	1	1	590	9	1	24	1620	0	0	1
5.899	1	1	590	10	1	24	1620	0	0	0
5.9	1	1	591	1	1	24	1620	0	0	0
5.9	1	1	591	1	1	24	1620	0	0	1
5.901	1	1	591	2	1	24	1620	0	0	0
5.901	1	1	591	2	1	24	1620	0	0	1
5.902	1	1	591	3	1	24	1620	0	0	0
5.902	1	1	591	3	1	24	1620	0	0	1
5.903	1	1	591	4	1	24	1620	0	0	0
5.903	1	1	591	4	1	24	1620	0	0	1
5.904	1	1	591	5	1	24	1620	0	0	0
5.904	1	1	591	5	1	24	1620	0	0	1
5.905	1	1	591	6	1	24	1620	0	0	0
5.905	1	1	591	6	1	24	1620	0	0	1
5.907	1	1	591	8	1	24	1620	0	0	0
5.908	1	1	591	9	1	24	1620	0	0	0
5.909	1	1	591	10	1	24	1620	0	0	0
5.909	1	1	591	10	1	24	1620	0	0	1
5.91	1	1	592	1	1	24	1620	0	0	0
5.91	1	1	592	1	1	24	1620	0	0	1
5.911	1	1	592	2	1	24	1620	0	0	0
5.912	1	1	592	3	1	24	1620	0	0	0
5.912	1	1	592	3	1	24	1620	0	0	1
5.913	1	1	592	4	1	24	1620	0	0	0
5.913	1	1	592	4	1	24	1620	0	0	1
5.914	1	1	592	5	1	24	1620	0	0	0
5.914	1	1	592	5	1	24	1620	0	0	1
5.916	1	1	592	7	1	24	1620	0	0	0
5.916	1	1	592	7	1	24	1620	0	0	1
5.917	1	1	592	8	1	24	1620	0	0	0
5.917	1	1	592	8	1	24	1620	0	0	1
5.918	1	1	592	9	1	22	1383	0	0	0
5.918	1	1	592	9	1	22	1383	0	0	1
5.919	1	1	592	10	1	22	1383	0	0	0
5.919	1	1	592	10	1	22	1383	0	0	1
5.92	1	1	593	1	1	22	1383	0	0	0
5.92	1	1	593	1	1	22	1383	0	0	1
5.921	1	1	593	2	1	22	1383	0	0	0
5.921	1	1	593	2	1	22	1383	0	0	1
5.922	1	1	593	3	1	22	1383	0	0	0
5.922	1	1	593	3	1	22	1383	0	0	1
5.923	1	1	593	4	1	22	1383	0	0	0
5.925	1	1	593	6	1	22	1383	0	0	0
5.925	1	1	593	6	1	22	1383	0	0	1
5.926	1	1	593	7	1	22	1383	0	0	0
5.926	1	1	593	7	1	22	1383	0	0	1
5.927	1	1	593	8	1	22	1383	0	0	0
5.927	1	1	593	8	1	22	1383	0	0	1
5.928	1	1	593	9	1	22	1383	0	0	0
5.928	1	1	593	9	1	22	1383	0	0	1
5.929	1	1	593	10	1	22	1383	0	0	0
5.929	1	1	593	10	1	22	1383	0	0	1
5.93	1	1	594	1	1	20	1191	0	0	0
5.93	1	1	594	1	1	20	1191	0	0	1
5.931	1	1	594	2	1	20	1191	0	0	0
5.931	1	1	594	2	1	20	1191	0	0	1
5.932	1	1	594	3	1	20	1191	0	0	0
5.932	1	1	594	3	1	20	1191	0	0	1
5.933	1	1	594	4	1	20	1191	0	0	0
5.933	1	1	594	4	1	20	1191	0	0	1
5.935	1	1	594	6	1	20	1191	0	0	0
5.935	1	1	594	6	1	20	1191	0	0	1
5.936	1	1	594	7	1	20	1191	0	0	0
5.936	1	1	594	7	1	20	1191	0	0	1
5.937	1	1	594	8	1	20	1191	0	0	0
5.937	1	1	594	8	1	20	1191	0	0	1
5.938	1	1	594	9	1	20	1191	0	0	0
5.938	1	1	594	9	1	20	1191	0	0	1
5.939	1	1	594	10	1	20	1191	0	0	0
5.939	1	1	594	10	1	20	1191	0	0	1
5.94	1	1	595	1	1	20	1191	0	0	0
5.94	1	1	595	1	1	20	1191	0	0	1
5.941	1	1	595	2	1	20	1191	0	0	0
5.941	1	1	595	2	1	20	1191	0	0	1
5.942	1	1	595	3	1	20	1191	0	0	0
5.942	1	1	595	3	1	20	1191	0	0	1
5.943	1	1	595	4	1	20	1191	0	0	0
5.943	1	1	595	4	1	20	1191	0	0	1
5.944	1	1	595	5	1	20	1191	0	0	0
5.944	1	1	595	5	1	20	1191	0	0	1
5.945	1	1	595	6	1	20	1191	0	0	0
5.945	1	1	595	6	1	20	1191	0	0	1
5.946	1	1	595	7	1	20	1191	0	0	0
5.946	1	1	595	7	1	20	1191	0	0	1
5.947	1	1	595	8	1	20	1191	0	0	0
5.947	1	1	595	8	1	20	1191	0	0	1
5.948	1	1	595	9	1	20	1191	0	0	0
5.948	1	1	595	9	1	20	1191	0	0	1
5.949	1	1	595	10	1	20	1191	0	0	0
5.949	1	1	595	10	1	20	1191	0	0	1
5.95	1	1	596	1	1	20	1191	0	0	0
5.95	1	1	596	1	1	20	1191	0	0	1
5.951	1	1	596	2	1	20	1191	0	0	0
5.951	1	1	596	2	1	20	1191	0	0	1
5.953	1	1	596	4	1	20	1191	0	0	0
5.953	1	1	596	4	1	20	1191	0	0	1
5.954	1	1	596	5	1	22	1383	0	0	0
5.954	1	1	596	5	1	22	1383	0	0	1
5.955	1	1	596	6	1	22	1383	0	0	0
5.955	1	1	596	6	1	22	1383	0	0	1
5.956	1	1	596	7	1	22	1383	0	0	0
5.956	1	1	596	7	1	22	1383	0	0	1
5.957	1	1	596	8	1	22	1383	0	0	0
5.957	1	1	596	8	1	22	1383	0	0	1
5.958	1	1	596	9	1	22	1383	0	0	0
5.958	1	1	596	9	1	22	1383	0	0	1
5.959	1	1	596	10	1	22	1383	0	0	0
5.959	1	1	596	10	1	22	1383	0	0	1
5.96	1	1	597	1	1	22	1383	0	0	0
5.96	1	1	597	1	1	22	1383	0	0	1
5.961	1	1	597	2	1	22	1383	0	0	0
5.961	1	1	597	2	1	22	1383	0	0	1
5.962	1	1	597	3	1	22	1383	0	0	0
5.962	1	1	597	3	1	22	1383	0	0	1
5.963	1	1	597	4	1	22	1383	0	0	0
5.963	1	1	597	4	1	22	1383	0	0	1
5.964	1	1	597	5	1	24	1620	0	0	0
5.964	1	1	597	5	1	24	1620	0	0	1
5.965	1	1	597	6	1	24	1620	0	0	0
5.965	1	1	597	6	1	24	1620	0	0	1
5.966	1	1	597	7	1	24	1620	0	0	0
5.966	1	1	597	7	1	24	1620	0	0	1
5.967	1	1	597	8	1	24	1620	0	0	0
5.967	1	1	597	8	1	24	1620	0	0	1
5.968	1	1	597	9	1	24	1620	0	0	0
5.968	1	1	597	9	1	24	1620	0	0	1
5.969	1	1	597	10	1	24	1620	0	0	0
5.969	1	1	597	10	1	24	1620	0	0	1
5.97	1	1	598	1	1	24	1620	0	0	0
5.97	1	1	598	1	1	24	1620	0	0	1
5.972	1	1	598	3	1	24	1620	0	0	0
5.973	1	1	598	4	1	24	1620	0	0	0
5.974	1	1	598	5	1	24	1620	0	0	0
5.974	1	1	598	5	1	24	1620	0	0	1
5.975	1	1	598	6	1	24	1620	0	0	0
5.976	1	1	598	7	1	24	1620	0	0	0
5.976	1	1	598	7	1	24	1620	0	0	1
5.977	1	1	598	8	1	24	1620	0	0	0
5.977	1	1	598	8	1	24	1620	0	0	1
5.978	1	1	598	9	1	24	1620	0	0	0
5.978	1	1	598	9	1	24	1620	0	0	1
5.979	1	1	598	10	1	24	1620	0	0	0
5.979	1	1	598	10	1	24	1620	0	0	1
5.981	1	1	599	2	1	24	1620	0	0	0
5.981	1	1	599	2	1	24	1620	0	0	1
5.982	1	1	599	3	1	24	1620	0	0	0
5.982	1	1	599	3	1	24	1620	0	0	1
5.983	1	1	599	4	1	24	1620	0	0	0
5.983	1	1	599	4	1	24	1620	0	0	1
5.984	1	1	599	5	1	24	1620	0	0	0
5.984	1	1	599	5	1	24	1620	0	0	1
5.985	1	1	599	6	1	24	1620	0	0	0
5.985	1	1	599	6	1	24	1620	0	0	1
5.986	1	1	599	7	1	24	1620	0	0	0
5.986	1	1	599	7	1	24	1620	0	0	1
5.987	1	1	599	8	1	24	1620	0	0	0
5.987	1	1	599	8	1	24	1620	0	0	1
5.988	1	1	599	9	1	24	1620	0	0	0
5.989	1	1	599	10	1	24	1620	0	0	0
5.99	1	1	600	1	1	24	1620	0	0	0
5.991	1	1	600	2	1	24	1620	0	0	0
5.991	1	1	600	2	1	24	1620	0	0	1
5.992	1	1	600	3	1	24	1620	0	0	0
5.993	1	1	600	4	1	24	1620	0	0	0
5.993	1	1	600	4	1	24	1620	0	0	1
5.994	1	1	600	5	1	24	1620	0	0	0
5.994	1	1	600	5	1	24	1620	0	0	1
5.995	1	1	600	6	1	24	1620	0	0	0
5.995	1	1	600	6	1	24	1620	0	0	1
5.996	1	1	600	7	1	24	1620	0	0	0
5.996	1	1	600	7	1	24	1620	0	0	1
5.997	1	1	600	8	1	24	1620	0	0	0
5.997	1	1	600	8	1	24	1620	0	0	1
5.998	1	1	600	9	1	24	1620	0	0	0
5.998	1	1	600	9	1	24	1620	0	0	1
6	1	1	601	1	1	24	1620	0	0	0
6	1	1	601	1	1	24	1620	0	0	1
6.001	1	1	601	2	1	24	1620	0	0	0
6.001	1	1	601	2	1	24	1620	0	0	1
6.002	1	1	601	3	1	24	1620	0	0	0
6.002	1	1	601	3	1	24	1620	0	0	1
6.003	1	1	601	4	1	24	1620	0	0	0
6.003	1	1	601	4	1	24	1620	0	0	1
6.004	1	1	601	5	1	24	1620	0	0	0
6.004	1	1	601	5	1	24	1620	0	0	1
6.005	1	1	601	6	1	24	1620	0	0	0
6.006	1	1	601	7	1	22	1383	0	0	0
6.007	1	1	601	8	1	22	1383	0	0	0
6.008	1	1	601	9	1	22	1383	0	0	0
6.008	1	1	601	9	1	22	1383	0	0	1
6.009	1	1	601	10	1	22	1383	0	0	0
6.009	1	1	601	10	1	22	1383	0	0	1
6.01	1	1	602	1	1	20	1191	0	0	0
6.01	1	1	602	1	1	20	1191	0	0	1
6.011	1	1	602	2	1	20	1191	0	0	0
6.011	1	1	602	2	1	20	1191	0	0	1
6.012	1	1	602	3	1	20	1191	0	0	0
6.012	1	1	602	3	1	20	1191	0	0	1
6.013	1	1	602	4	1	20	1191	0	0	0
6.013	1	1	602	4	1	20	1191	0	0	1
6.014	1	1	602	5	1	20	1191	0	0	0
6.014	1	1	602	5	1	20	1191	0	0	1
6.015	1	1	602	6	1	20	1191	0	0	0
6.015	1	1	602	6	1	20	1191	0	0	1
6.016	1	1	602	7	1	20	1191	0	0	0
6.016	1	1	602	7	1	20	1191	0	0	1
6.017	1	1	602	8	1	20	1191	0	0	0
6.017	1	1	602	8	1	20	1191	0	0	1
6.019	1	1	602	10	1	20	1191	0	0	0
6.019	1	1	602	10	1	20	1191	0	0	1
6.02	1	1	603	1	1	20	1191	0	0	0
6.02	1	1	603	1	1	20	1191	0	0	1
6.021	1	1	603	2	1	20	1191	0	0	0
6.021	1	1	603	2	1	20	1191	0	0	1
6.022	1	1	603	3	1	20	1191	0	0	0
6.022	1	1	603	3	1	20	1191	0	0	1
6.023	1	1	603	4	1	20	1191	0	0	0
6.023	1	1	603	4	1	20	1191	0	0	1
6.024	1	1	603	5	1	20	1191	0	0	0
6.024	1	1	603	5	1	20	1191	0	0	1
6.025	1	1	603	6	1	20	1191	0	0	0
6.025	1	1	603	6	1	20	1191	0	0	1
6.026	1	1	603	7	1	22	1383	0	0	0
6.026	1	1	603	7	1	22	1383	0	0	1
6.028	1	1	603	9	1	22	1383	0	0	0
6.028	1	1	603	9	1	22	1383	0	0	1
6.029	1	1	603	10	1	22	1383	0	0	0
6.029	1	1	603	10	1	22	1383	0	0	1
6.03	1	1	604	1	1	22	1383	0	0	0
6.03	1	1	604	1	1	22	1383	0	0	1
6.031	1	1	604	2	1	22	1383	0	0	0
6.031	1	1	604	2	1	22	1383	0	0	1
6.032	1	1	604	3	1	22	1383	0	0	0
6.032	1	1	604	3	1	22	1383	0	0	1
6.033	1	1	604	4	1	22	1383	0	0	0
6.033	1	1	604	4	1	22	1383	0	0	1
6.034	1	1	604	5	1	22	1383	0	0	0
6.034	1	1	604	5	1	22	1383	0	0	1
6.035	1	1	604	6	1	22	1383	0	0	0
6.035	1	1	604	6	1	22	1383	0	0	1
6.036	1	1	604	7	1	24	1620	0	0	0
6.036	1	1	604	7	1	24	1620	0	0	1
6.037	1	1	604	8	1	24	1620	0	0	0
6.037	1	1	604	8	1	24	1620	0	0	1
6.038	1	1	604	9	1	24	1620	0	0	0
6.038	1	1	604	9	1	24	1620	0	0	1
6.039	1	1	604	10	1	24	1620	0	0	0
6.039	1	1	604	10	1	24	1620	0	0	1
6.04	1	1	605	1	1	24	1620	0	0	0
6.04	1	1	605	1	1	24	1620	0	0	1
6.041	1	1	605	2	1	24	1620	0	0	0
6.041	1	1	605	2	1	24	1620	0	0	1
6.042	1	1	605	3	1	24	1620	0	0	0
6.042	1	1	605	3	1	24	1620	0	0	1
6.043	1	1	605	4	1	24	1620	0	0	0
6.043	1	1	605	4	1	24	1620	0	0	1
6.044	1	1	605	5	1	24	1620	0	0	0
6.044	1	1	605	5	1	24	1620	0	0	1
6.045	1	1	605	6	1	24	1620	0	0	0
6.045	1	1	605	6	1	24	1620	0	0	1
6.047	1	1	605	8	1	24	1620	0	0	0
6.048	1	1	605	9	1	26	1836	0	0	0
6.049	1	1	605	10	1	26	1836	0	0	0
6.05	1	1	606	1	1	26	1836	0	0	0
6.05	1	1	606	1	1	26	1836	0	0	1
6.051	1	1	606	2	1	26	1836	0	0	0
6.051	1	1	606	2	1	26	1836	0	0	1
6.052	1	1	606	3	1	26	1836	0	0	0
6.052	1	1	606	3	1	26	1836	0	0	1
6.053	1	1	606	4	1	26	1836	0	0	0
6.053	1	1	606	4	1	26	1836	0	0	1
6.054	1	1	606	5	1	26	1836	0	0	0
6.054	1	1	606	5	1	26	1836	0	0	1
6.056	1	1	606	7	1	26	1836	0	0	0
6.056	1	1	606	7	1	26	1836	0	0	1
6.057	1	1	606	8	1	26	1836	0	0	0
6.057	1	1	606	8	1	26	1836	0	0	1
6.058	1	1	606	9	1	26	1836	0	0	0
6.058	1	1	606	9	1	26	1836	0	0	1
6.059	1	1	606	10	1	26	1836	0	0	0
6.059	1	1	606	10	1	26	1836	0	0	1
6.06	1	1	607	1	1	26	1836	0	0	0
6.06	1	1	607	1	1	26	1836	0	0	1
6.061	1	1	607	2	1	26	1836	0	0	0
6.061	1	1	607	2	1	26	1836	0	0	1
6.062	1	1	607	3	1	26	1836	0	0	0
6.062	1	1	607	3	1	26	1836	0	0	1
6.063	1	1	607	4	1	26	1836	0	0	0
6.065	1	1	607	6	1	26	1836	0	0	0
6.066	1	1	607	7	1	26	1836	0	0	0
6.066	1	1	607	7	1	26	1836	0	0	1
6.067	1	1	607	8	1	26	1836	0	0	0
6.068	1	1	607	9	1	26	1836	0	0	0
6.068	1	1	607	9	1	26	1836	0	0	1
6.069	1	1	607	10	1	26	1836	0	0	0
6.069	1	1	607	10	1	26	1836	0	0	1
6.07	1	1	608	1	1	26	1836	0	0	0
6.07	1	1	608	1	1	26	1836	0	0	1
6.071	1	1	608	2	1	26	1836	0	0	0
6.071	1	1	608	2	1	26	1836	0	0	1
6.072	1	1	608	3	1	26	1836	0	0	0
6.072	1	1	608	3	1	26	1836	0	0	1
6.073	1	1	608	4	1	26	1836	0	0	0
6.073	1	1	608	4	1	26	1836	0	0	1
6.075	1	1	608	6	1	26	1836	0	0	0
6.075	1	1	608	6	1	26	1836	0	0	1
6.076	1	1	608	7	1	26	1836	0	0	0
6.076	1	1	608	7	1	26	1836	0	0	1
6.077	1	1	608	8	1	26	1836	0	0	0
6.077	1	1	608	8	1	26	1836	0	0	1
6.078	1	1	608	9	1	26	1836	0	0	0
6.078	1	1	608	9	1	26	1836	0	0	1
6.079	1	1	608	10	1	26	1836	0	0	0
6.079	1	1	608	10	1	26	1836	0	0	1
6.08	1	1	609	1	1	26	1836	0	0	0
6.08	1	1	609	1	1	26	1836	0	0	1
6.081	1	1	609	2	1	26	1836	0	0	0
6.082	1	1	609	3	1	26	1836	0	0	0
6.083	1	1	609	4	1	26	1836	0	0	0
6.084	1	1	609	5	1	26	1836	0	0	0
6.084	1	1	609	5	1	26	1836	0	0	1
6.085	1	1	609	6	1	26	1836	0	0	0
6.085	1	1	609	6	1	26	1836	0	0	1
6.086	1	1	609	7	1	26	1836	0	0	0
6.087	1	1	609	8	1	26	1836	0	0	0
6.087	1	1	609	8	1	26	1836	0	0	1
6.088	1	1	609	9	1	26	1836	0	0	0
6.088	1	1	609	9	1	26	1836	0	0	1
6.089	1	1	609	10	1	26	1836	0	0	0
6.089	1	1	609	10	1	26	1836	0	0	1
6.09	1	1	610	1	1	26	1836	0	0	0
6.09	1	1	610	1	1	26	1836	0	0	1
6.091	1	1	610	2	1	26	1836	0	0	0
6.091	1	1	610	2	1	26	1836	0	0	1
6.093	1	1	610	4	1	26	1836	0	0	0
6.093	1	1	610	4	1	26	1836	0	0	1
6.094	1	1	610	5	1	26	1836	0	0	0
6.094	1	1	610	5	1	26	1836	0	0	1
6.095	1	1	610	6	1	26	1836	0	0	0
6.095	1	1	610	6	1	26	1836	0	0	1
6.096	1	1	610	7	1	26	1836	0	0	0
6.097	1	1	610	8	1	26	1836	0	0	0
6.098	1	1	610	9	1	26	1836	0	0	0
6.099	1	1	610	10	1	26	1836	0	0	0
6.099	1	1	610	10	1	26	1836	0	0	1
6.1	1	1	611	1	1	26	1836	0	0	0
6.1	1	1	611	1	1	26	1836	0	0	1
6.101	1	1	611	2	1	26	1836	0	0	0
6.101	1	1	611	2	1	26	1836	0	0	1
6.102	1	1	611	3	1	24	1620	0	0	0
6.102	1	1	611	3	1	24	1620	0	0	1
6.103	1	1	611	4	1	24	1620	0	0	0
6.103	1	1	611	4	1	24	1620	0	0	1
6.104	1	1	611	5	1	24	1620	0	0	0
6.105	1	1	611	6	1	24	1620	0	0	0
6.105	1	1	611	6	1	24	1620	0	0	1
6.106	1	1	611	7	1	24	1620	0	0	0
6.106	1	1	611	7	1	24	1620	0	0	1
6.107	1	1	611	8	1	24	1620	0	0	0
6.107	1	1	611	8	1	24	1620	0	0	1
6.108	1	1	611	9	1	24	1620	0	0	0
6.108	1	1	611	9	1	24	1620	0	0	1
6.109	1	1	611	10	1	24	1620	0	0	0
6.109	1	1	611	10	1	24	1620	0	0	1
6.11	1	1	612	1	1	22	1383	0	0	0
6.11	1	1	612	1	1	22	1383	0	0	1
6.112	1	1	612	3	1	22	1383	0	0	0
6.113	1	1	612	4	1	22	1383	0	0	0
6.114	1	1	612	5	1	22	1383	0	0	0
6.114	1	1	612	5	1	22	1383	0	0	1
6.115	1	1	612	6	1	22	1383	0	0	0
6.115	1	1	612	6	1	22	1383	0	0	1
6.116	1	1	612	7	1	20	1191	0	0	0
6.117	1	1	612	8	1	20	1191	0	0	0
6.117	1	1	612	8	1	20	1191	0	0	1
6.118	1	1	612	9	1	20	1191	0	0	0
6.118	1	1	612	9	1	20	1191	0	0	1
6.119	1	1	612	10	1	20	1191	0	0	0
6.119	1	1	612	10	1	20	1191	0	0	1
6.12	1	1	613	1	1	20	1191	0	0	0
6.12	1	1	613	1	1	20	1191	0	0	1
6.121	1	1	613	2	1	20	1191	0	0	0
6.121	1	1	613	2	1	20	1191	0	0	1
6.122	1	1	613	3	1	20	1191	0	0	0
6.122	1	1	613	3	1	20	1191	0	0	1
6.123	1	1	613	4	1	20	1191	0	0	0
6.123	1	1	613	4	1	20	1191	0	0	1
6.124	1	1	613	5	1	20	1191	0	0	0
6.124	1	1	613	5	1	20	1191	0	0	1
6.125	1	1	613	6	1	20	1191	0	0	0
6.125	1	1	613	6	1	20	1191	0	0	1
6.126	1	1	613	7	1	18	967	0	0	0
6.126	1	1	613	7	1	18	967	0	0	1
6.127	1	1	613	8	1	18	967	0	0	0
6.127	1	1	613	8	1	18	967	0	0	1
6.128	1	1	613	9	1	20	1191	0	0	0
6.128	1	1	613	9	1	20	1191	0	0	1
6.129	1	1	613	10	1	20	1191	0	0	0
6.129	1	1	613	10	1	20	1191	0	0	1
6.13	1	1	614	1	1	20	1191	0	0	0
6.13	1	1	614	1	1	20	1191	0	0	1
6.131	1	1	614	2	1	20	1191	0	0	0
6.131	1	1	614	2	1	20	1191	0	0	1
6.132	1	1	614	3	1	20	1191	0	0	0
6.132	1	1	614	3	1	20	1191	0	0	1
6.133	1	1	614	4	1	20	1191	0	0	0
6.133	1	1	614	4	1	20	1191	0	0	1
6.134	1	1	614	5	1	20	1191	0	0	0
6.134	1	1	614	5	1	20	1191	0	0	1
6.135	1	1	614	6	1	20	1191	0	0	0
6.135	1	1	614	6	1	20	1191	0	0	1
6.136	1	1	614	7	1	20	1191	0	0	0
6.136	1	1	614	7	1	20	1191	0	0	1
6.137	1	1	614	8	1	20	1191	0	0	0
6.137	1	1	614	8	1	20	1191	0	0	1
6.138	1	1	614	9	1	20	1191	0	0	0
6.138	1	1	614	9	1	20	1191	0	0	1
6.14	1	1	615	1	1	22	1383	0	0	0
6.14	1	1	615	1	1	22	1383	0	0	1
6.141	1	1	615	2	1	22	1383	0	0	0
6.141	1	1	615	2	1	22	1383	0	0	1
6.142	1	1	615	3	1	22	1383	0	0	0
6.142	1	1	615	3	1	22	1383	0	0	1
6.143	1	1	615	4	1	22	1383	0	0	0
6.143	1	1	615	4	1	22	1383	0	0	1
6.144	1	1	615	5	1	22	1383	0	0	0
6.144	1	1	615	5	1	22	1383	0	0	1
6.145	1	1	615	6	1	22	1383	0	0	0
6.145	1	1	615	6	1	22	1383	0	0	1
6.146	1	1	615	7	1	22	1383	0	0	0
6.146	1	1	615	7	1	22	1383	0	0	1
6.147	1	1	615	8	1	22	1383	0	0	0
6.147	1	1	615	8	1	22	1383	0	0	1
6.148	1	1	615	9	1	22	1383	0	0	0
6.148	1	1	615	9	1	22	1383	0	0	1
6.149	1	1	615	10	1	22	1383	0	0	0
6.149	1	1	615	10	1	22	1383	0	0	1
6.15	1	1	616	1	1	22	1383	0	0	0
6.15	1	1	616	1	1	22	1383	0	0	1
6.151	1	1	616	2	1	22	1383	0	0	0
6.151	1	1	616	2	1	22	1383	0	0	1
6.152	1	1	616	3	1	24	1620	0	0	0
6.152	1	1	616	3	1	24	1620	0	0	1
6.153	1	1	616	4	1	24	1620	0	0	0
6.153	1	1	616	4	1	24	1620	0	0	1
6.154	1	1	616	5	1	24	1620	0	0	0
6.154	1	1	616	5	1	24	1620	0	0	1
6.155	1	1	616	6	1	24	1620	0	0	0
6.155	1	1	616	6	1	24	1620	0	0	1
6.156	1	1	616	7	1	24	1620	0	0	0
6.156	1	1	616	7	1	24	1620	0	0	1
6.157	1	1	616	8	1	24	1620	0	0	0
6.157	1	1	616	8	1	24	1620	0	0	1
6.159	1	1	616	10	1	24	1620	0	0	0
6.159	1	1	616	10	1	24	1620	0	0	1
6.16	1	1	617	1	1	24	1620	0	0	0
6.16	1	1	617	1	1	24	1620	0	0	1
6.161	1	1	617	2	1	24	1620	0	0	0
6.162	1	1	617	3	1	24	1620	0	0	0
6.163	1	1	617	4	1	24	1620	0	0	0
6.164	1	1	617	5	1	24	1620	0	0	0
6.164	1	1	617	5	1	24	1620	0	0	1
6.165	1	1	617	6	1	24	1620	0	0	0
6.165	1	1	617	6	1	24	1620	0	0	1
6.166	1	1	617	7	1	24	1620	0	0	0
6.166	1	1	617	7	1	24	1620	0	0	1
6.168	1	1	617	9	1	24	1620	0	0	0
6.168	1	1	617	9	1	24	1620	0	0	1
6.169	1	1	617	10	1	24	1620	0	0	0
6.169	1	1	617	10	1	24	1620	0	0	1
6.17	1	1	618	1	1	24	1620	0	0	0
6.17	1	1	618	1	1	24	1620	0	0	1
6.171	1	1	618	2	1	24	1620	0	0	0
6.171	1	1	618	2	1	24	1620	0	0	1
6.172	1	1	618	3	1	24	1620	0	0	0
6.172	1	1	618	3	1	24	1620	0	0	1
6.173	1	1	618	4	1	24	1620	0	0	0
6.173	1	1	618	4	1	24	1620	0	0	1
6.174	1	1	618	5	1	24	1620	0	0	0
6.174	1	1	618	5	1	24	1620	0	0	1
6.175	1	1	618	6	1	24	1620	0	0	0
6.175	1	1	618	6	1	24	1620	0	0	1
6.177	1	1	618	8	1	24	1620	0	0	0
6.178	1	1	618	9	1	24	1620	0	0	0
6.179	1	1	618	10	1	24	1620	0	0	0
6.18	1	1	619	1	1	24	1620	0	0	0
6.18	1	1	619	1	1	24	1620	0	0	1
6.181	1	1	619	2	1	24	1620	0	0	0
6.181	1	1	619	2	1	24	1620	0	0	1
6.182	1	1	619	3	1	24	1620	0	0	0
6.182	1	1	619	3	1	24	1620	0	0	1
6.183	1	1	619	4	1	24	1620	0	0	0
6.183	1	1	619	4	1	24	1620	0	0	1
6.184	1	1	619	5	1	24	1620	0	0	0
6.184	1	1	619	5	1	24	1620	0	0	1
6.185	1	1	619	6	1	24	1620	0	0	0
6.185	1	1	619	6	1	24	1620	0	0	1
6.187	1	1	619	8	1	24	1620	0	0	0
6.187	1	1	619	8	1	24	1620	0	0	1
6.188	1	1	619	9	1	24	1620	0	0	0
6.188	1	1	619	9	1	24	1620	0	0	1
6.189	1	1	619	10	1	24	1620	0	0	0
6.189	1	1	619	10	1	24	1620	0	0	1
6.19	1	1	620	1	1	24	1620	0	0	0
6.19	1	1	620	1	1	24	1620	0	0	1
6.191	1	1	620	2	1	24	1620	0	0	0
6.191	1	1	620	2	1	24	1620	0	0	1
6.192	1	1	620	3	1	24	1620	0	0	0
6.193	1	1	620	4	1	24	1620	0	0	0
6.194	1	1	620	5	1	24	1620	0	0	0
6.195	1	1	620	6	1	24	1620	0	0	0
6.195	1	1	620	6	1	24	1620	0	0	1
6.196	1	1	620	7	1	24	1620	0	0	0
6.196	1	1	620	7	1	24	1620	0	0	1
6.197	1	1	620	8	1	24	1620	0	0	0
6.197	1	1	620	8	1	24	1620	0	0	1
6.198	1	1	620	9	1	24	1620	0	0	0
6.199	1	1	620	10	1	24	1620	0	0	0
6.199	1	1	620	10	1	24	1620	0	0	1
6.2	1	1	621	1	1	24	1620	0	0	0
6.2	1	1	621	1	1	24	1620	0	0	1
6.201	1	1	621	2	1	24	1620	0	0	0
6.201	1	1	621	2	1	24	1620	0	0	1
6.202	1	1	621	3	1	24	1620	0	0	0
6.202	1	1	621	3	1	24	1620	0	0	1
6.203	1	1	621	4	1	24	1620	0	0	0
6.203	1	1	621	4	1	24	1620	0	0	1
6.205	1	1	621	6	1	24	1620	0	0	0
6.205	1	1	621	6	1	24	1620	0	0	1
6.206	1	1	621	7	1	24	1620	0	0	0
6.206	1	1	621	7	1	24	1620	0	0	1
6.207	1	1	621	8	1	24	1620	0	0	0
6.208	1	1	621	9	1	24	1620	0	0	0
6.209	1	1	621	10	1	24	1620	0	0	0
6.209	1	1	621	10	1	24	1620	0	0	1
6.21	1	1	622	1	1	24	1620	0	0	0
6.211	1	1	622	2	1	24	1620	0	0	0
6.211	1	1	622	2	1	24	1620	0	0	1
6.212	1	1	622	3	1	24	1620	0	0	0
6.212	1	1	622	3	1	24	1620	0	0	1
6.213	1	1	622	4	1	24	1620	0	0	0
6.213	1	1	622	4	1	24	1620	0	0	1
6.215	1	1	622	6	1	24	1620	0	0	0
6.215	1	1	622	6	1	24	1620	0	0	1
6.216	1	1	622	7	1	22	1383	0	0	0
6.216	1	1	622	7	1	22	1383	0	0	1
6.217	1	1	622	8	1	22	1383	0	0	0
6.217	1	1	622	8	1	22	1383	0	0	1
6.218	1	1	622	9	1	22	1383	0	0	0
6.218	1	1	622	9	1	22	1383	0	0	1
6.219	1	1	622	10	1	22	1383	0	0	0
6.219	1	1	622	10	1	22	1383	0	0	1
6.22	1	1	623	1	1	22	1383	0	0	0
6.22	1	1	623	1	1	22	1383	0	0	1
6.221	1	1	623	2	1	22	1383	0	0	0
6.221	1	1	623	2	1	22	1383	0	0	1
6.222	1	1	623	3	1	22	1383	0	0	0
6.222	1	1	623	3	1	22	1383	0	0	1
6.224	1	1	623	5	1	22	1383	0	0	0
6.224	1	1	623	5	1	22	1383	0	0	1
6.225	1	1	623	6	1	22	1383	0	0	0
6.225	1	1	623	6	1	22	1383	0	0	1
6.226	1	1	623	7	1	22	1383	0	0	0
6.226	1	1	623	7	1	22	1383	0	0	1
6.227	1	1	623	8	1	22	1383	0	0	0
6.227	1	1	623	8	1	22	1383	0	0	1
6.228	1	1	623	9	1	22	1383	0	0	0
6.228	1	1	623	9	1	22	1383	0	0	1
6.229	1	1	623	10	1	22	1383	0	0	0
6.229	1	1	623	10	1	22	1383	0	0	1
6.23	1	1	624	1	1	22	1383	0	0	0
6.23	1	1	624	1	1	22	1383	0	0	1
6.231	1	1	624	2	1	22	1383	0	0	0
6.231	1	1	624	2	1	22	1383	0	0	1
6.233	1	1	624	4	1	22	1383	0	0	0
6.233	1	1	624	4	1	22	1383	0	0	1
6.234	1	1	624	5	1	22	1383	0	0	0
6.234	1	1	624	5	1	22	1383	0	0	1
6.235	1	1	624	6	1	22	1383	0	0	0
6.235	1	1	624	6	1	22	1383	0	0	1
6.236	1	1	624	7	1	22	1383	0	0	0
6.236	1	1	624	7	1	22	1383	0	0	1
6.237	1	1	624	8	1	22	1383	0	0	0
6.237	1	1	624	8	1	22	1383	0	0	1
6.238	1	1	624	9	1	22	1383	0	0	0
6.238	1	1	624	9	1	22	1383	0	0	1
6.239	1	1	624	10	1	22	1383	0	0	0
6.239	1	1	624	10	1	22	1383	0	0	1
6.24	1	1	625	1	1	22	1383	0	0	0
6.24	1	1	625	1	1	22	1383	0	0	1
6.241	1	1	625	2	1	22	1383	0	0	0
6.241	1	1	625	2	1	22	1383	0	0	1
6.242	1	1	625	3	1	22	1383	0	0	0
6.242	1	1	625	3	1	22	1383	0	0	1
6.243	1	1	625	4	1	22	1383	0	0	0
6.243	1	1	625	4	1	22	1383	0	0	1
6.244	1	1	625	5	1	22	1383	0	0	0
6.244	1	1	625	5	1	22	1383	0	0	1
6.245	1	1	625	6	1	22	1383	0	0	0
6.245	1	1	625	6	1	22	1383	0	0	1
6.246	1	1	625	7	1	22	1383	0	0	0
6.246	1	1	625	7	1	22	1383	0	0	1
6.247	1	1	625	8	1	22	1383	0	0	0
6.247	1	1	625	8	1	22	1383	0	0	1
6.248	1	1	625	9	1	22	1383	0	0	0
6.248	1	1	625	9	1	22	1383	0	0	1
6.249	1	1	625	10	1	22	1383	0	0	0
6.249	1	1	625	10	1	22	1383	0	0	1
6.25	1	1	626	1	1	24	1620	0	0	0
6.25	1	1	626	1	1	24	1620	0	0	1
6.252	1	1	626	3	1	24	1620	0	0	0
6.252	1	1	626	3	1	24	1620	0	0	1
6.253	1	1	626	4	1	24	1620	0	0	0
6.253	1	1	626	4	1	24	1620	0	0	1
6.254	1	1	626	5	1	24	1620	0	0	0
6.254	1	1	626	5	1	24	1620	0	0	1
6.255	1	1	626	6	1	24	1620	0	0	0
6.255	1	1	626	6	1	24	1620	0	0	1
6.256	1	1	626	7	1	24	1620	0	0	0
6.256	1	1	626	7	1	24	1620	0	0	1
6.257	1	1	626	8	1	24	1620	0	0	0
6.257	1	1	626	8	1	24	1620	0	0	1
6.258	1	1	626	9	1	24	1620	0	0	0
6.258	1	1	626	9	1	24	1620	0	0	1
6.259	1	1	626	10	1	24	1620	0	0	0
6.26	1	1	627	1	1	24	1620	0	0	0
6.261	1	1	627	2	1	24	1620	0	0	0
6.262	1	1	627	3	1	24	1620	0	0	0
6.262	1	1	627	3	1	24	1620	0	0	1
6.263	1	1	627	4	1	24	1620	0	0	0
6.264	1	1	627	5	1	24	1620	0	0	0
6.264	1	1	627	5	1	24	1620	0	0	1
6.265	1	1	627	6	1	24	1620	0	0	0
6.265	1	1	627	6	1	24	1620	0	0	1
6.266	1	1	627	7	1	24	1620	0	0	0
6.266	1	1	627	7	1	24	1620	0	0	1
6.267	1	1	627	8	1	24	1620	0	0	0
6.267	1	1	627	8	1	24	1620	0	0	1
6.268	1	1	627	9	1	24	1620	0	0	0
6.268	1	1	627	9	1	24	1620	0	0	1
6.269	1	1	627	10	1	24	1620	0	0	0
6.269	1	1	627	10	1	24	1620	0	0	1
6.271	1	1	628	2	1	24	1620	0	0	0
6.271	1	1	628	2	1	24	1620	0	0	1
6.272	1	1	628	3	1	24	1620	0	0	0
6.272	1	1	628	3	1	24	1620	0	0	1
6.273	1	1	628	4	1	24	1620	0	0	0
6.274	1	1	628	5	1	24	1620	0	0	0
6.275	1	1	628	6	1	24	1620	0	0	0
6.276	1	1	628	7	1	24	1620	0	0	0
6.276	1	1	628	7	1	24	1620	0	0	1
6.277	1	1	628	8	1	24	1620	0	0	0
6.277	1	1	628	8	1	24	1620	0	0	1
6.278	1	1	628	9	1	24	1620	0	0	0
6.278	1	1	628	9	1	24	1620	0	0	1
6.28	1	1	629	1	1	24	1620	0	0	0
6.28	1	1	629	1	1	24	1620	0	0	1
6.281	1	1	629	2	1	24	1620	0	0	0
6.281	1	1	629	2	1	24	1620	0	0	1
6.282	1	1	629	3	1	24	1620	0	0	0
6.282	1	1	629	3	1	24	1620	0	0	1
6.283	1	1	629	4	1	24	1620	0	0	0
6.283	1	1	629	4	1	24	1620	0	0	1
6.284	1	1	629	5	1	22	1383	0	0	0
6.284	1	1	629	5	1	22	1383	0	0	1
6.285	1	1	629	6	1	22	1383	0	0	0
6.285	1	1	629	6	1	22	1383	0	0	1
6.286	1	1	629	7	1	22	1383	0	0	0
6.286	1	1	629	7	1	22	1383	0	0	1
6.287	1	1	629	8	1	22	1383	0	0	0
6.287	1	1	629	8	1	22	1383	0	0	1
6.288	1	1	629	9	1	22	1383	0	0	0
6.289	1	1	629	10	1	22	1383	0	0	0
6.29	1	1	630	1	1	22	1383	0	0	0
6.291	1	1	630	2	1	22	1383	0	0	0
6.291	1	1	630	2	1	22	1383	0	0	1
6.292	1	1	630	3	1	22	1383	0	0	0
6.292	1	1	630	3	1	22	1383	0	0	1
6.293	1	1	630	4	1	22	1383	0	0	0
6.293	1	1	630	4	1	22	1383	0	0	1
6.294	1	1	630	5	1	20	1191	0	0	0
6.294	1	1	630	5	1	20	1191	0	0	1
6.295	1	1	630	6	1	20	1191	0	0	0
6.295	1	1	630	6	1	20	1191	0	0	1
6.296	1	1	630	7	1	20	1191	0	0	0
6.296	1	1	630	7	1	20	1191	0	0	1
6.297	1	1	630	8	1	20	1191	0	0	0
6.297	1	1	630	8	1	20	1191	0	0	1
6.299	1	1	630	10	1	20	1191	0	0	0
6.299	1	1	630	10	1	20	1191	0	0	1
6.3	1	1	631	1	1	18	967	0	0	0
6.3	1	1	631	1	1	18	967	0	0	1
6.301	1	1	631	2	1	18	967	0	0	0
6.301	1	1	631	2	1	18	967	0	0	1
6.302	1	1	631	3	1	18	967	0	0	0
6.302	1	1	631	3	1	18	967	0	0	1
6.303	1	1	631	4	1	18	967	0	0	0
6.303	1	1	631	4	1	18	967	0	0	1
6.304	1	1	631	5	1	18	967	0	0	0
6.304	1	1	631	5	1	18	967	0	0	1
6.305	1	1	631	6	1	18	967	0	0	0
6.305	1	1	631	6	1	18	967	0	0	1
6.306	1	1	631	7	1	18	967	0	0	0
6.306	1	1	631	7	1	18	967	0	0	1
6.307	1	1	631	8	1	18	967	0	0	0
6.307	1	1	631	8	1	18	967	0	0	1
6.308	1	1	631	9	1	18	967	0	0	0
6.308	1	1	631	9	1	18	967	0	0	1
6.309	1	1	631	10	1	18	967	0	0	0
6.309	1	1	631	10	1	18	967	0	0	1
6.31	1	1	632	1	1	18	967	0	0	0
6.31	1	1	632	1	1	18	967	0	0	1
6.311	1	1	632	2	1	18	967	0	0	0
6.311	1	1	632	2	1	18	967	0	0	1
6.312	1	1	632	3	1	18	967	0	0	0
6.312	1	1	632	3	1	18	967	0	0	1
6.313	1	1	632	4	1	18	967	0	0	0
6.313	1	1	632	4	1	18	967	0	0	1
6.314	1	1	632	5	1	18	967	0	0	0
6.314	1	1	632	5	1	18	967	0	0	1
6.315	1	1	632	6	1	18	967	0	0	0
6.315	1	1	632	6	1	18	967	0	0	1
6.316	1	1	632	7	1	18	967	0	0	0
6.316	1	1	632	7	1	18	967	0	0	1
6.317	1	1	632	8	1	18	967	0	0	0
6.317	1	1	632	8	1	18	967	0	0	1
6.318	1	1	632	9	1	16	903	0	0	0
6.318	1	1	632	9	1	16	903	0	0	1
6.319	1	1	632	10	1	16	903	0	0	0
6.319	1	1	632	10	1	16	903	0	0	1
6.32	1	1	633	1	1	18	967	0	0	0
6.32	1	1	633	1	1	18	967	0	0	1
6.321	1	1	633	2	1	18	967	0	0	0
6.321	1	1	633	2	1	18	967	0	0	1
6.322	1	1	633	3	1	18	967	0	0	0
6.322	1	1	633	3	1	18	967	0	0	1
6.323	1	1	633	4	1	18	967	0	0	0
6.323	1	1	633	4	1	18	967	0	0	1
6.324	1	1	633	5	1	18	967	0	0	0
6.324	1	1	633	5	1	18	967	0	0	1
6.325	1	1	633	6	1	18	967	0	0	0
6.325	1	1	633	6	1	18	967	0	0	1
6.326	1	1	633	7	1	18	967	0	0	0
6.326	1	1	633	7	1	18	967	0	0	1
6.327	1	1	633	8	1	18	967	0	0	0
6.327	1	1	633	8	1	18	967	0	0	1
6.328	1	1	633	9	1	20	1191	0	0	0
6.328	1	1	633	9	1	20	1191	0	0	1
6.329	1	1	633	10	1	20	1191	0	0	0
6.329	1	1	633	10	1	20	1191	0	0	1
6.33	1	1	634	1	1	20	1191	0	0	0
6.33	1	1	634	1	1	20	1191	0	0	1
6.331	1	1	634	2	1	20	1191	0	0	0
6.331	1	1	634	2	1	20	1191	0	0	1
6.332	1	1	634	3	1	22	1383	0	0	0
6.332	1	1	634	3	1	22	1383	0	0	1
6.333	1	1	634	4	1	22	1383	0	0	0
6.333	1	1	634	4	1	22	1383	0	0	1
6.334	1	1	634	5	1	22	1383	0	0	0
6.334	1	1	634	5	1	22	1383	0	0	1
6.336	1	1	634	7	1	22	1383	0	0	0
6.336	1	1	634	7	1	22	1383	0	0	1
6.337	1	1	634	8	1	22	1383	0	0	0
6.337	1	1	634	8	1	22	1383	0	0	1
6.338	1	1	634	9	1	24	1620	0	0	0
6.338	1	1	634	9	1	24	1620	0	0	1
6.339	1	1	634	10	1	24	1620	0	0	0
6.339	1	1	634	10	1	24	1620	0	0	1
6.34	1	1	635	1	1	24	1620	0	0	0
6.34	1	1	635	1	1	24	1620	0	0	1
6.341	1	1	635	2	1	24	1620	0	0	0
6.341	1	1	635	2	1	24	1620	0	0	1
6.342	1	1	635	3	1	24	1620	0	0	0
6.342	1	1	635	3	1	24	1620	0	0	1
6.343	1	1	635	4	1	24	1620	0	0	0
6.343	1	1	635	4	1	24	1620	0	0	1
6.345	1	1	635	6	1	26	1836	0	0	0
6.345	1	1	635	6	1	26	1836	0	0	1
6.346	1	1	635	7	1	26	1836	0	0	0
6.346	1	1	635	7	1	26	1836	0	0	1
6.347	1	1	635	8	1	26	1836	0	0	0
6.347	1	1	635	8	1	26	1836	0	0	1
6.348	1	1	635	9	1	26	1836	0	0	0
6.349	1	1	635	10	1	26	1836	0	0	0
6.35	1	1	636	1	1	26	1836	0	0	0
6.351	1	1	636	2	1	26	1836	0	0	0
6.351	1	1	636	2	1	26	1836	0	0	1
6.352	1	1	636	3	1	26	1836	0	0	0
6.352	1	1	636	3	1	26	1836	0	0	1
6.353	1	1	636	4	1	26	1836	0	0	0
6.353	1	1	636	4	1	26	1836	0	0	1
6.354	1	1	636	5	1	26	1836	0	0	0
6.354	1	1	636	5	1	26	1836	0	0	1
6.355	1	1	636	6	1	26	1836	0	0	0
6.355	1	1	636	6	1	26	1836	0	0	1
6.356	1	1	636	7	1	26	1836	0	0	0
6.357	1	1	636	8	1	26	1836	0	0	0
6.357	1	1	636	8	1	26	1836	0	0	1
6.358	1	1	636	9	1	26	1836	0	0	0
6.358	1	1	636	9	1	26	1836	0	0	1
6.359	1	1	636	10	1	26	1836	0	0	0
6.359	1	1	636	10	1	26	1836	0	0	1
6.36	1	1	637	1	1	26	1836	0	0	0
6.36	1	1	637	1	1	26	1836	0	0	1
6.361	1	1	637	2	1	26	1836	0	0	0
6.361	1	1	637	2	1	26	1836	0	0	1
6.362	1	1	637	3	1	26	1836	0	0	0
6.363	1	1	637	4	1	26	1836	0	0	1
6.364	1	1	637	5	1	26	1836	0	0	0
6.365	1	1	637	6	1	26	1836	0	0	0
6.366	1	1	637	7	1	26	1836	0	0	0
6.366	1	1	637	7	1	26	1836	0	0	1
6.367	1	1	637	8	1	26	1836	0	0	0
6.367	1	1	637	8	1	26	1836	0	0	1
6.368	1	1	637	9	1	26	1836	0	0	0
6.369	1	1	637	10	1	26	1836	0	0	0
6.369	1	1	637	10	1	26	1836	0	0	1
6.37	1	1	638	1	1	26	1836	0	0	0
6.37	1	1	638	1	1	26	1836	0	0	1
6.371	1	1	638	2	1	26	1836	0	0	0
6.371	1	1	638	2	1	26	1836	0	0	1
6.373	1	1	638	4	1	28	2196	0	0	0
6.373	1	1	638	4	1	28	2196	0	0	1
6.374	1	1	638	5	1	28	2196	0	0	0
6.374	1	1	638	5	1	28	2196	0	0	1
6.375	1	1	638	6	1	28	2196	0	0	0
6.375	1	1	638	6	1	28	2196	0	0	1
6.376	1	1	638	7	1	28	2196	0	0	0
6.376	1	1	638	7	1	28	2196	0	0	1
6.377	1	1	638	8	1	28	2196	0	0	0
6.377	1	1	638	8	1	28	2196	0	0	1
6.378	1	1	638	9	1	28	2196	0	0	0
6.378	1	1	638	9	1	28	2196	0	0	1
6.379	1	1	638	10	1	28	2196	0	0	0
6.38	1	1	639	1	1	28	2196	0	0	0
6.381	1	1	639	2	1	28	2196	0	0	0
6.382	1	1	639	3	1	28	2196	0	0	0
6.382	1	1	639	3	1	28	2196	0	0	1
6.383	1	1	639	4	1	28	2196	0	0	0
6.383	1	1	639	4	1	28	2196	0	0	1
6.384	1	1	639	5	1	28	2196	0	0	0
6.385	1	1	639	6	1	28	2196	0	0	0
6.385	1	1	639	6	1	28	2196	0	0	1
6.386	1	1	639	7	1	28	2196	0	0	0
6.386	1	1	639	7	1	28	2196	0	0	1
6.387	1	1	639	8	1	28	2196	0	0	0
6.387	1	1	639	8	1	28	2196	0	0	1
6.388	1	1	639	9	1	28	2196	0	0	0
6.388	1	1	639	9	1	28	2196	0	0	1
6.389	1	1	639	10	1	28	2196	0	0	0
6.389	1	1	639	10	1	28	2196	0	0	1
6.39	1	1	640	1	1	28	2196	0	0	0
6.39	1	1	640	1	1	28	2196	0	0	1
6.392	1	1	640	3	1	26	1836	0	0	0
6.392	1	1	640	3	1	26	1836	0	0	1
6.393	1	1	640	4	1	26	1836	0	0	0
6.393	1	1	640	4	1	26	1836	0	0	1
6.394	1	1	640	5	1	26	1836	0	0	0
6.395	1	1	640	6	1	26	1836	0	0	0
6.396	1	1	640	7	1	26	1836	0	0	0
6.397	1	1	640	8	1	26	1836	0	0	0
6.397	1	1	640	8	1	26	1836	0	0	1
6.398	1	1	640	9	1	26	1836	0	0	0
6.398	1	1	640	9	1	26	1836	0	0	1
6.399	1	1	640	10	1	26	1836	0	0	0
6.399	1	1	640	10	1	26	1836	0	0	1
6.401	1	1	641	2	1	26	1836	0	0	0
6.401	1	1	641	2	1	26	1836	0	0	1
6.402	1	1	641	3	1	26	1836	0	0	0
6.402	1	1	641	3	1	26	1836	0	0	1
6.403	1	1	641	4	1	26	1836	0	0	0
6.403	1	1	641	4	1	26	1836	0	0	1
6.404	1	1	641	5	1	26	1836	0	0	0
6.404	1	1	641	5	1	26	1836	0	0	1
6.405	1	1	641	6	1	26	1836	0	0	0
6.405	1	1	641	6	1	26	1836	0	0	1
6.406	1	1	641	7	1	26	1836	0	0	0
6.406	1	1	641	7	1	26	1836	0	0	1
6.407	1	1	641	8	1	26	1836	0	0	0
6.407	1	1	641	8	1	26	1836	0	0	1
6.408	1	1	641	9	1	26	1836	0	0	0
6.408	1	1	641	9	1	26	1836	0	0	1
6.409	1	1	641	10	1	26	1836	0	0	0
6.411	1	1	642	2	1	26	1836	0	0	0
6.412	1	1	642	3	1	26	1836	0	0	0
6.413	1	1	642	4	1	26	1836	0	0	0
6.413	1	1	642	4	1	26	1836	0	0	1
6.414	1	1	642	5	1	26	1836	0	0	0
6.414	1	1	642	5	1	26	1836	0	0	1
6.415	1	1	642	6	1	26	1836	0	0	0
6.415	1	1	642	6	1	26	1836	0	0	1
6.416	1	1	642	7	1	24	1620	0	0	0
6.416	1	1	642	7	1	24	1620	0	0	1
6.417	1	1	642	8	1	24	1620	0	0	0
6.417	1	1	642	8	1	24	1620	0	0	1
6.418	1	1	642	9	1	24	1620	0	0	0
6.418	1	1	642	9	1	24	1620	0	0	1
6.42	1	1	643	1	1	24	1620	0	0	0
6.42	1	1	643	1	1	24	1620	0	0	1
6.421	1	1	643	2	1	24	1620	0	0	0
6.421	1	1	643	2	1	24	1620	0	0	1
6.422	1	1	643	3	1	24	1620	0	0	0
6.422	1	1	643	3	1	24	1620	0	0	1
6.423	1	1	643	4	1	24	1620	0	0	0
6.423	1	1	643	4	1	24	1620	0	0	1
6.424	1	1	643	5	1	24	1620	0	0	0
6.424	1	1	643	5	1	24	1620	0	0	1
6.425	1	1	643	6	1	24	1620	0	0	0
6.425	1	1	643	6	1	24	1620	0	0	1
6.426	1	1	643	7	1	24	1620	0	0	0
6.427	1	1	643	8	1	24	1620	0	0	0
6.429	1	1	643	10	1	24	1620	0	0	0
6.429	1	1	643	10	1	24	1620	0	0	1
6.43	1	1	644	1	1	24	1620	0	0	0
6.43	1	1	644	1	1	24	1620	0	0	1
6.431	1	1	644	2	1	24	1620	0	0	0
6.432	1	1	644	3	1	24	1620	0	0	0
6.432	1	1	644	3	1	24	1620	0	0	1
6.433	1	1	644	4	1	24	1620	0	0	0
6.433	1	1	644	4	1	24	1620	0	0	1
6.434	1	1	644	5	1	24	1620	0	0	0
6.434	1	1	644	5	1	24	1620	0	0	1
6.435	1	1	644	6	1	24	1620	0	0	0
6.435	1	1	644	6	1	24	1620	0	0	1
6.436	1	1	644	7	1	24	1620	0	0	0
6.436	1	1	644	7	1	24	1620	0	0	1
6.437	1	1	644	8	1	24	1620	0	0	0
6.437	1	1	644	8	1	24	1620	0	0	1
6.439	1	1	644	10	1	24	1620	0	0	0
6.439	1	1	644	10	1	24	1620	0	0	1
6.44	1	1	645	1	1	24	1620	0	0	0
6.44	1	1	645	1	1	24	1620	0	0	1
6.441	1	1	645	2	1	24	1620	0	0	0
6.441	1	1	645	2	1	24	1620	0	0	1
6.442	1	1	645	3	1	24	1620	0	0	0
6.442	1	1	645	3	1	24	1620	0	0	1
6.443	1	1	645	4	1	24	1620	0	0	0
6.444	1	1	645	5	1	22	1383	0	0	0
6.445	1	1	645	6	1	22	1383	0	0	0
6.446	1	1	645	7	1	22	1383	0	0	0
6.446	1	1	645	7	1	22	1383	0	0	1
6.447	1	1	645	8	1	22	1383	0	0	0
6.447	1	1	645	8	1	22	1383	0	0	1
6.448	1	1	645	9	1	22	1383	0	0	0
6.448	1	1	645	9	1	22	1383	0	0	1
6.449	1	1	645	10	1	22	1383	0	0	0
6.449	1	1	645	10	1	22	1383	0	0	1
6.45	1	1	646	1	1	22	1383	0	0	0
6.451	1	1	646	2	1	22	1383	0	0	0
6.451	1	1	646	2	1	22	1383	0	0	1
6.452	1	1	646	3	1	22	1383	0	0	0
6.452	1	1	646	3	1	22	1383	0	0	1
6.453	1	1	646	4	1	22	1383	0	0	0
6.453	1	1	646	4	1	22	1383	0	0	1
6.454	1	1	646	5	1	22	1383	0	0	0
6.454	1	1	646	5	1	22	1383	0	0	1
6.455	1	1	646	6	1	22	1383	0	0	0
6.455	1	1	646	6	1	22	1383	0	0	1
6.457	1	1	646	8	1	22	1383	0	0	0
6.457	1	1	646	8	1	22	1383	0	0	1
6.458	1	1	646	9	1	22	1383	0	0	0
6.458	1	1	646	9	1	22	1383	0	0	1
6.459	1	1	646	10	1	22	1383	0	0	0
6.459	1	1	646	10	1	22	1383	0	0	1
6.46	1	1	647	1	1	22	1383	0	0	0
6.46	1	1	647	1	1	22	1383	0	0	1
6.461	1	1	647	2	1	22	1383	0	0	0
6.461	1	1	647	2	1	22	1383	0	0	1
6.462	1	1	647	3	1	22	1383	0	0	0
6.462	1	1	647	3	1	22	1383	0	0	1
6.463	1	1	647	4	1	22	1383	0	0	0
6.463	1	1	647	4	1	22	1383	0	0	1
6.464	1	1	647	5	1	22	1383	0	0	0
6.464	1	1	647	5	1	22	1383	0	0	1
6.465	1	1	647	6	1	22	1383	0	0	0
6.465	1	1	647	6	1	22	1383	0	0	1
6.466	1	1	647	7	1	22	1383	0	0	0
6.466	1	1	647	7	1	22	1383	0	0	1
6.467	1	1	647	8	1	22	1383	0	0	0
6.467	1	1	647	8	1	22	1383	0	0	1
6.468	1	1	647	9	1	22	1383	0	0	0
6.468	1	1	647	9	1	22	1383	0	0	1
6.469	1	1	647	10	1	22	1383	0	0	0
6.469	1	1	647	10	1	22	1383	0	0	1
6.47	1	1	648	1	1	22	1383	0	0	0
6.47	1	1	648	1	1	22	1383	0	0	1
6.471	1	1	648	2	1	22	1383	0	0	0
6.471	1	1	648	2	1	22	1383	0	0	1
6.472	1	1	648	3	1	22	1383	0	0	0
6.472	1	1	648	3	1	22	1383	0	0	1
6.473	1	1	648	4	1	22	1383	0	0	0
6.473	1	1	648	4	1	22	1383	0	0	1
6.474	1	1	648	5	1	22	1383	0	0	0
6.474	1	1	648	5	1	22	1383	0	0	1
6.476	1	1	648	7	1	24	1620	0	0	0
6.476	1	1	648	7	1	24	1620	0	0	1
6.477	1	1	648	8	1	24	1620	0	0	0
6.477	1	1	648	8	1	24	1620	0	0	1
6.478	1	1	648	9	1	24	1620	0	0	0
6.478	1	1	648	9	1	24	1620	0	0	1
6.479	1	1	648	10	1	24	1620	0	0	0
6.479	1	1	648	10	1	24	1620	0	0	1
6.48	1	1	649	1	1	22	1383	0	0	0
6.48	1	1	649	1	1	22	1383	0	0	1
6.481	1	1	649	2	1	22	1383	0	0	0
6.481	1	1	649	2	1	22	1383	0	0	1
6.482	1	1	649	3	1	22	1383	0	0	0
6.482	1	1	649	3	1	22	1383	0	0	1
6.483	1	1	649	4	1	22	1383	0	0	0
6.483	1	1	649	4	1	22	1383	0	0	1
6.485	1	1	649	6	1	22	1383	0	0	0
6.485	1	1	649	6	1	22	1383	0	0	1
6.486	1	1	649	7	1	22	1383	0	0	0
6.486	1	1	649	7	1	22	1383	0	0	1
6.487	1	1	649	8	1	22	1383	0	0	0
6.487	1	1	649	8	1	22	1383	0	0	1
6.488	1	1	649	9	1	22	1383	0	0	0
6.488	1	1	649	9	1	22	1383	0	0	1
6.489	1	1	649	10	1	22	1383	0	0	0
6.489	1	1	649	10	1	22	1383	0	0	1
6.49	1	1	650	1	1	22	1383	0	0	0
6.49	1	1	650	1	1	22	1383	0	0	1
6.491	1	1	650	2	1	22	1383	0	0	0
6.491	1	1	650	2	1	22	1383	0	0	1
6.492	1	1	650	3	1	22	1383	0	0	0
6.492	1	1	650	3	1	22	1383	0	0	1
6.493	1	1	650	4	1	22	1383	0	0	0
6.493	1	1	650	4	1	22	1383	0	0	1
6.494	1	1	650	5	1	22	1383	0	0	0
6.494	1	1	650	5	1	22	1383	0	0	1
6.495	1	1	650	6	1	22	1383	0	0	0
6.495	1	1	650	6	1	22	1383	0	0	1
6.496	1	1	650	7	1	22	1383	0	0	0
6.496	1	1	650	7	1	22	1383	0	0	1
6.497	1	1	650	8	1	22	1383	0	0	0
6.497	1	1	650	8	1	22	1383	0	0	1
6.498	1	1	650	9	1	22	1383	0	0	0
6.498	1	1	650	9	1	22	1383	0	0	1
6.499	1	1	650	10	1	22	1383	0	0	0
6.499	1	1	650	10	1	22	1383	0	0	1
6.5	1	1	651	1	1	22	1383	0	0	0
6.5	1	1	651	1	1	22	1383	0	0	1
6.501	1	1	651	2	1	22	1383	0	0	0
6.501	1	1	651	2	1	22	1383	0	0	1
6.502	1	1	651	3	1	20	1191	0	0	0
6.502	1	1	651	3	1	20	1191	0	0	1
6.504	1	1	651	5	1	20	1191	0	0	0
6.504	1	1	651	5	1	20	1191	0	0	1
6.505	1	1	651	6	1	20	1191	0	0	0
6.505	1	1	651	6	1	20	1191	0	0	1
6.506	1	1	651	7	1	26	1836	0	0	0
6.506	1	1	651	7	1	26	1836	0	0	1
6.507	1	1	651	8	1	26	1836	0	0	0
6.507	1	1	651	8	1	26	1836	0	0	1
6.508	1	1	651	9	1	26	1836	0	0	0
6.508	1	1	651	9	1	26	1836	0	0	1
6.509	1	1	651	10	1	26	1836	0	0	0
6.509	1	1	651	10	1	26	1836	0	0	1
6.51	1	1	652	1	1	26	1836	0	0	0
6.51	1	1	652	1	1	26	1836	0	0	1
6.511	1	1	652	2	1	26	1836	0	0	0
6.511	1	1	652	2	1	26	1836	0	0	1
6.513	1	1	652	4	1	26	1836	0	0	0
6.513	1	1	652	4	1	26	1836	0	0	1
6.514	1	1	652	5	1	26	1836	0	0	0
6.514	1	1	652	5	1	26	1836	0	0	1
6.515	1	1	652	6	1	26	1836	0	0	0
6.515	1	1	652	6	1	26	1836	0	0	1
6.516	1	1	652	7	1	26	1836	0	0	0
6.516	1	1	652	7	1	26	1836	0	0	1
6.517	1	1	652	8	1	26	1836	0	0	0
6.518	1	1	652	9	1	26	1836	0	0	0
6.518	1	1	652	9	1	26	1836	0	0	1
6.519	1	1	652	10	1	26	1836	0	0	0
6.519	1	1	652	10	1	26	1836	0	0	1
6.52	1	1	653	1	1	26	1836	0	0	0
6.521	1	1	653	2	1	26	1836	0	0	0
6.522	1	1	653	3	1	26	1836	0	0	1
6.523	1	1	653	4	1	26	1836	0	0	0
6.523	1	1	653	4	1	26	1836	0	0	1
6.524	1	1	653	5	1	26	1836	0	0	0
6.525	1	1	653	6	1	26	1836	0	0	0
6.525	1	1	653	6	1	26	1836	0	0	1
6.526	1	1	653	7	1	26	1836	0	0	0
6.526	1	1	653	7	1	26	1836	0	0	1
6.527	1	1	653	8	1	26	1836	0	0	0
6.527	1	1	653	8	1	26	1836	0	0	1
6.528	1	1	653	9	1	26	1836	0	0	0
6.528	1	1	653	9	1	26	1836	0	0	1
6.529	1	1	653	10	1	26	1836	0	0	0
6.53	1	1	654	1	1	26	1836	0	0	0
6.53	1	1	654	1	1	26	1836	0	0	1
6.532	1	1	654	3	1	26	1836	0	0	0
6.532	1	1	654	3	1	26	1836	0	0	1
6.533	1	1	654	4	1	26	1836	0	0	0
6.533	1	1	654	4	1	26	1836	0	0	1
6.534	1	1	654	5	1	26	1836	0	0	0
6.534	1	1	654	5	1	26	1836	0	0	1
6.535	1	1	654	6	1	26	1836	0	0	0
6.535	1	1	654	6	1	26	1836	0	0	1
6.536	1	1	654	7	1	26	1836	0	0	0
6.537	1	1	654	8	1	26	1836	0	0	0
6.538	1	1	654	9	1	26	1836	0	0	0
6.538	1	1	654	9	1	26	1836	0	0	1
6.539	1	1	654	10	1	26	1836	0	0	0
6.539	1	1	654	10	1	26	1836	0	0	1
6.54	1	1	655	1	1	26	1836	0	0	0
6.54	1	1	655	1	1	26	1836	0	0	1
6.541	1	1	655	2	1	26	1836	0	0	0
6.542	1	1	655	3	1	26	1836	0	0	0
6.542	1	1	655	3	1	26	1836	0	0	1
6.543	1	1	655	4	1	26	1836	0	0	0
6.544	1	1	655	5	1	26	1836	0	0	0
6.544	1	1	655	5	1	26	1836	0	0	1
6.545	1	1	655	6	1	26	1836	0	0	0
6.545	1	1	655	6	1	26	1836	0	0	1
6.546	1	1	655	7	1	26	1836	0	0	0
6.546	1	1	655	7	1	26	1836	0	0	1
6.547	1	1	655	8	1	26	1836	0	0	0
6.547	1	1	655	8	1	26	1836	0	0	1
6.548	1	1	655	9	1	26	1836	0	0	0
6.548	1	1	655	9	1	26	1836	0	0	1
6.549	1	1	655	10	1	26	1836	0	0	0
6.549	1	1	655	10	1	26	1836	0	0	1
6.551	1	1	656	2	1	26	1836	0	0	0
6.552	1	1	656	3	1	26	1836	0	0	0
6.552	1	1	656	3	1	26	1836	0	0	1
6.553	1	1	656	4	1	26	1836	0	0	0
6.554	1	1	656	5	1	26	1836	0	0	0
6.554	1	1	656	5	1	26	1836	0	0	1
6.555	1	1	656	6	1	26	1836	0	0	0
6.556	1	1	656	7	1	26	1836	0	0	0
6.556	1	1	656	7	1	26	1836	0	0	1
6.557	1	1	656	8	1	26	1836	0	0	0
6.557	1	1	656	8	1	26	1836	0	0	1
6.558	1	1	656	9	1	26	1836	0	0	0
6.558	1	1	656	9	1	26	1836	0	0	1
6.56	1	1	657	1	1	26	1836	0	0	0
6.56	1	1	657	1	1	26	1836	0	0	1
6.561	1	1	657	2	1	26	1836	0	0	0
6.561	1	1	657	2	1	26	1836	0	0	1
6.562	1	1	657	3	1	26	1836	0	0	0
6.562	1	1	657	3	1	26	1836	0	0	1
6.563	1	1	657	4	1	26	1836	0	0	0
6.563	1	1	657	4	1	26	1836	0	0	1
6.564	1	1	657	5	1	26	1836	0	0	0
6.564	1	1	657	5	1	26	1836	0	0	1
6.565	1	1	657	6	1	26	1836	0	0	0
6.565	1	1	657	6	1	26	1836	0	0	1
6.566	1	1	657	7	1	26	1836	0	0	0
6.566	1	1	657	7	1	26	1836	0	0	1
6.567	1	1	657	8	1	26	1836	0	0	0
6.569	1	1	657	10	1	24	1620	0	0	0
6.57	1	1	658	1	1	24	1620	0	0	0
6.57	1	1	658	1	1	24	1620	0	0	1
6.571	1	1	658	2	1	24	1620	0	0	0
6.572	1	1	658	3	1	24	1620	0	0	0
6.572	1	1	658	3	1	24	1620	0	0	1
6.573	1	1	658	4	1	24	1620	0	0	0
6.573	1	1	658	4	1	24	1620	0	0	1
6.574	1	1	658	5	1	24	1620	0	0	0
6.574	1	1	658	5	1	24	1620	0	0	1
6.575	1	1	658	6	1	24	1620	0	0	0
6.575	1	1	658	6	1	24	1620	0	0	1
6.576	1	1	658	7	1	24	1620	0	0	0
6.576	1	1	658	7	1	24	1620	0	0	1
6.577	1	1	658	8	1	24	1620	0	0	0
6.577	1	1	658	8	1	24	1620	0	0	1
6.579	1	1	658	10	1	24	1620	0	0	0
6.579	1	1	658	10	1	24	1620	0	0	1
6.58	1	1	659	1	1	24	1620	0	0	0
6.58	1	1	659	1	1	24	1620	0	0	1
6.581	1	1	659	2	1	24	1620	0	0	0
6.581	1	1	659	2	1	24	1620	0	0	1
6.582	1	1	659	3	1	24	1620	0	0	0
6.582	1	1	659	3	1	24	1620	0	0	1
6.583	1	1	659	4	1	24	1620	0	0	0
6.583	1	1	659	4	1	24	1620	0	0	1
6.584	1	1	659	5	1	24	1620	0	0	0
6.585	1	1	659	6	1	24	1620	0	0	0
6.586	1	1	659	7	1	24	1620	0	0	0
6.587	1	1	659	8	1	24	1620	0	0	0
6.587	1	1	659	8	1	24	1620	0	0	1
6.588	1	1	659	9	1	24	1620	0	0	0
6.588	1	1	659	9	1	24	1620	0	0	1
6.589	1	1	659	10	1	24	1620	0	0	0
6.589	1	1	659	10	1	24	1620	0	0	1
6.59	1	1	660	1	1	24	1620	0	0	0
6.591	1	1	660	2	1	24	1620	0	0	0
6.591	1	1	660	2	1	24	1620	0	0	1
6.592	1	1	660	3	1	24	1620	0	0	0
6.592	1	1	660	3	1	24	1620	0	0	1
6.593	1	1	660	4	1	24	1620	0	0	0
6.593	1	1	660	4	1	24	1620	0	0	1
6.594	1	1	660	5	1	24	1620	0	0	0
6.594	1	1	660	5	1	24	1620	0	0	1
6.595	1	1	660	6	1	24	1620	0	0	0
6.595	1	1	660	6	1	24	1620	0	0	1
6.597	1	1	660	8	1	24	1620	0	0	0
6.597	1	1	660	8	1	24	1620	0	0	1
6.598	1	1	660	9	1	24	1620	0	0	0
6.598	1	1	660	9	1	24	1620	0	0	1
6.599	1	1	660	10	1	24	1620	0	0	0
6.599	1	1	660	10	1	24	1620	0	0	1
6.6	1	1	661	1	1	24	1620	0	0	0
6.601	1	1	661	2	1	24	1620	0	0	0
6.602	1	1	661	3	1	24	1620	0	0	0
6.603	1	1	661	4	1	24	1620	0	0	0
6.603	1	1	661	4	1	24	1620	0	0	1
6.604	1	1	661	5	1	24	1620	0	0	0
6.604	1	1	661	5	1	24	1620	0	0	1
6.605	1	1	661	6	1	24	1620	0	0	0
6.605	1	1	661	6	1	24	1620	0	0	1
6.606	1	1	661	7	1	24	1620	0	0	0
6.606	1	1	661	7	1	24	1620	0	0	1
6.607	1	1	661	8	1	24	1620	0	0	0
6.607	1	1	661	8	1	24	1620	0	0	1
6.608	1	1	661	9	1	24	1620	0	0	0
6.609	1	1	661	10	1	24	1620	0	0	0
6.609	1	1	661	10	1	24	1620	0	0	1
6.61	1	1	662	1	1	24	1620	0	0	0
6.61	1	1	662	1	1	24	1620	0	0	1
6.611	1	1	662	2	1	24	1620	0	0	0
6.611	1	1	662	2	1	24	1620	0	0	1
6.612	1	1	662	3	1	24	1620	0	0	0
6.612	1	1	662	3	1	24	1620	0	0	1
6.613	1	1	662	4	1	24	1620	0	0	0
6.613	1	1	662	4	1	24	1620	0	0	1
6.614	1	1	662	5	1	24	1620	0	0	0
6.614	1	1	662	5	1	24	1620	0	0	1
6.616	1	1	662	7	1	24	1620	0	0	0
6.617	1	1	662	8	1	24	1620	0	0	0
6.618	1	1	662	9	1	24	1620	0	0	0
6.618	1	1	662	9	1	24	1620	0	0	1
6.619	1	1	662	10	1	24	1620	0	0	0
6.619	1	1	662	10	1	24	1620	0	0	1
6.62	1	1	663	1	1	24	1620	0	0	0
6.621	1	1	663	2	1	24	1620	0	0	0
6.621	1	1	663	2	1	24	1620	0	0	1
6.622	1	1	663	3	1	24	1620	0	0	0
6.622	1	1	663	3	1	24	1620	0	0	1
6.623	1	1	663	4	1	24	1620	0	0	0
6.623	1	1	663	4	1	24	1620	0	0	1
6.625	1	1	663	6	1	24	1620	0	0	0
6.625	1	1	663	6	1	24	1620	0	0	1
6.626	1	1	663	7	1	24	1620	0	0	0
6.626	1	1	663	7	1	24	1620	0	0	1
6.627	1	1	663	8	1	24	1620	0	0	0
6.627	1	1	663	8	1	24	1620	0	0	1
6.628	1	1	663	9	1	24	1620	0	0	0
6.628	1	1	663	9	1	24	1620	0	0	1
6.629	1	1	663	10	1	24	1620	0	0	0
6.629	1	1	663	10	1	24	1620	0	0	1
6.63	1	1	664	1	1	24	1620	0	0	0
6.63	1	1	664	1	1	24	1620	0	0	1
6.631	1	1	664	2	1	24	1620	0	0	0
6.631	1	1	664	2	1	24	1620	0	0	1
6.632	1	1	664	3	1	24	1620	0	0	0
6.633	1	1	664	4	1	24	1620	0	0	0
6.634	1	1	664	5	1	26	1836	0	0	0
6.635	1	1	664	6	1	26	1836	0	0	0
6.635	1	1	664	6	1	26	1836	0	0	1
6.636	1	1	664	7	1	26	1836	0	0	0
6.637	1	1	664	8	1	26	1836	0	0	0
6.637	1	1	664	8	1	26	1836	0	0	1
6.638	1	1	664	9	1	26	1836	0	0	0
6.638	1	1	664	9	1	26	1836	0	0	1
6.639	1	1	664	10	1	26	1836	0	0	0
6.639	1	1	664	10	1	26	1836	0	0	1
6.64	1	1	665	1	1	26	1836	0	0	0
6.64	1	1	665	1	1	26	1836	0	0	1
6.641	1	1	665	2	1	26	1836	0	0	0
6.641	1	1	665	2	1	26	1836	0	0	1
6.642	1	1	665	3	1	26	1836	0	0	0
6.642	1	1	665	3	1	26	1836	0	0	1
6.644	1	1	665	5	1	26	1836	0	0	0
6.644	1	1	665	5	1	26	1836	0	0	1
6.645	1	1	665	6	1	26	1836	0	0	0
6.645	1	1	665	6	1	26	1836	0	0	1
6.646	1	1	665	7	1	26	1836	0	0	0
6.646	1	1	665	7	1	26	1836	0	0	1
6.647	1	1	665	8	1	26	1836	0	0	0
6.647	1	1	665	8	1	26	1836	0	0	1
6.648	1	1	665	9	1	26	1836	0	0	0
6.649	1	1	665	10	1	26	1836	0	0	0
6.65	1	1	666	1	1	26	1836	0	0	0
6.651	1	1	666	2	1	26	1836	0	0	0
6.651	1	1	666	2	1	26	1836	0	0	1
6.652	1	1	666	3	1	26	1836	0	0	0
6.652	1	1	666	3	1	26	1836	0	0	1
6.653	1	1	666	4	1	26	1836	0	0	0
6.653	1	1	666	4	1	26	1836	0	0	1
6.654	1	1	666	5	1	26	1836	0	0	0
6.654	1	1	666	5	1	26	1836	0	0	1
6.655	1	1	666	6	1	26	1836	0	0	0
6.656	1	1	666	7	1	26	1836	0	0	0
6.656	1	1	666	7	1	26	1836	0	0	1
6.657	1	1	666	8	1	26	1836	0	0	0
6.657	1	1	666	8	1	26	1836	0	0	1
6.658	1	1	666	9	1	26	1836	0	0	0
6.658	1	1	666	9	1	26	1836	0	0	1
6.659	1	1	666	10	1	26	1836	0	0	0
6.659	1	1	666	10	1	26	1836	0	0	1
6.66	1	1	667	1	1	26	1836	0	0	0
6.66	1	1	667	1	1	26	1836	0	0	1
6.661	1	1	667	2	1	26	1836	0	0	0
6.661	1	1	667	2	1	26	1836	0	0	1
6.663	1	1	667	4	1	26	1836	0	0	0
6.663	1	1	667	4	1	26	1836	0	0	1
6.664	1	1	667	5	1	26	1836	0	0	0
6.665	1	1	667	6	1	26	1836	0	0	0
6.666	1	1	667	7	1	26	1836	0	0	0
6.666	1	1	667	7	1	26	1836	0	0	1
6.667	1	1	667	8	1	26	1836	0	0	0
6.668	1	1	667	9	1	26	1836	0	0	0
6.668	1	1	667	9	1	26	1836	0	0	1
6.669	1	1	667	10	1	26	1836	0	0	0
6.669	1	1	667	10	1	26	1836	0	0	1
6.67	1	1	668	1	1	26	1836	0	0	0
6.67	1	1	668	1	1	26	1836	0	0	1
6.672	1	1	668	3	1	26	1836	0	0	0
6.672	1	1	668	3	1	26	1836	0	0	1
6.673	1	1	668	4	1	26	1836	0	0	0
6.673	1	1	668	4	1	26	1836	0	0	1
6.674	1	1	668	5	1	26	1836	0	0	0
6.674	1	1	668	5	1	26	1836	0	0	1
6.675	1	1	668	6	1	26	1836	0	0	0
6.675	1	1	668	6	1	26	1836	0	0	1
6.676	1	1	668	7	1	26	1836	0	0	0
6.676	1	1	668	7	1	26	1836	0	0	1
6.677	1	1	668	8	1	26	1836	0	0	0
6.677	1	1	668	8	1	26	1836	0	0	1
6.678	1	1	668	9	1	26	1836	0	0	0
6.678	1	1	668	9	1	26	1836	0	0	1
6.679	1	1	668	10	1	26	1836	0	0	0
6.681	1	1	669	2	1	26	1836	0	0	0
6.682	1	1	669	3	1	26	1836	0	0	0
6.682	1	1	669	3	1	26	1836	0	0	1
6.683	1	1	669	4	1	26	1836	0	0	0
6.684	1	1	669	5	1	26	1836	0	0	0
6.684	1	1	669	5	1	26	1836	0	0	1
6.685	1	1	669	6	1	26	1836	0	0	0
6.685	1	1	669	6	1	26	1836	0	0	1
6.686	1	1	669	7	1	24	1620	0	0	0
6.686	1	1	669	7	1	24	1620	0	0	1
6.687	1	1	669	8	1	24	1620	0	0	0
6.687	1	1	669	8	1	24	1620	0	0	1
6.688	1	1	669	9	1	24	1620	0	0	0
6.688	1	1	669	9	1	24	1620	0	0	1
6.689	1	1	669	10	1	24	1620	0	0	0
6.689	1	1	669	10	1	24	1620	0	0	1
6.691	1	1	670	2	1	24	1620	0	0	0
6.691	1	1	670	2	1	24	1620	0	0	1
6.692	1	1	670	3	1	24	1620	0	0	0
6.692	1	1	670	3	1	24	1620	0	0	1
6.693	1	1	670	4	1	24	1620	0	0	0
6.693	1	1	670	4	1	24	1620	0	0	1
6.694	1	1	670	5	1	24	1620	0	0	0
6.694	1	1	670	5	1	24	1620	0	0	1
6.695	1	1	670	6	1	24	1620	0	0	0
6.696	1	1	670	7	1	24	1620	0	0	0
6.697	1	1	670	8	1	24	1620	0	0	0
6.698	1	1	670	9	1	24	1620	0	0	0
6.698	1	1	670	9	1	24	1620	0	0	1
6.699	1	1	670	10	1	24	1620	0	0	0
6.699	1	1	670	10	1	24	1620	0	0	1
6.7	1	1	671	1	1	24	1620	0	0	0
6.7	1	1	671	1	1	24	1620	0	0	1
6.701	1	1	671	2	1	24	1620	0	0	0
6.701	1	1	671	2	1	24	1620	0	0	1
6.702	1	1	671	3	1	24	1620	0	0	0
6.703	1	1	671	4	1	24	1620	0	0	0
6.703	1	1	671	4	1	24	1620	0	0	1
6.704	1	1	671	5	1	24	1620	0	0	0
6.704	1	1	671	5	1	24	1620	0	0	1
6.705	1	1	671	6	1	24	1620	0	0	0
6.705	1	1	671	6	1	24	1620	0	0	1
6.706	1	1	671	7	1	22	1383	0	0	0
6.706	1	1	671	7	1	22	1383	0	0	1
6.707	1	1	671	8	1	22	1383	0	0	0
6.707	1	1	671	8	1	22	1383	0	0	1
6.709	1	1	671	10	1	22	1383	0	0	0
6.709	1	1	671	10	1	22	1383	0	0	1
6.71	1	1	672	1	1	22	1383	0	0	0
6.71	1	1	672	1	1	22	1383	0	0	1
6.711	1	1	672	2	1	22	1383	0	0	0
6.712	1	1	672	3	1	22	1383	0	0	0
6.713	1	1	672	4	1	22	1383	0	0	0
6.713	1	1	672	4	1	22	1383	0	0	1
6.714	1	1	672	5	1	20	1191	0	0	0
6.714	1	1	672	5	1	20	1191	0	0	1
6.715	1	1	672	6	1	20	1191	0	0	0
6.715	1	1	672	6	1	20	1191	0	0	1
6.716	1	1	672	7	1	20	1191	0	0	0
6.716	1	1	672	7	1	20	1191	0	0	1
6.717	1	1	672	8	1	20	1191	0	0	0
6.717	1	1	672	8	1	20	1191	0	0	1
6.718	1	1	672	9	1	20	1191	0	0	0
6.718	1	1	672	9	1	20	1191	0	0	1
6.719	1	1	672	10	1	20	1191	0	0	0
6.719	1	1	672	10	1	20	1191	0	0	1
6.72	1	1	673	1	1	20	1191	0	0	0
6.72	1	1	673	1	1	20	1191	0	0	1
6.721	1	1	673	2	1	20	1191	0	0	0
6.721	1	1	673	2	1	20	1191	0	0	1
6.722	1	1	673	3	1	20	1191	0	0	0
6.722	1	1	673	3	1	20	1191	0	0	1
6.723	1	1	673	4	1	20	1191	0	0	0
6.723	1	1	673	4	1	20	1191	0	0	1
6.724	1	1	673	5	1	22	1383	0	0	0
6.724	1	1	673	5	1	22	1383	0	0	1
6.725	1	1	673	6	1	22	1383	0	0	0
6.725	1	1	673	6	1	22	1383	0	0	1
6.726	1	1	673	7	1	22	1383	0	0	0
6.726	1	1	673	7	1	22	1383	0	0	1
6.728	1	1	673	9	1	22	1383	0	0	0
6.728	1	1	673	9	1	22	1383	0	0	1
6.729	1	1	673	10	1	22	1383	0	0	0
6.729	1	1	673	10	1	22	1383	0	0	1
6.73	1	1	674	1	1	22	1383	0	0	0
6.73	1	1	674	1	1	22	1383	0	0	1
6.731	1	1	674	2	1	22	1383	0	0	0
6.731	1	1	674	2	1	22	1383	0	0	1
6.732	1	1	674	3	1	22	1383	0	0	0
6.732	1	1	674	3	1	22	1383	0	0	1
6.733	1	1	674	4	1	22	1383	0	0	0
6.733	1	1	674	4	1	22	1383	0	0	1
6.734	1	1	674	5	1	22	1383	0	0	0
6.734	1	1	674	5	1	22	1383	0	0	1
6.735	1	1	674	6	1	22	1383	0	0	0
6.735	1	1	674	6	1	22	1383	0	0	1
6.737	1	1	674	8	1	24	1620	0	0	0
6.737	1	1	674	8	1	24	1620	0	0	1
6.738	1	1	674	9	1	24	1620	0	0	0
6.738	1	1	674	9	1	24	1620	0	0	1
6.739	1	1	674	10	1	24	1620	0	0	0
6.739	1	1	674	10	1	24	1620	0	0	1
6.74	1	1	675	1	1	24	1620	0	0	0
6.74	1	1	675	1	1	24	1620	0	0	1
6.741	1	1	675	2	1	24	1620	0	0	0
6.741	1	1	675	2	1	24	1620	0	0	1
6.742	1	1	675	3	1	24	1620	0	0	0
6.742	1	1	675	3	1	24	1620	0	0	1
6.743	1	1	675	4	1	24	1620	0	0	0
6.743	1	1	675	4	1	24	1620	0	0	1
6.744	1	1	675	5	1	24	1620	0	0	0
6.744	1	1	675	5	1	24	1620	0	0	1
6.745	1	1	675	6	1	24	1620	0	0	0
6.746	1	1	675	7	1	24	1620	0	0	0
6.747	1	1	675	8	1	24	1620	0	0	0
6.748	1	1	675	9	1	24	1620	0	0	0
6.749	1	1	675	10	1	24	1620	0	0	0
6.749	1	1	675	10	1	24	1620	0	0	1
6.75	1	1	676	1	1	24	1620	0	0	0
6.75	1	1	676	1	1	24	1620	0	0	1
6.751	1	1	676	2	1	24	1620	0	0	0
6.751	1	1	676	2	1	24	1620	0	0	1
6.752	1	1	676	3	1	26	1836	0	0	0
6.752	1	1	676	3	1	26	1836	0	0	1
6.753	1	1	676	4	1	26	1836	0	0	0
6.753	1	1	676	4	1	26	1836	0	0	1
6.754	1	1	676	5	1	26	1836	0	0	0
6.754	1	1	676	5	1	26	1836	0	0	1
6.756	1	1	676	7	1	26	1836	0	0	0
6.756	1	1	676	7	1	26	1836	0	0	1
6.757	1	1	676	8	1	26	1836	0	0	0
6.757	1	1	676	8	1	26	1836	0	0	1
6.758	1	1	676	9	1	26	1836	0	0	0
6.758	1	1	676	9	1	26	1836	0	0	1
6.759	1	1	676	10	1	26	1836	0	0	0
6.759	1	1	676	10	1	26	1836	0	0	1
6.76	1	1	677	1	1	26	1836	0	0	0
6.76	1	1	677	1	1	26	1836	0	0	1
6.761	1	1	677	2	1	26	1836	0	0	0
6.762	1	1	677	3	1	26	1836	0	0	0
6.763	1	1	677	4	1	26	1836	0	0	0
6.764	1	1	677	5	1	26	1836	0	0	0
6.764	1	1	677	5	1	26	1836	0	0	1
6.765	1	1	677	6	1	26	1836	0	0	0
6.765	1	1	677	6	1	26	1836	0	0	1
6.766	1	1	677	7	1	26	1836	0	0	0
6.766	1	1	677	7	1	26	1836	0	0	1
6.767	1	1	677	8	1	26	1836	0	0	0
6.767	1	1	677	8	1	26	1836	0	0	1
6.768	1	1	677	9	1	26	1836	0	0	0
6.768	1	1	677	9	1	26	1836	0	0	1
6.769	1	1	677	10	1	26	1836	0	0	0
6.769	1	1	677	10	1	26	1836	0	0	1
6.77	1	1	678	1	1	26	1836	0	0	0
6.77	1	1	678	1	1	26	1836	0	0	1
6.771	1	1	678	2	1	26	1836	0	0	0
6.771	1	1	678	2	1	26	1836	0	0	1
6.772	1	1	678	3	1	26	1836	0	0	0
6.772	1	1	678	3	1	26	1836	0	0	1
6.773	1	1	678	4	1	26	1836	0	0	0
6.773	1	1	678	4	1	26	1836	0	0	1
6.775	1	1	678	6	1	26	1836	0	0	0
6.776	1	1	678	7	1	26	1836	0	0	0
6.777	1	1	678	8	1	26	1836	0	0	0
6.778	1	1	678	9	1	26	1836	0	0	0
6.778	1	1	678	9	1	26	1836	0	0	1
6.779	1	1	678	10	1	26	1836	0	0	0
6.779	1	1	678	10	1	26	1836	0	0	1
6.78	1	1	679	1	1	26	1836	0	0	0
6.78	1	1	679	1	1	26	1836	0	0	1
6.781	1	1	679	2	1	26	1836	0	0	0
6.781	1	1	679	2	1	26	1836	0	0	1
6.782	1	1	679	3	1	26	1836	0	0	0
6.782	1	1	679	3	1	26	1836	0	0	1
6.784	1	1	679	5	1	26	1836	0	0	0
6.784	1	1	679	5	1	26	1836	0	0	1
6.785	1	1	679	6	1	26	1836	0	0	0
6.785	1	1	679	6	1	26	1836	0	0	1
6.786	1	1	679	7	1	26	1836	0	0	0
6.786	1	1	679	7	1	26	1836	0	0	1
6.787	1	1	679	8	1	26	1836	0	0	0
6.787	1	1	679	8	1	26	1836	0	0	1
6.788	1	1	679	9	1	26	1836	0	0	0
6.788	1	1	679	9	1	26	1836	0	0	1
6.789	1	1	679	10	1	26	1836	0	0	0
6.789	1	1	679	10	1	26	1836	0	0	1
6.79	1	1	680	1	1	26	1836	0	0	0
6.791	1	1	680	2	1	26	1836	0	0	0
6.792	1	1	680	3	1	26	1836	0	0	0
6.793	1	1	680	4	1	26	1836	0	0	0
6.793	1	1	680	4	1	26	1836	0	0	1
6.794	1	1	680	5	1	26	1836	0	0	0
6.794	1	1	680	5	1	26	1836	0	0	1
6.795	1	1	680	6	1	26	1836	0	0	0
6.796	1	1	680	7	1	26	1836	0	0	0
6.796	1	1	680	7	1	26	1836	0	0	1
6.797	1	1	680	8	1	26	1836	0	0	0
6.797	1	1	680	8	1	26	1836	0	0	1
6.798	1	1	680	9	1	26	1836	0	0	0
6.798	1	1	680	9	1	26	1836	0	0	1
6.799	1	1	680	10	1	26	1836	0	0	0
6.799	1	1	680	10	1	26	1836	0	0	1
6.8	1	1	681	1	1	26	1836	0	0	0
6.8	1	1	681	1	1	26	1836	0	0	1
6.801	1	1	681	2	1	26	1836	0	0	0
6.801	1	1	681	2	1	26	1836	0	0	1
6.803	1	1	681	4	1	26	1836	0	0	0
6.803	1	1	681	4	1	26	1836	0	0	1
6.804	1	1	681	5	1	26	1836	0	0	0
6.804	1	1	681	5	1	26	1836	0	0	1
6.805	1	1	681	6	1	26	1836	0	0	0
6.805	1	1	681	6	1	26	1836	0	0	1
6.806	1	1	681	7	1	26	1836	0	0	0
6.807	1	1	681	8	1	26	1836	0	0	0
6.808	1	1	681	9	1	24	1620	0	0	0
6.809	1	1	681	10	1	24	1620	0	0	0
6.809	1	1	681	10	1	24	1620	0	0	1
6.81	1	1	682	1	1	24	1620	0	0	0
6.81	1	1	682	1	1	24	1620	0	0	1
6.811	1	1	682	2	1	24	1620	0	0	0
6.811	1	1	682	2	1	24	1620	0	0	1
6.812	1	1	682	3	1	24	1620	0	0	0
6.812	1	1	682	3	1	24	1620	0	0	1
6.813	1	1	682	4	1	24	1620	0	0	0
6.813	1	1	682	4	1	24	1620	0	0	1
6.814	1	1	682	5	1	24	1620	0	0	0
6.815	1	1	682	6	1	24	1620	0	0	0
6.815	1	1	682	6	1	24	1620	0	0	1
6.816	1	1	682	7	1	24	1620	0	0	0
6.816	1	1	682	7	1	24	1620	0	0	1
6.817	1	1	682	8	1	24	1620	0	0	0
6.817	1	1	682	8	1	24	1620	0	0	1
6.818	1	1	682	9	1	24	1620	0	0	0
6.818	1	1	682	9	1	24	1620	0	0	1
6.819	1	1	682	10	1	24	1620	0	0	0
6.819	1	1	682	10	1	24	1620	0	0	1
6.821	1	1	683	2	1	24	1620	0	0	0
6.821	1	1	683	2	1	24	1620	0	0	1
6.822	1	1	683	3	1	24	1620	0	0	0
6.823	1	1	683	4	1	24	1620	0	0	0
6.824	1	1	683	5	1	24	1620	0	0	0
6.824	1	1	683	5	1	24	1620	0	0	1
6.825	1	1	683	6	1	24	1620	0	0	0
6.825	1	1	683	6	1	24	1620	0	0	1
6.826	1	1	683	7	1	24	1620	0	0	0
6.827	1	1	683	8	1	24	1620	0	0	0
6.827	1	1	683	8	1	24	1620	0	0	1
6.828	1	1	683	9	1	24	1620	0	0	0
6.828	1	1	683	9	1	24	1620	0	0	1
6.829	1	1	683	10	1	24	1620	0	0	0
6.829	1	1	683	10	1	24	1620	0	0	1
6.831	1	1	684	2	1	24	1620	0	0	0
6.831	1	1	684	2	1	24	1620	0	0	1
6.832	1	1	684	3	1	24	1620	0	0	0
6.832	1	1	684	3	1	24	1620	0	0	1
6.833	1	1	684	4	1	24	1620	0	0	0
6.833	1	1	684	4	1	24	1620	0	0	1
6.834	1	1	684	5	1	24	1620	0	0	0
6.834	1	1	684	5	1	24	1620	0	0	1
6.835	1	1	684	6	1	24	1620	0	0	0
6.835	1	1	684	6	1	24	1620	0	0	1
6.836	1	1	684	7	1	22	1383	0	0	0
6.836	1	1	684	7	1	22	1383	0	0	1
6.837	1	1	684	8	1	22	1383	0	0	0
6.838	1	1	684	9	1	22	1383	0	0	0
6.839	1	1	684	10	1	22	1383	0	0	0
6.84	1	1	685	1	1	22	1383	0	0	0
6.84	1	1	685	1	1	22	1383	0	0	1
6.841	1	1	685	2	1	22	1383	0	0	0
6.841	1	1	685	2	1	22	1383	0	0	1
6.842	1	1	685	3	1	22	1383	0	0	0
6.843	1	1	685	4	1	22	1383	0	0	0
6.843	1	1	685	4	1	22	1383	0	0	1
6.844	1	1	685	5	1	22	1383	0	0	0
6.844	1	1	685	5	1	22	1383	0	0	1
6.845	1	1	685	6	1	22	1383	0	0	0
6.845	1	1	685	6	1	22	1383	0	0	1
6.846	1	1	685	7	1	20	1191	0	0	0
6.846	1	1	685	7	1	20	1191	0	0	1
6.847	1	1	685	8	1	20	1191	0	0	0
6.847	1	1	685	8	1	20	1191	0	0	1
6.849	1	1	685	10	1	20	1191	0	0	0
6.849	1	1	685	10	1	20	1191	0	0	1
6.85	1	1	686	1	1	20	1191	0	0	0
6.85	1	1	686	1	1	20	1191	0	0	1
6.851	1	1	686	2	1	20	1191	0	0	0
6.851	1	1	686	2	1	20	1191	0	0	1
6.852	1	1	686	3	1	18	967	0	0	0
6.852	1	1	686	3	1	18	967	0	0	1
6.853	1	1	686	4	1	18	967	0	0	0
6.853	1	1	686	4	1	18	967	0	0	1
6.854	1	1	686	5	1	18	967	0	0	0
6.854	1	1	686	5	1	18	967	0	0	1
6.855	1	1	686	6	1	18	967	0	0	0
6.855	1	1	686	6	1	18	967	0	0	1
6.856	1	1	686	7	1	18	967	0	0	0
6.856	1	1	686	7	1	18	967	0	0	1
6.857	1	1	686	8	1	18	967	0	0	0
6.857	1	1	686	8	1	18	967	0	0	1
6.858	1	1	686	9	1	18	967	0	0	0
6.858	1	1	686	9	1	18	967	0	0	1
6.859	1	1	686	10	1	18	967	0	0	0
6.859	1	1	686	10	1	18	967	0	0	1
6.86	1	1	687	1	1	18	967	0	0	0
6.86	1	1	687	1	1	18	967	0	0	1
6.861	1	1	687	2	1	18	967	0	0	0
6.861	1	1	687	2	1	18	967	0	0	1
6.862	1	1	687	3	1	18	967	0	0	0
6.862	1	1	687	3	1	18	967	0	0	1
6.863	1	1	687	4	1	18	967	0	0	0
6.863	1	1	687	4	1	18	967	0	0	1
6.864	1	1	687	5	1	18	967	0	0	0
6.864	1	1	687	5	1	18	967	0	0	1
6.865	1	1	687	6	1	18	967	0	0	0
6.865	1	1	687	6	1	18	967	0	0	1
6.866	1	1	687	7	1	18	967	0	0	0
6.866	1	1	687	7	1	18	967	0	0	1
6.868	1	1	687	9	1	18	967	0	0	0
6.868	1	1	687	9	1	18	967	0	0	1
6.869	1	1	687	10	1	18	967	0	0	0
6.869	1	1	687	10	1	18	967	0	0	1
6.87	1	1	688	1	1	20	1191	0	0	0
6.87	1	1	688	1	1	20	1191	0	0	1
6.871	1	1	688	2	1	20	1191	0	0	0
6.871	1	1	688	2	1	20	1191	0	0	1
6.872	1	1	688	3	1	20	1191	0	0	0
6.872	1	1	688	3	1	20	1191	0	0	1
6.873	1	1	688	4	1	20	1191	0	0	0
6.873	1	1	688	4	1	20	1191	0	0	1
6.874	1	1	688	5	1	20	1191	0	0	0
6.874	1	1	688	5	1	20	1191	0	0	1
6.875	1	1	688	6	1	20	1191	0	0	0
6.875	1	1	688	6	1	20	1191	0	0	1
6.876	1	1	688	7	1	20	1191	0	0	0
6.876	1	1	688	7	1	20	1191	0	0	1
6.877	1	1	688	8	1	20	1191	0	0	0
6.877	1	1	688	8	1	20	1191	0	0	1
6.878	1	1	688	9	1	20	1191	0	0	0
6.878	1	1	688	9	1	20	1191	0	0	1
6.879	1	1	688	10	1	20	1191	0	0	0
6.879	1	1	688	10	1	20	1191	0	0	1
6.88	1	1	689	1	1	22	1383	0	0	0
6.88	1	1	689	1	1	22	1383	0	0	1
6.881	1	1	689	2	1	22	1383	0	0	0
6.881	1	1	689	2	1	22	1383	0	0	1
6.882	1	1	689	3	1	22	1383	0	0	0
6.882	1	1	689	3	1	22	1383	0	0	1
6.883	1	1	689	4	1	22	1383	0	0	0
6.883	1	1	689	4	1	22	1383	0	0	1
6.884	1	1	689	5	1	22	1383	0	0	0
6.884	1	1	689	5	1	22	1383	0	0	1
6.885	1	1	689	6	1	22	1383	0	0	0
6.885	1	1	689	6	1	22	1383	0	0	1
6.887	1	1	689	8	1	22	1383	0	0	0
6.887	1	1	689	8	1	22	1383	0	0	1
6.888	1	1	689	9	1	22	1383	0	0	0
6.888	1	1	689	9	1	22	1383	0	0	1
6.889	1	1	689	10	1	22	1383	0	0	0
6.889	1	1	689	10	1	22	1383	0	0	1
6.89	1	1	690	1	1	22	1383	0	0	0
6.89	1	1	690	1	1	22	1383	0	0	1
6.891	1	1	690	2	1	22	1383	0	0	0
6.891	1	1	690	2	1	22	1383	0	0	1
6.892	1	1	690	3	1	22	1383	0	0	0
6.892	1	1	690	3	1	22	1383	0	0	1
6.893	1	1	690	4	1	22	1383	0	0	0
6.893	1	1	690	4	1	22	1383	0	0	1
6.894	1	1	690	5	1	22	1383	0	0	0
6.894	1	1	690	5	1	22	1383	0	0	1
6.896	1	1	690	7	1	22	1383	0	0	0
6.896	1	1	690	7	1	22	1383	0	0	1
6.897	1	1	690	8	1	22	1383	0	0	0
6.897	1	1	690	8	1	22	1383	0	0	1
6.898	1	1	690	9	1	22	1383	0	0	0
6.898	1	1	690	9	1	22	1383	0	0	1
6.899	1	1	690	10	1	22	1383	0	0	0
6.899	1	1	690	10	1	22	1383	0	0	1
6.9	1	1	691	1	1	22	1383	0	0	0
6.9	1	1	691	1	1	22	1383	0	0	1
6.901	1	1	691	2	1	22	1383	0	0	0
6.901	1	1	691	2	1	22	1383	0	0	1
6.902	1	1	691	3	1	22	1383	0	0	0
6.902	1	1	691	3	1	22	1383	0	0	1
6.903	1	1	691	4	1	22	1383	0	0	0
6.903	1	1	691	4	1	22	1383	0	0	1
6.904	1	1	691	5	1	22	1383	0	0	0
6.904	1	1	691	5	1	22	1383	0	0	1
6.905	1	1	691	6	1	22	1383	0	0	0
6.905	1	1	691	6	1	22	1383	0	0	1
6.906	1	1	691	7	1	22	1383	0	0	0
6.906	1	1	691	7	1	22	1383	0	0	1
6.907	1	1	691	8	1	22	1383	0	0	0
6.907	1	1	691	8	1	22	1383	0	0	1
6.908	1	1	691	9	1	24	1620	0	0	0
6.908	1	1	691	9	1	24	1620	0	0	1
6.909	1	1	691	10	1	24	1620	0	0	0
6.909	1	1	691	10	1	24	1620	0	0	1
6.91	1	1	692	1	1	24	1620	0	0	0
6.91	1	1	692	1	1	24	1620	0	0	1
6.911	1	1	692	2	1	24	1620	0	0	0
6.911	1	1	692	2	1	24	1620	0	0	1
6.912	1	1	692	3	1	24	1620	0	0	0
6.912	1	1	692	3	1	24	1620	0	0	1
6.913	1	1	692	4	1	24	1620	0	0	0
6.913	1	1	692	4	1	24	1620	0	0	1
6.915	1	1	692	6	1	24	1620	0	0	0
6.915	1	1	692	6	1	24	1620	0	0	1
6.916	1	1	692	7	1	24	1620	0	0	0
6.916	1	1	692	7	1	24	1620	0	0	1
6.917	1	1	692	8	1	24	1620	0	0	0
6.917	1	1	692	8	1	24	1620	0	0	1
6.918	1	1	692	9	1	24	1620	0	0	0
6.919	1	1	692	10	1	24	1620	0	0	0
6.92	1	1	693	1	1	24	1620	0	0	0
6.921	1	1	693	2	1	24	1620	0	0	0
6.921	1	1	693	2	1	24	1620	0	0	1
6.922	1	1	693	3	1	24	1620	0	0	0
6.922	1	1	693	3	1	24	1620	0	0	1
6.923	1	1	693	4	1	24	1620	0	0	0
6.923	1	1	693	4	1	24	1620	0	0	1
6.924	1	1	693	5	1	24	1620	0	0	0
6.924	1	1	693	5	1	24	1620	0	0	1
6.925	1	1	693	6	1	24	1620	0	0	0
6.925	1	1	693	6	1	24	1620	0	0	1
6.926	1	1	693	7	1	24	1620	0	0	0
6.927	1	1	693	8	1	24	1620	0	0	0
6.927	1	1	693	8	1	24	1620	0	0	1
6.928	1	1	693	9	1	24	1620	0	0	0
6.928	1	1	693	9	1	24	1620	0	0	1
6.929	1	1	693	10	1	24	1620	0	0	0
6.929	1	1	693	10	1	24	1620	0	0	1
6.93	1	1	694	1	1	24	1620	0	0	0
6.93	1	1	694	1	1	24	1620	0	0	1
6.931	1	1	694	2	1	24	1620	0	0	0
6.931	1	1	694	2	1	24	1620	0	0	1
6.933	1	1	694	4	1	24	1620	0	0	0
6.933	1	1	694	4	1	24	1620	0	0	1
6.934	1	1	694	5	1	24	1620	0	0	0
6.934	1	1	694	5	1	24	1620	0	0	1
6.935	1	1	694	6	1	24	1620	0	0	0
6.936	1	1	694	7	1	24	1620	0	0	0
6.937	1	1	694	8	1	24	1620	0	0	0
6.937	1	1	694	8	1	24	1620	0	0	1
6.938	1	1	694	9	1	24	1620	0	0	0
6.939	1	1	694	10	1	24	1620	0	0	0
6.939	1	1	694	10	1	24	1620	0	0	1
6.94	1	1	695	1	1	24	1620	0	0	0
6.94	1	1	695	1	1	24	1620	0	0	1
6.941	1	1	695	2	1	24	1620	0	0	0
6.941	1	1	695	2	1	24	1620	0	0	1
6.943	1	1	695	4	1	24	1620	0	0	0
6.943	1	1	695	4	1	24	1620	0	0	1
6.944	1	1	695	5	1	24	1620	0	0	0
6.944	1	1	695	5	1	24	1620	0	0	1
6.945	1	1	695	6	1	24	1620	0	0	0
6.945	1	1	695	6	1	24	1620	0	0	1
6.946	1	1	695	7	1	24	1620	0	0	0
6.946	1	1	695	7	1	24	1620	0	0	1
6.947	1	1	695	8	1	24	1620	0	0	0
6.947	1	1	695	8	1	24	1620	0	0	1
6.948	1	1	695	9	1	24	1620	0	0	0
6.948	1	1	695	9	1	24	1620	0	0	1
6.949	1	1	695	10	1	24	1620	0	0	0
6.949	1	1	695	10	1	24	1620	0	0	1
6.95	1	1	696	1	1	24	1620	0	0	0
6.95	1	1	696	1	1	24	1620	0	0	1
6.952	1	1	696	3	1	24	1620	0	0	0
6.953	1	1	696	4	1	24	1620	0	0	0
6.954	1	1	696	5	1	24	1620	0	0	0
6.955	1	1	696	6	1	24	1620	0	0	0
6.955	1	1	696	6	1	24	1620	0	0	1
6.956	1	1	696	7	1	24	1620	0	0	0
6.956	1	1	696	7	1	24	1620	0	0	1
6.957	1	1	696	8	1	24	1620	0	0	0
6.957	1	1	696	8	1	24	1620	0	0	1
6.958	1	1	696	9	1	24	1620	0	0	0
6.958	1	1	696	9	1	24	1620	0	0	1
6.959	1	1	696	10	1	24	1620	0	0	0
6.959	1	1	696	10	1	24	1620	0	0	1
6.961	1	1	697	2	1	24	1620	0	0	0
6.961	1	1	697	2	1	24	1620	0	0	1
6.962	1	1	697	3	1	24	1620	0	0	0
6.962	1	1	697	3	1	24	1620	0	0	1
6.963	1	1	697	4	1	24	1620	0	0	0
6.963	1	1	697	4	1	24	1620	0	0	1
6.964	1	1	697	5	1	24	1620	0	0	0
6.964	1	1	697	5	1	24	1620	0	0	1
6.965	1	1	697	6	1	24	1620	0	0	0
6.965	1	1	697	6	1	24	1620	0	0	1
6.966	1	1	697	7	1	24	1620	0	0	0
6.966	1	1	697	7	1	24	1620	0	0	1
6.967	1	1	697	8	1	24	1620	0	0	0
6.967	1	1	697	8	1	24	1620	0	0	1
6.968	1	1	697	9	1	24	1620	0	0	0
6.969	1	1	697	10	1	24	1620	0	0	0
6.97	1	1	698	1	1	24	1620	0	0	0
6.971	1	1	698	2	1	24	1620	0	0	0
6.971	1	1	698	2	1	24	1620	0	0	1
6.972	1	1	698	3	1	24	1620	0	0	0
6.973	1	1	698	4	1	24	1620	0	0	0
6.973	1	1	698	4	1	24	1620	0	0	1
6.974	1	1	698	5	1	24	1620	0	0	0
6.974	1	1	698	5	1	24	1620	0	0	1
6.975	1	1	698	6	1	24	1620	0	0	0
6.975	1	1	698	6	1	24	1620	0	0	1
6.976	1	1	698	7	1	24	1620	0	0	0
6.976	1	1	698	7	1	24	1620	0	0	1
6.977	1	1	698	8	1	24	1620	0	0	0
6.977	1	1	698	8	1	24	1620	0	0	1
6.978	1	1	698	9	1	24	1620	0	0	0
6.978	1	1	698	9	1	24	1620	0	0	1
6.98	1	1	699	1	1	24	1620	0	0	0
6.98	1	1	699	1	1	24	1620	0	0	1
6.981	1	1	699	2	1	24	1620	0	0	0
6.981	1	1	699	2	1	24	1620	0	0	1
6.982	1	1	699	3	1	24	1620	0	0	0
6.982	1	1	699	3	1	24	1620	0	0	1
6.983	1	1	699	4	1	24	1620	0	0	0
6.984	1	1	699	5	1	24	1620	0	0	0
6.985	1	1	699	6	1	24	1620	0	0	0
6.986	1	1	699	7	1	24	1620	0	0	0
6.986	1	1	699	7	1	24	1620	0	0	1
6.987	1	1	699	8	1	24	1620	0	0	0
6.987	1	1	699	8	1	24	1620	0	0	1
6.988	1	1	699	9	1	24	1620	0	0	0
6.988	1	1	699	9	1	24	1620	0	0	1
6.989	1	1	699	10	1	24	1620	0	0	0
6.989	1	1	699	10	1	24	1620	0	0	1
6.99	1	1	700	1	1	24	1620	0	0	0
6.99	1	1	700	1	1	24	1620	0	0	1
6.991	1	1	700	2	1	24	1620	0	0	0
6.992	1	1	700	3	1	24	1620	0	0	0
6.992	1	1	700	3	1	24	1620	0	0	1
6.993	1	1	700	4	1	24	1620	0	0	0
6.993	1	1	700	4	1	24	1620	0	0	1
6.994	1	1	700	5	1	24	1620	0	0	0
6.994	1	1	700	5	1	24	1620	0	0	1
6.995	1	1	700	6	1	24	1620	0	0	0
6.995	1	1	700	6	1	24	1620	0	0	1
6.996	1	1	700	7	1	24	1620	0	0	0
6.996	1	1	700	7	1	24	1620	0	0	1
6.997	1	1	700	8	1	24	1620	0	0	0
6.999	1	1	700	10	1	24	1620	0	0	0
7	1	1	701	1	1	24	1620	0	0	0
7	1	1	701	1	1	24	1620	0	0	1
7.001	1	1	701	2	1	24	1620	0	0	0
7.001	1	1	701	2	1	24	1620	0	0	1
7.002	1	1	701	3	1	24	1620	0	0	0
7.002	1	1	701	3	1	24	1620	0	0	1
7.003	1	1	701	4	1	24	1620	0	0	0
7.004	1	1	701	5	1	24	1620	0	0	0
7.004	1	1	701	5	1	24	1620	0	0	1
7.005	1	1	701	6	1	24	1620	0	0	0
7.005	1	1	701	6	1	24	1620	0	0	1
7.006	1	1	701	7	1	18	967	0	0	0
7.006	1	1	701	7	1	18	967	0	0	1
7.008	1	1	701	9	1	18	967	0	0	0
7.008	1	1	701	9	1	18	967	0	0	1
7.009	1	1	701	10	1	24	1620	0	0	0
7.009	1	1	701	10	1	18	967	0	0	1
7.01	1	1	702	1	1	18	967	0	0	0
7.01	1	1	702	1	1	18	967	0	0	1
7.011	1	1	702	2	1	18	967	0	0	0
7.011	1	1	702	2	1	18	967	0	0	1
7.012	1	1	702	3	1	18	967	0	0	0
7.012	1	1	702	3	1	18	967	0	0	1
7.013	1	1	702	4	1	18	967	0	0	0
7.013	1	1	702	4	1	18	967	0	0	1
7.014	1	1	702	5	1	18	967	0	0	0
7.015	1	1	702	6	1	18	967	0	0	0
7.015	1	1	702	6	1	18	967	0	0	1
7.016	1	1	702	7	1	18	967	0	0	0
7.016	1	1	702	7	1	18	967	0	0	1
7.017	1	1	702	8	1	18	967	0	0	0
7.017	1	1	702	8	1	18	967	0	0	1
7.018	1	1	702	9	1	18	967	0	0	0
7.018	1	1	702	9	1	18	967	0	0	1
7.019	1	1	702	10	1	18	967	0	0	0
7.019	1	1	702	10	1	18	967	0	0	1
7.02	1	1	703	1	1	20	1191	0	0	0
7.02	1	1	703	1	1	20	1191	0	0	1
7.021	1	1	703	2	1	20	1191	0	0	0
7.021	1	1	703	2	1	20	1191	0	0	1
7.022	1	1	703	3	1	18	967	0	0	0
7.022	1	1	703	3	1	18	967	0	0	1
7.023	1	1	703	4	1	18	967	0	0	0
7.023	1	1	703	4	1	18	967	0	0	1
7.024	1	1	703	5	1	20	1191	0	0	0
7.024	1	1	703	5	1	20	1191	0	0	1
7.025	1	1	703	6	1	20	1191	0	0	0
7.025	1	1	703	6	1	20	1191	0	0	1
7.027	1	1	703	8	1	20	1191	0	0	0
7.027	1	1	703	8	1	20	1191	0	0	1
7.028	1	1	703	9	1	20	1191	0	0	0
7.028	1	1	703	9	1	20	1191	0	0	1
7.029	1	1	703	10	1	20	1191	0	0	0
7.029	1	1	703	10	1	20	1191	0	0	1
7.03	1	1	704	1	1	20	1191	0	0	0
7.03	1	1	704	1	1	20	1191	0	0	1
7.031	1	1	704	2	1	20	1191	0	0	0
7.031	1	1	704	2	1	20	1191	0	0	1
7.032	1	1	704	3	1	20	1191	0	0	0
7.032	1	1	704	3	1	20	1191	0	0	1
7.033	1	1	704	4	1	20	1191	0	0	0
7.033	1	1	704	4	1	20	1191	0	0	1
7.034	1	1	704	5	1	20	1191	0	0	0
7.034	1	1	704	5	1	20	1191	0	0	1
7.035	1	1	704	6	1	20	1191	0	0	0
7.035	1	1	704	6	1	20	1191	0	0	1
7.036	1	1	704	7	1	20	1191	0	0	0
7.036	1	1	704	7	1	20	1191	0	0	1
7.037	1	1	704	8	1	20	1191	0	0	0
7.037	1	1	704	8	1	20	1191	0	0	1
7.038	1	1	704	9	1	20	1191	0	0	0
7.038	1	1	704	9	1	20	1191	0	0	1
7.039	1	1	704	10	1	20	1191	0	0	0
7.039	1	1	704	10	1	20	1191	0	0	1
7.04	1	1	705	1	1	20	1191	0	0	0
7.04	1	1	705	1	1	20	1191	0	0	1
7.041	1	1	705	2	1	20	1191	0	0	0
7.041	1	1	705	2	1	20	1191	0	0	1
7.042	1	1	705	3	1	20	1191	0	0	0
7.042	1	1	705	3	1	20	1191	0	0	1
7.043	1	1	705	4	1	20	1191	0	0	0
7.043	1	1	705	4	1	20	1191	0	0	1
7.045	1	1	705	6	1	20	1191	0	0	0
7.045	1	1	705	6	1	20	1191	0	0	1
7.046	1	1	705	7	1	20	1191	0	0	0
7.046	1	1	705	7	1	20	1191	0	0	1
7.047	1	1	705	8	1	20	1191	0	0	0
7.047	1	1	705	8	1	20	1191	0	0	1
7.048	1	1	705	9	1	20	1191	0	0	0
7.048	1	1	705	9	1	20	1191	0	0	1
7.049	1	1	705	10	1	20	1191	0	0	0
7.049	1	1	705	10	1	20	1191	0	0	1
7.05	1	1	706	1	1	20	1191	0	0	0
7.05	1	1	706	1	1	20	1191	0	0	1
7.051	1	1	706	2	1	20	1191	0	0	0
7.051	1	1	706	2	1	20	1191	0	0	1
7.052	1	1	706	3	1	20	1191	0	0	0
7.052	1	1	706	3	1	20	1191	0	0	1
7.053	1	1	706	4	1	20	1191	0	0	0
7.053	1	1	706	4	1	20	1191	0	0	1
7.054	1	1	706	5	1	20	1191	0	0	0
7.054	1	1	706	5	1	20	1191	0	0	1
7.055	1	1	706	6	1	20	1191	0	0	0
7.055	1	1	706	6	1	20	1191	0	0	1
7.056	1	1	706	7	1	20	1191	0	0	0
7.056	1	1	706	7	1	20	1191	0	0	1
7.057	1	1	706	8	1	20	1191	0	0	0
7.057	1	1	706	8	1	20	1191	0	0	1
7.058	1	1	706	9	1	20	1191	0	0	0
7.058	1	1	706	9	1	20	1191	0	0	1
7.059	1	1	706	10	1	20	1191	0	0	0
7.059	1	1	706	10	1	20	1191	0	0	1
7.06	1	1	707	1	1	20	1191	0	0	0
7.06	1	1	707	1	1	20	1191	0	0	1
7.061	1	1	707	2	1	20	1191	0	0	0
7.061	1	1	707	2	1	20	1191	0	0	1
7.062	1	1	707	3	1	22	1383	0	0	0
7.062	1	1	707	3	1	22	1383	0	0	1
7.064	1	1	707	5	1	22	1383	0	0	0
7.064	1	1	707	5	1	22	1383	0	0	1
7.065	1	1	707	6	1	22	1383	0	0	0
7.065	1	1	707	6	1	22	1383	0	0	1
7.066	1	1	707	7	1	22	1383	0	0	0
7.066	1	1	707	7	1	22	1383	0	0	1
7.067	1	1	707	8	1	22	1383	0	0	0
7.067	1	1	707	8	1	22	1383	0	0	1
7.068	1	1	707	9	1	22	1383	0	0	0
7.068	1	1	707	9	1	22	1383	0	0	1
7.069	1	1	707	10	1	22	1383	0	0	0
7.069	1	1	707	10	1	22	1383	0	0	1
7.07	1	1	708	1	1	22	1383	0	0	0
7.07	1	1	708	1	1	22	1383	0	0	1
7.071	1	1	708	2	1	22	1383	0	0	0
7.071	1	1	708	2	1	22	1383	0	0	1
7.073	1	1	708	4	1	22	1383	0	0	0
7.073	1	1	708	4	1	22	1383	0	0	1
7.074	1	1	708	5	1	22	1383	0	0	0
7.074	1	1	708	5	1	22	1383	0	0	1
7.075	1	1	708	6	1	22	1383	0	0	0
7.075	1	1	708	6	1	22	1383	0	0	1
7.076	1	1	708	7	1	22	1383	0	0	0
7.076	1	1	708	7	1	22	1383	0	0	1
7.077	1	1	708	8	1	22	1383	0	0	0
7.077	1	1	708	8	1	22	1383	0	0	1
7.078	1	1	708	9	1	22	1383	0	0	0
7.078	1	1	708	9	1	22	1383	0	0	1
7.079	1	1	708	10	1	22	1383	0	0	0
7.079	1	1	708	10	1	22	1383	0	0	1
7.08	1	1	709	1	1	22	1383	0	0	0
7.08	1	1	709	1	1	22	1383	0	0	1
7.081	1	1	709	2	1	22	1383	0	0	0
7.081	1	1	709	2	1	22	1383	0	0	1
7.082	1	1	709	3	1	22	1383	0	0	0
7.082	1	1	709	3	1	22	1383	0	0	1
7.083	1	1	709	4	1	22	1383	0	0	0
7.083	1	1	709	4	1	22	1383	0	0	1
7.084	1	1	709	5	1	22	1383	0	0	0
7.084	1	1	709	5	1	22	1383	0	0	1
7.085	1	1	709	6	1	22	1383	0	0	0
7.085	1	1	709	6	1	22	1383	0	0	1
7.086	1	1	709	7	1	22	1383	0	0	0
7.086	1	1	709	7	1	22	1383	0	0	1
7.087	1	1	709	8	1	22	1383	0	0	0
7.087	1	1	709	8	1	22	1383	0	0	1
7.088	1	1	709	9	1	24	1620	0	0	0
7.088	1	1	709	9	1	24	1620	0	0	1
7.089	1	1	709	10	1	24	1620	0	0	0
7.089	1	1	709	10	1	24	1620	0	0	1
7.09	1	1	710	1	1	24	1620	0	0	0
7.09	1	1	710	1	1	24	1620	0	0	1
7.092	1	1	710	3	1	24	1620	0	0	0
7.092	1	1	710	3	1	24	1620	0	0	1
7.093	1	1	710	4	1	24	1620	0	0	0
7.093	1	1	710	4	1	24	1620	0	0	1
7.094	1	1	710	5	1	24	1620	0	0	0
7.094	1	1	710	5	1	24	1620	0	0	1
7.095	1	1	710	6	1	24	1620	0	0	0
7.095	1	1	710	6	1	24	1620	0	0	1
7.096	1	1	710	7	1	22	1383	0	0	0
7.096	1	1	710	7	1	22	1383	0	0	1
7.097	1	1	710	8	1	22	1383	0	0	0
7.098	1	1	710	9	1	22	1383	0	0	0
7.099	1	1	710	10	1	22	1383	0	0	0
7.1	1	1	711	1	1	22	1383	0	0	0
7.1	1	1	711	1	1	22	1383	0	0	1
7.101	1	1	711	2	1	22	1383	0	0	0
7.101	1	1	711	2	1	22	1383	0	0	1
7.102	1	1	711	3	1	24	1620	0	0	0
7.102	1	1	711	3	1	24	1620	0	0	1
7.103	1	1	711	4	1	24	1620	0	0	0
7.103	1	1	711	4	1	24	1620	0	0	1
7.104	1	1	711	5	1	22	1383	0	0	0
7.104	1	1	711	5	1	22	1383	0	0	1
7.105	1	1	711	6	1	22	1383	0	0	0
7.105	1	1	711	6	1	22	1383	0	0	1
7.106	1	1	711	7	1	22	1383	0	0	0
7.106	1	1	711	7	1	22	1383	0	0	1
7.107	1	1	711	8	1	22	1383	0	0	0
7.107	1	1	711	8	1	22	1383	0	0	1
7.108	1	1	711	9	1	22	1383	0	0	0
7.108	1	1	711	9	1	22	1383	0	0	1
7.109	1	1	711	10	1	22	1383	0	0	0
7.109	1	1	711	10	1	22	1383	0	0	1
7.111	1	1	712	2	1	22	1383	0	0	0
7.111	1	1	712	2	1	22	1383	0	0	1
7.112	1	1	712	3	1	22	1383	0	0	0
7.112	1	1	712	3	1	22	1383	0	0	1
7.113	1	1	712	4	1	22	1383	0	0	0
7.113	1	1	712	4	1	22	1383	0	0	1
7.114	1	1	712	5	1	22	1383	0	0	0
7.114	1	1	712	5	1	22	1383	0	0	1
7.115	1	1	712	6	1	22	1383	0	0	0
7.115	1	1	712	6	1	22	1383	0	0	1
7.116	1	1	712	7	1	22	1383	0	0	0
7.116	1	1	712	7	1	22	1383	0	0	1
7.117	1	1	712	8	1	22	1383	0	0	0
7.117	1	1	712	8	1	22	1383	0	0	1
7.118	1	1	712	9	1	22	1383	0	0	0
7.118	1	1	712	9	1	22	1383	0	0	1
7.12	1	1	713	1	1	22	1383	0	0	0
7.12	1	1	713	1	1	22	1383	0	0	1
7.121	1	1	713	2	1	22	1383	0	0	0
7.121	1	1	713	2	1	22	1383	0	0	1
7.122	1	1	713	3	1	22	1383	0	0	0
7.122	1	1	713	3	1	22	1383	0	0	1
7.123	1	1	713	4	1	22	1383	0	0	0
7.123	1	1	713	4	1	22	1383	0	0	1
7.124	1	1	713	5	1	22	1383	0	0	0
7.124	1	1	713	5	1	22	1383	0	0	1
7.125	1	1	713	6	1	22	1383	0	0	0
7.125	1	1	713	6	1	22	1383	0	0	1
7.126	1	1	713	7	1	22	1383	0	0	0
7.126	1	1	713	7	1	22	1383	0	0	1
7.127	1	1	713	8	1	22	1383	0	0	0
7.127	1	1	713	8	1	22	1383	0	0	1
7.129	1	1	713	10	1	22	1383	0	0	0
7.129	1	1	713	10	1	22	1383	0	0	1
7.13	1	1	714	1	1	20	1191	0	0	0
7.13	1	1	714	1	1	20	1191	0	0	1
7.131	1	1	714	2	1	20	1191	0	0	0
7.131	1	1	714	2	1	20	1191	0	0	1
7.132	1	1	714	3	1	20	1191	0	0	0
7.132	1	1	714	3	1	20	1191	0	0	1
7.133	1	1	714	4	1	20	1191	0	0	0
7.133	1	1	714	4	1	20	1191	0	0	1
7.134	1	1	714	5	1	20	1191	0	0	0
7.134	1	1	714	5	1	20	1191	0	0	1
7.135	1	1	714	6	1	20	1191	0	0	0
7.135	1	1	714	6	1	20	1191	0	0	1
7.136	1	1	714	7	1	20	1191	0	0	0
7.136	1	1	714	7	1	20	1191	0	0	1
7.137	1	1	714	8	1	20	1191	0	0	0
7.137	1	1	714	8	1	20	1191	0	0	1
7.139	1	1	714	10	1	20	1191	0	0	0
7.139	1	1	714	10	1	20	1191	0	0	1
7.14	1	1	715	1	1	20	1191	0	0	0
7.14	1	1	715	1	1	20	1191	0	0	1
7.141	1	1	715	2	1	20	1191	0	0	0
7.141	1	1	715	2	1	20	1191	0	0	1
7.142	1	1	715	3	1	20	1191	0	0	0
7.142	1	1	715	3	1	20	1191	0	0	1
7.143	1	1	715	4	1	20	1191	0	0	0
7.143	1	1	715	4	1	20	1191	0	0	1
7.144	1	1	715	5	1	20	1191	0	0	0
7.144	1	1	715	5	1	20	1191	0	0	1
7.145	1	1	715	6	1	20	1191	0	0	0
7.145	1	1	715	6	1	20	1191	0	0	1
7.146	1	1	715	7	1	20	1191	0	0	0
7.146	1	1	715	7	1	20	1191	0	0	1
7.147	1	1	715	8	1	20	1191	0	0	0
7.147	1	1	715	8	1	20	1191	0	0	1
7.148	1	1	715	9	1	20	1191	0	0	0
7.148	1	1	715	9	1	20	1191	0	0	1
7.149	1	1	715	10	1	20	1191	0	0	0
7.149	1	1	715	10	1	20	1191	0	0	1
7.15	1	1	716	1	1	20	1191	0	0	0
7.15	1	1	716	1	1	20	1191	0	0	1
7.151	1	1	716	2	1	20	1191	0	0	0
7.151	1	1	716	2	1	20	1191	0	0	1
7.152	1	1	716	3	1	20	1191	0	0	0
7.152	1	1	716	3	1	20	1191	0	0	1
7.153	1	1	716	4	1	20	1191	0	0	0
7.153	1	1	716	4	1	20	1191	0	0	1
7.154	1	1	716	5	1	20	1191	0	0	0
7.154	1	1	716	5	1	20	1191	0	0	1
7.155	1	1	716	6	1	20	1191	0	0	0
7.155	1	1	716	6	1	20	1191	0	0	1
7.157	1	1	716	8	1	20	1191	0	0	0
7.157	1	1	716	8	1	20	1191	0	0	1
7.158	1	1	716	9	1	20	1191	0	0	0
7.158	1	1	716	9	1	20	1191	0	0	1
7.159	1	1	716	10	1	20	1191	0	0	0
7.159	1	1	716	10	1	20	1191	0	0	1
7.16	1	1	717	1	1	20	1191	0	0	0
7.16	1	1	717	1	1	20	1191	0	0	1
7.161	1	1	717	2	1	20	1191	0	0	0
7.161	1	1	717	2	1	20	1191	0	0	1
7.162	1	1	717	3	1	20	1191	0	0	0
7.162	1	1	717	3	1	20	1191	0	0	1
7.163	1	1	717	4	1	20	1191	0	0	0
7.163	1	1	717	4	1	20	1191	0	0	1
7.164	1	1	717	5	1	20	1191	0	0	0
7.164	1	1	717	5	1	20	1191	0	0	1
7.165	1	1	717	6	1	20	1191	0	0	0
7.165	1	1	717	6	1	20	1191	0	0	1
7.167	1	1	717	8	1	22	1383	0	0	0
7.167	1	1	717	8	1	22	1383	0	0	1
7.168	1	1	717	9	1	22	1383	0	0	0
7.168	1	1	717	9	1	22	1383	0	0	1
7.169	1	1	717	10	1	22	1383	0	0	0
7.169	1	1	717	10	1	22	1383	0	0	1
7.17	1	1	718	1	1	22	1383	0	0	0
7.17	1	1	718	1	1	22	1383	0	0	1
7.171	1	1	718	2	1	22	1383	0	0	0
7.171	1	1	718	2	1	22	1383	0	0	1
7.172	1	1	718	3	1	22	1383	0	0	0
7.172	1	1	718	3	1	22	1383	0	0	1
7.173	1	1	718	4	1	22	1383	0	0	0
7.173	1	1	718	4	1	22	1383	0	0	1
7.174	1	1	718	5	1	22	1383	0	0	0
7.174	1	1	718	5	1	22	1383	0	0	1
7.176	1	1	718	7	1	22	1383	0	0	0
7.176	1	1	718	7	1	22	1383	0	0	1
7.177	1	1	718	8	1	22	1383	0	0	0
7.177	1	1	718	8	1	22	1383	0	0	1
7.178	1	1	718	9	1	22	1383	0	0	0
7.178	1	1	718	9	1	22	1383	0	0	1
7.179	1	1	718	10	1	22	1383	0	0	0
7.179	1	1	718	10	1	22	1383	0	0	1
7.18	1	1	719	1	1	22	1383	0	0	0
7.18	1	1	719	1	1	22	1383	0	0	1
7.181	1	1	719	2	1	22	1383	0	0	0
7.181	1	1	719	2	1	22	1383	0	0	1
7.182	1	1	719	3	1	24	1620	0	0	0
7.182	1	1	719	3	1	24	1620	0	0	1
7.183	1	1	719	4	1	24	1620	0	0	0
7.183	1	1	719	4	1	24	1620	0	0	1
7.185	1	1	719	6	1	24	1620	0	0	0
7.185	1	1	719	6	1	24	1620	0	0	1
7.186	1	1	719	7	1	24	1620	0	0	0
7.186	1	1	719	7	1	24	1620	0	0	1
7.187	1	1	719	8	1	24	1620	0	0	0
7.187	1	1	719	8	1	24	1620	0	0	1
7.188	1	1	719	9	1	24	1620	0	0	0
7.188	1	1	719	9	1	24	1620	0	0	1
7.189	1	1	719	10	1	24	1620	0	0	0
7.189	1	1	719	10	1	24	1620	0	0	1
7.19	1	1	720	1	1	24	1620	0	0	0
7.19	1	1	720	1	1	24	1620	0	0	1
7.191	1	1	720	2	1	24	1620	0	0	0
7.192	1	1	720	3	1	24	1620	0	0	0
7.193	1	1	720	4	1	24	1620	0	0	0
7.194	1	1	720	5	1	24	1620	0	0	0
7.194	1	1	720	5	1	24	1620	0	0	1
7.195	1	1	720	6	1	24	1620	0	0	0
7.195	1	1	720	6	1	24	1620	0	0	1
7.196	1	1	720	7	1	24	1620	0	0	0
7.197	1	1	720	8	1	24	1620	0	0	0
7.197	1	1	720	8	1	24	1620	0	0	1
7.198	1	1	720	9	1	24	1620	0	0	0
7.198	1	1	720	9	1	24	1620	0	0	1
7.199	1	1	720	10	1	24	1620	0	0	0
7.199	1	1	720	10	1	24	1620	0	0	1
7.2	1	1	721	1	1	24	1620	0	0	0
7.2	1	1	721	1	1	24	1620	0	0	1
7.201	1	1	721	2	1	24	1620	0	0	0
7.201	1	1	721	2	1	24	1620	0	0	1
7.202	1	1	721	3	1	24	1620	0	0	0
7.202	1	1	721	3	1	24	1620	0	0	1
7.204	1	1	721	5	1	24	1620	0	0	0
7.204	1	1	721	5	1	24	1620	0	0	1
7.205	1	1	721	6	1	24	1620	0	0	0
7.205	1	1	721	6	1	24	1620	0	0	1
7.206	1	1	721	7	1	24	1620	0	0	0
7.206	1	1	721	7	1	24	1620	0	0	1
7.207	1	1	721	8	1	24	1620	0	0	0
7.208	1	1	721	9	1	24	1620	0	0	0
7.209	1	1	721	10	1	24	1620	0	0	0
7.21	1	1	722	1	1	24	1620	0	0	0
7.21	1	1	722	1	1	24	1620	0	0	1
7.211	1	1	722	2	1	24	1620	0	0	0
7.211	1	1	722	2	1	24	1620	0	0	1
7.212	1	1	722	3	1	24	1620	0	0	0
7.212	1	1	722	3	1	24	1620	0	0	1
7.213	1	1	722	4	1	24	1620	0	0	0
7.213	1	1	722	4	1	24	1620	0	0	1
7.214	1	1	722	5	1	24	1620	0	0	0
7.214	1	1	722	5	1	24	1620	0	0	1
7.215	1	1	722	6	1	24	1620	0	0	0
7.216	1	1	722	7	1	24	1620	0	0	0
7.216	1	1	722	7	1	24	1620	0	0	1
7.217	1	1	722	8	1	24	1620	0	0	0
7.217	1	1	722	8	1	24	1620	0	0	1
7.218	1	1	722	9	1	24	1620	0	0	0
7.218	1	1	722	9	1	24	1620	0	0	1
7.219	1	1	722	10	1	24	1620	0	0	0
7.219	1	1	722	10	1	24	1620	0	0	1
7.22	1	1	723	1	1	24	1620	0	0	0
7.22	1	1	723	1	1	24	1620	0	0	1
7.221	1	1	723	2	1	24	1620	0	0	0
7.221	1	1	723	2	1	24	1620	0	0	1
7.223	1	1	723	4	1	24	1620	0	0	0
7.224	1	1	723	5	1	24	1620	0	0	0
7.225	1	1	723	6	1	24	1620	0	0	0
7.225	1	1	723	6	1	24	1620	0	0	1
7.226	1	1	723	7	1	24	1620	0	0	0
7.226	1	1	723	7	1	24	1620	0	0	1
7.227	1	1	723	8	1	24	1620	0	0	0
7.228	1	1	723	9	1	24	1620	0	0	0
7.228	1	1	723	9	1	24	1620	0	0	1
7.229	1	1	723	10	1	24	1620	0	0	0
7.229	1	1	723	10	1	24	1620	0	0	1
7.23	1	1	724	1	1	24	1620	0	0	0
7.23	1	1	724	1	1	24	1620	0	0	1
7.232	1	1	724	3	1	26	1836	0	0	0
7.232	1	1	724	3	1	26	1836	0	0	1
7.233	1	1	724	4	1	26	1836	0	0	0
7.233	1	1	724	4	1	26	1836	0	0	1
7.234	1	1	724	5	1	26	1836	0	0	0
7.234	1	1	724	5	1	26	1836	0	0	1
7.235	1	1	724	6	1	26	1836	0	0	0
7.235	1	1	724	6	1	26	1836	0	0	1
7.236	1	1	724	7	1	26	1836	0	0	0
7.236	1	1	724	7	1	26	1836	0	0	1
7.237	1	1	724	8	1	26	1836	0	0	0
7.237	1	1	724	8	1	26	1836	0	0	1
7.238	1	1	724	9	1	26	1836	0	0	0
7.238	1	1	724	9	1	26	1836	0	0	1
7.239	1	1	724	10	1	26	1836	0	0	0
7.241	1	1	725	2	1	26	1836	0	0	0
7.242	1	1	725	3	1	26	1836	0	0	0
7.242	1	1	725	3	1	26	1836	0	0	1
7.243	1	1	725	4	1	26	1836	0	0	0
7.244	1	1	725	5	1	26	1836	0	0	0
7.244	1	1	725	5	1	26	1836	0	0	1
7.245	1	1	725	6	1	26	1836	0	0	0
7.245	1	1	725	6	1	26	1836	0	0	1
7.246	1	1	725	7	1	26	1836	0	0	0
7.246	1	1	725	7	1	26	1836	0	0	1
7.247	1	1	725	8	1	26	1836	0	0	0
7.247	1	1	725	8	1	26	1836	0	0	1
7.248	1	1	725	9	1	26	1836	0	0	0
7.248	1	1	725	9	1	26	1836	0	0	1
7.249	1	1	725	10	1	26	1836	0	0	0
7.249	1	1	725	10	1	26	1836	0	0	1
7.251	1	1	726	2	1	26	1836	0	0	0
7.251	1	1	726	2	1	26	1836	0	0	1
7.252	1	1	726	3	1	26	1836	0	0	0
7.252	1	1	726	3	1	26	1836	0	0	1
7.253	1	1	726	4	1	26	1836	0	0	0
7.253	1	1	726	4	1	26	1836	0	0	1
7.254	1	1	726	5	1	26	1836	0	0	0
7.254	1	1	726	5	1	26	1836	0	0	1
7.255	1	1	726	6	1	26	1836	0	0	0
7.256	1	1	726	7	1	26	1836	0	0	0
7.257	1	1	726	8	1	26	1836	0	0	0
7.258	1	1	726	9	1	26	1836	0	0	0
7.258	1	1	726	9	1	26	1836	0	0	1
7.259	1	1	726	10	1	26	1836	0	0	0
7.259	1	1	726	10	1	26	1836	0	0	1
7.26	1	1	727	1	1	26	1836	0	0	0
7.26	1	1	727	1	1	26	1836	0	0	1
7.261	1	1	727	2	1	26	1836	0	0	0
7.261	1	1	727	2	1	26	1836	0	0	1
7.262	1	1	727	3	1	26	1836	0	0	0
7.263	1	1	727	4	1	26	1836	0	0	0
7.263	1	1	727	4	1	26	1836	0	0	1
7.264	1	1	727	5	1	26	1836	0	0	0
7.264	1	1	727	5	1	26	1836	0	0	1
7.265	1	1	727	6	1	26	1836	0	0	0
7.265	1	1	727	6	1	26	1836	0	0	1
7.266	1	1	727	7	1	26	1836	0	0	0
7.266	1	1	727	7	1	26	1836	0	0	1
7.267	1	1	727	8	1	26	1836	0	0	0
7.267	1	1	727	8	1	26	1836	0	0	1
7.269	1	1	727	10	1	26	1836	0	0	0
7.269	1	1	727	10	1	26	1836	0	0	1
7.27	1	1	728	1	1	26	1836	0	0	0
7.27	1	1	728	1	1	26	1836	0	0	1
7.271	1	1	728	2	1	26	1836	0	0	0
7.272	1	1	728	3	1	26	1836	0	0	0
7.273	1	1	728	4	1	26	1836	0	0	0
7.273	1	1	728	4	1	26	1836	0	0	1
7.274	1	1	728	5	1	26	1836	0	0	0
7.275	1	1	728	6	1	26	1836	0	0	0
7.275	1	1	728	6	1	26	1836	0	0	1
7.276	1	1	728	7	1	26	1836	0	0	0
7.276	1	1	728	7	1	26	1836	0	0	1
7.277	1	1	728	8	1	26	1836	0	0	0
7.277	1	1	728	8	1	26	1836	0	0	1
7.279	1	1	728	10	1	26	1836	0	0	0
7.279	1	1	728	10	1	26	1836	0	0	1
7.28	1	1	729	1	1	26	1836	0	0	0
7.28	1	1	729	1	1	26	1836	0	0	1
7.281	1	1	729	2	1	26	1836	0	0	0
7.281	1	1	729	2	1	26	1836	0	0	1
7.282	1	1	729	3	1	26	1836	0	0	0
7.282	1	1	729	3	1	26	1836	0	0	1
7.283	1	1	729	4	1	26	1836	0	0	0
7.283	1	1	729	4	1	26	1836	0	0	1
7.284	1	1	729	5	1	24	1620	0	0	0
7.284	1	1	729	5	1	24	1620	0	0	1
7.285	1	1	729	6	1	24	1620	0	0	0
7.285	1	1	729	6	1	24	1620	0	0	1
7.286	1	1	729	7	1	24	1620	0	0	0
7.286	1	1	729	7	1	24	1620	0	0	1
7.288	1	1	729	9	1	24	1620	0	0	0
7.289	1	1	729	10	1	24	1620	0	0	0
7.29	1	1	730	1	1	24	1620	0	0	0
7.291	1	1	730	2	1	24	1620	0	0	0
7.291	1	1	730	2	1	24	1620	0	0	1
7.292	1	1	730	3	1	24	1620	0	0	0
7.292	1	1	730	3	1	24	1620	0	0	1
7.293	1	1	730	4	1	24	1620	0	0	0
7.293	1	1	730	4	1	24	1620	0	0	1
7.294	1	1	730	5	1	24	1620	0	0	0
7.294	1	1	730	5	1	24	1620	0	0	1
7.295	1	1	730	6	1	24	1620	0	0	0
7.295	1	1	730	6	1	24	1620	0	0	1
7.297	1	1	730	8	1	24	1620	0	0	0
7.297	1	1	730	8	1	24	1620	0	0	1
7.298	1	1	730	9	1	24	1620	0	0	0
7.298	1	1	730	9	1	24	1620	0	0	1
7.299	1	1	730	10	1	24	1620	0	0	0
7.299	1	1	730	10	1	24	1620	0	0	1
7.3	1	1	731	1	1	24	1620	0	0	0
7.3	1	1	731	1	1	24	1620	0	0	1
7.301	1	1	731	2	1	24	1620	0	0	0
7.301	1	1	731	2	1	24	1620	0	0	1
7.302	1	1	731	3	1	24	1620	0	0	0
7.302	1	1	731	3	1	24	1620	0	0	1
7.303	1	1	731	4	1	24	1620	0	0	0
7.303	1	1	731	4	1	24	1620	0	0	1
7.304	1	1	731	5	1	24	1620	0	0	0
7.305	1	1	731	6	1	24	1620	0	0	0
7.306	1	1	731	7	1	24	1620	0	0	0
7.307	1	1	731	8	1	24	1620	0	0	0
7.307	1	1	731	8	1	24	1620	0	0	1
7.308	1	1	731	9	1	22	1383	0	0	0
7.309	1	1	731	10	1	22	1383	0	0	0
7.309	1	1	731	10	1	22	1383	0	0	1
7.31	1	1	732	1	1	22	1383	0	0	0
7.31	1	1	732	1	1	22	1383	0	0	1
7.311	1	1	732	2	1	22	1383	0	0	0
7.311	1	1	732	2	1	22	1383	0	0	1
7.312	1	1	732	3	1	22	1383	0	0	0
7.312	1	1	732	3	1	22	1383	0	0	1
7.313	1	1	732	4	1	22	1383	0	0	0
7.313	1	1	732	4	1	22	1383	0	0	1
7.314	1	1	732	5	1	22	1383	0	0	0
7.314	1	1	732	5	1	22	1383	0	0	1
7.316	1	1	732	7	1	22	1383	0	0	0
7.316	1	1	732	7	1	22	1383	0	0	1
7.317	1	1	732	8	1	22	1383	0	0	0
7.317	1	1	732	8	1	22	1383	0	0	1
7.318	1	1	732	9	1	22	1383	0	0	0
7.318	1	1	732	9	1	22	1383	0	0	1
7.319	1	1	732	10	1	22	1383	0	0	0
7.319	1	1	732	10	1	22	1383	0	0	1
7.32	1	1	733	1	1	22	1383	0	0	0
7.32	1	1	733	1	1	22	1383	0	0	1
7.321	1	1	733	2	1	22	1383	0	0	0
7.321	1	1	733	2	1	22	1383	0	0	1
7.322	1	1	733	3	1	22	1383	0	0	0
7.322	1	1	733	3	1	22	1383	0	0	1
7.323	1	1	733	4	1	22	1383	0	0	0
7.323	1	1	733	4	1	22	1383	0	0	1
7.324	1	1	733	5	1	22	1383	0	0	0
7.324	1	1	733	5	1	22	1383	0	0	1
7.325	1	1	733	6	1	22	1383	0	0	0
7.325	1	1	733	6	1	22	1383	0	0	1
7.326	1	1	733	7	1	22	1383	0	0	0
7.326	1	1	733	7	1	22	1383	0	0	1
7.327	1	1	733	8	1	22	1383	0	0	0
7.327	1	1	733	8	1	22	1383	0	0	1
7.328	1	1	733	9	1	22	1383	0	0	0
7.328	1	1	733	9	1	22	1383	0	0	1
7.329	1	1	733	10	1	22	1383	0	0	0
7.329	1	1	733	10	1	22	1383	0	0	1
7.33	1	1	734	1	1	22	1383	0	0	0
7.33	1	1	734	1	1	22	1383	0	0	1
7.331	1	1	734	2	1	22	1383	0	0	0
7.331	1	1	734	2	1	22	1383	0	0	1
7.332	1	1	734	3	1	22	1383	0	0	0
7.332	1	1	734	3	1	22	1383	0	0	1
7.333	1	1	734	4	1	22	1383	0	0	0
7.333	1	1	734	4	1	22	1383	0	0	1
7.335	1	1	734	6	1	22	1383	0	0	0
7.335	1	1	734	6	1	22	1383	0	0	1
7.336	1	1	734	7	1	22	1383	0	0	0
7.336	1	1	734	7	1	22	1383	0	0	1
7.337	1	1	734	8	1	22	1383	0	0	0
7.337	1	1	734	8	1	22	1383	0	0	1
7.338	1	1	734	9	1	22	1383	0	0	0
7.338	1	1	734	9	1	22	1383	0	0	1
7.339	1	1	734	10	1	22	1383	0	0	0
7.339	1	1	734	10	1	22	1383	0	0	1
7.34	1	1	735	1	1	22	1383	0	0	0
7.34	1	1	735	1	1	22	1383	0	0	1
7.341	1	1	735	2	1	22	1383	0	0	0
7.341	1	1	735	2	1	22	1383	0	0	1
7.342	1	1	735	3	1	22	1383	0	0	0
7.342	1	1	735	3	1	22	1383	0	0	1
7.344	1	1	735	5	1	22	1383	0	0	0
7.344	1	1	735	5	1	22	1383	0	0	1
7.345	1	1	735	6	1	22	1383	0	0	0
7.345	1	1	735	6	1	22	1383	0	0	1
7.346	1	1	735	7	1	22	1383	0	0	0
7.346	1	1	735	7	1	22	1383	0	0	1
7.347	1	1	735	8	1	22	1383	0	0	0
7.347	1	1	735	8	1	22	1383	0	0	1
7.348	1	1	735	9	1	22	1383	0	0	0
7.348	1	1	735	9	1	22	1383	0	0	1
7.349	1	1	735	10	1	22	1383	0	0	0
7.349	1	1	735	10	1	22	1383	0	0	1
7.35	1	1	736	1	1	22	1383	0	0	0
7.35	1	1	736	1	1	22	1383	0	0	1
7.351	1	1	736	2	1	22	1383	0	0	0
7.351	1	1	736	2	1	22	1383	0	0	1
7.352	1	1	736	3	1	22	1383	0	0	0
7.352	1	1	736	3	1	22	1383	0	0	1
7.353	1	1	736	4	1	22	1383	0	0	0
7.353	1	1	736	4	1	22	1383	0	0	1
7.354	1	1	736	5	1	22	1383	0	0	0
7.354	1	1	736	5	1	22	1383	0	0	1
7.355	1	1	736	6	1	22	1383	0	0	0
7.355	1	1	736	6	1	22	1383	0	0	1
7.356	1	1	736	7	1	20	1191	0	0	0
7.356	1	1	736	7	1	20	1191	0	0	1
7.357	1	1	736	8	1	20	1191	0	0	0
7.357	1	1	736	8	1	20	1191	0	0	1
7.358	1	1	736	9	1	20	1191	0	0	0
7.358	1	1	736	9	1	20	1191	0	0	1
7.359	1	1	736	10	1	20	1191	0	0	0
7.359	1	1	736	10	1	20	1191	0	0	1
7.36	1	1	737	1	1	20	1191	0	0	0
7.36	1	1	737	1	1	20	1191	0	0	1
7.361	1	1	737	2	1	20	1191	0	0	0
7.361	1	1	737	2	1	20	1191	0	0	1
7.363	1	1	737	4	1	20	1191	0	0	0
7.363	1	1	737	4	1	20	1191	0	0	1
7.364	1	1	737	5	1	20	1191	0	0	0
7.364	1	1	737	5	1	20	1191	0	0	1
7.365	1	1	737	6	1	20	1191	0	0	0
7.365	1	1	737	6	1	20	1191	0	0	1
7.366	1	1	737	7	1	20	1191	0	0	0
7.366	1	1	737	7	1	20	1191	0	0	1
7.367	1	1	737	8	1	20	1191	0	0	0
7.367	1	1	737	8	1	20	1191	0	0	1
7.368	1	1	737	9	1	20	1191	0	0	0
7.368	1	1	737	9	1	20	1191	0	0	1
7.369	1	1	737	10	1	20	1191	0	0	0
7.369	1	1	737	10	1	20	1191	0	0	1
7.37	1	1	738	1	1	18	967	0	0	0
7.37	1	1	738	1	1	18	967	0	0	1
7.371	1	1	738	2	1	18	967	0	0	0
7.371	1	1	738	2	1	18	967	0	0	1
7.372	1	1	738	3	1	18	967	0	0	0
7.372	1	1	738	3	1	18	967	0	0	1
7.373	1	1	738	4	1	18	967	0	0	0
7.373	1	1	738	4	1	18	967	0	0	1
7.374	1	1	738	5	1	18	967	0	0	0
7.374	1	1	738	5	1	18	967	0	0	1
7.375	1	1	738	6	1	18	967	0	0	0
7.375	1	1	738	6	1	18	967	0	0	1
7.376	1	1	738	7	1	18	967	0	0	0
7.376	1	1	738	7	1	18	967	0	0	1
7.377	1	1	738	8	1	18	967	0	0	0
7.377	1	1	738	8	1	18	967	0	0	1
7.378	1	1	738	9	1	18	967	0	0	0
7.378	1	1	738	9	1	18	967	0	0	1
7.379	1	1	738	10	1	18	967	0	0	0
7.379	1	1	738	10	1	18	967	0	0	1
7.381	1	1	739	2	1	18	967	0	0	0
7.381	1	1	739	2	1	18	967	0	0	1
7.382	1	1	739	3	1	18	967	0	0	0
7.382	1	1	739	3	1	18	967	0	0	1
7.383	1	1	739	4	1	18	967	0	0	0
7.383	1	1	739	4	1	18	967	0	0	1
7.384	1	1	739	5	1	20	1191	0	0	0
7.384	1	1	739	5	1	20	1191	0	0	1
7.385	1	1	739	6	1	20	1191	0	0	0
7.385	1	1	739	6	1	20	1191	0	0	1
7.386	1	1	739	7	1	20	1191	0	0	0
7.386	1	1	739	7	1	20	1191	0	0	1
7.387	1	1	739	8	1	20	1191	0	0	0
7.387	1	1	739	8	1	20	1191	0	0	1
7.388	1	1	739	9	1	20	1191	0	0	0
7.388	1	1	739	9	1	20	1191	0	0	1
7.389	1	1	739	10	1	20	1191	0	0	0
7.389	1	1	739	10	1	20	1191	0	0	1
7.39	1	1	740	1	1	20	1191	0	0	0
7.39	1	1	740	1	1	20	1191	0	0	1
7.391	1	1	740	2	1	20	1191	0	0	0
7.391	1	1	740	2	1	20	1191	0	0	1
7.392	1	1	740	3	1	20	1191	0	0	0
7.392	1	1	740	3	1	20	1191	0	0	1
7.393	1	1	740	4	1	20	1191	0	0	0
7.393	1	1	740	4	1	20	1191	0	0	1
7.394	1	1	740	5	1	20	1191	0	0	0
7.394	1	1	740	5	1	20	1191	0	0	1
7.395	1	1	740	6	1	20	1191	0	0	0
7.395	1	1	740	6	1	20	1191	0	0	1
7.396	1	1	740	7	1	22	1383	0	0	0
7.396	1	1	740	7	1	22	1383	0	0	1
7.397	1	1	740	8	1	22	1383	0	0	0
7.397	1	1	740	8	1	22	1383	0	0	1
7.398	1	1	740	9	1	22	1383	0	0	0
7.398	1	1	740	9	1	22	1383	0	0	1
7.4	1	1	741	1	1	22	1383	0	0	0
7.4	1	1	741	1	1	22	1383	0	0	1
7.401	1	1	741	2	1	22	1383	0	0	0
7.401	1	1	741	2	1	22	1383	0	0	1
7.402	1	1	741	3	1	22	1383	0	0	0
7.402	1	1	741	3	1	22	1383	0	0	1
7.403	1	1	741	4	1	22	1383	0	0	0
7.403	1	1	741	4	1	22	1383	0	0	1
7.404	1	1	741	5	1	22	1383	0	0	0
7.404	1	1	741	5	1	22	1383	0	0	1
7.405	1	1	741	6	1	22	1383	0	0	0
7.405	1	1	741	6	1	22	1383	0	0	1
7.406	1	1	741	7	1	22	1383	0	0	0
7.406	1	1	741	7	1	22	1383	0	0	1
7.407	1	1	741	8	1	22	1383	0	0	0
7.407	1	1	741	8	1	22	1383	0	0	1
7.409	1	1	741	10	1	22	1383	0	0	0
7.409	1	1	741	10	1	22	1383	0	0	1
7.41	1	1	742	1	1	22	1383	0	0	0
7.41	1	1	742	1	1	22	1383	0	0	1
7.411	1	1	742	2	1	22	1383	0	0	0
7.411	1	1	742	2	1	22	1383	0	0	1
7.412	1	1	742	3	1	22	1383	0	0	0
7.412	1	1	742	3	1	22	1383	0	0	1
7.413	1	1	742	4	1	22	1383	0	0	0
7.413	1	1	742	4	1	22	1383	0	0	1
7.414	1	1	742	5	1	24	1620	0	0	0
7.414	1	1	742	5	1	24	1620	0	0	1
7.415	1	1	742	6	1	24	1620	0	0	0
7.415	1	1	742	6	1	24	1620	0	0	1
7.416	1	1	742	7	1	24	1620	0	0	0
7.416	1	1	742	7	1	24	1620	0	0	1
7.417	1	1	742	8	1	24	1620	0	0	0
7.417	1	1	742	8	1	24	1620	0	0	1
7.418	1	1	742	9	1	24	1620	0	0	0
7.418	1	1	742	9	1	24	1620	0	0	1
7.419	1	1	742	10	1	24	1620	0	0	0
7.419	1	1	742	10	1	24	1620	0	0	1
7.42	1	1	743	1	1	24	1620	0	0	0
7.42	1	1	743	1	1	24	1620	0	0	1
7.421	1	1	743	2	1	24	1620	0	0	0
7.421	1	1	743	2	1	24	1620	0	0	1
7.422	1	1	743	3	1	24	1620	0	0	0
7.423	1	1	743	4	1	24	1620	0	0	0
7.423	1	1	743	4	1	24	1620	0	0	1
7.424	1	1	743	5	1	24	1620	0	0	0
7.424	1	1	743	5	1	24	1620	0	0	1
7.425	1	1	743	6	1	24	1620	0	0	0
7.425	1	1	743	6	1	24	1620	0	0	1
7.426	1	1	743	7	1	24	1620	0	0	0
7.426	1	1	743	7	1	24	1620	0	0	1
7.428	1	1	743	9	1	24	1620	0	0	0
7.428	1	1	743	9	1	24	1620	0	0	1
7.429	1	1	743	10	1	24	1620	0	0	0
7.429	1	1	743	10	1	24	1620	0	0	1
7.43	1	1	744	1	1	24	1620	0	0	0
7.431	1	1	744	2	1	24	1620	0	0	0
7.432	1	1	744	3	1	24	1620	0	0	0
7.432	1	1	744	3	1	24	1620	0	0	1
7.433	1	1	744	4	1	24	1620	0	0	0
7.433	1	1	744	4	1	24	1620	0	0	1
7.434	1	1	744	5	1	24	1620	0	0	0
7.435	1	1	744	6	1	24	1620	0	0	0
7.435	1	1	744	6	1	24	1620	0	0	1
7.436	1	1	744	7	1	24	1620	0	0	0
7.436	1	1	744	7	1	24	1620	0	0	1
7.437	1	1	744	8	1	24	1620	0	0	0
7.437	1	1	744	8	1	24	1620	0	0	1
7.438	1	1	744	9	1	24	1620	0	0	0
7.438	1	1	744	9	1	24	1620	0	0	1
7.439	1	1	744	10	1	24	1620	0	0	0
7.439	1	1	744	10	1	24	1620	0	0	1
7.44	1	1	745	1	1	24	1620	0	0	0
7.44	1	1	745	1	1	24	1620	0	0	1
7.441	1	1	745	2	1	24	1620	0	0	0
7.441	1	1	745	2	1	24	1620	0	0	1
7.442	1	1	745	3	1	22	1383	0	0	0
7.442	1	1	745	3	1	22	1383	0	0	1
7.443	1	1	745	4	1	22	1383	0	0	0
7.443	1	1	745	4	1	22	1383	0	0	1
7.444	1	1	745	5	1	22	1383	0	0	0
7.444	1	1	745	5	1	22	1383	0	0	1
7.445	1	1	745	6	1	22	1383	0	0	0
7.447	1	1	745	8	1	22	1383	0	0	0
7.448	1	1	745	9	1	22	1383	0	0	0
7.449	1	1	745	10	1	22	1383	0	0	0
7.449	1	1	745	10	1	22	1383	0	0	1
7.45	1	1	746	1	1	22	1383	0	0	0
7.45	1	1	746	1	1	22	1383	0	0	1
7.451	1	1	746	2	1	22	1383	0	0	0
7.451	1	1	746	2	1	22	1383	0	0	1
7.452	1	1	746	3	1	22	1383	0	0	0
7.452	1	1	746	3	1	22	1383	0	0	1
7.453	1	1	746	4	1	22	1383	0	0	0
7.453	1	1	746	4	1	22	1383	0	0	1
7.454	1	1	746	5	1	22	1383	0	0	0
7.454	1	1	746	5	1	22	1383	0	0	1
7.456	1	1	746	7	1	22	1383	0	0	0
7.456	1	1	746	7	1	22	1383	0	0	1
7.457	1	1	746	8	1	22	1383	0	0	0
7.457	1	1	746	8	1	22	1383	0	0	1
7.458	1	1	746	9	1	20	1191	0	0	0
7.458	1	1	746	9	1	20	1191	0	0	1
7.459	1	1	746	10	1	20	1191	0	0	0
7.459	1	1	746	10	1	20	1191	0	0	1
7.46	1	1	747	1	1	20	1191	0	0	0
7.46	1	1	747	1	1	20	1191	0	0	1
7.461	1	1	747	2	1	20	1191	0	0	0
7.461	1	1	747	2	1	20	1191	0	0	1
7.462	1	1	747	3	1	20	1191	0	0	0
7.462	1	1	747	3	1	20	1191	0	0	1
7.463	1	1	747	4	1	20	1191	0	0	0
7.463	1	1	747	4	1	20	1191	0	0	1
7.464	1	1	747	5	1	20	1191	0	0	0
7.464	1	1	747	5	1	20	1191	0	0	1
7.465	1	1	747	6	1	20	1191	0	0	0
7.465	1	1	747	6	1	20	1191	0	0	1
7.466	1	1	747	7	1	20	1191	0	0	0
7.466	1	1	747	7	1	20	1191	0	0	1
7.467	1	1	747	8	1	20	1191	0	0	0
7.467	1	1	747	8	1	20	1191	0	0	1
7.468	1	1	747	9	1	20	1191	0	0	0
7.468	1	1	747	9	1	20	1191	0	0	1
7.469	1	1	747	10	1	20	1191	0	0	0
7.469	1	1	747	10	1	20	1191	0	0	1
7.47	1	1	748	1	1	18	967	0	0	0
7.47	1	1	748	1	1	18	967	0	0	1
7.471	1	1	748	2	1	18	967	0	0	0
7.471	1	1	748	2	1	18	967	0	0	1
7.472	1	1	748	3	1	18	967	0	0	0
7.472	1	1	748	3	1	18	967	0	0	1
7.473	1	1	748	4	1	18	967	0	0	0
7.473	1	1	748	4	1	18	967	0	0	1
7.475	1	1	748	6	1	18	967	0	0	0
7.475	1	1	748	6	1	18	967	0	0	1
7.476	1	1	748	7	1	18	967	0	0	0
7.476	1	1	748	7	1	18	967	0	0	1
7.477	1	1	748	8	1	18	967	0	0	0
7.477	1	1	748	8	1	18	967	0	0	1
7.478	1	1	748	9	1	18	967	0	0	0
7.478	1	1	748	9	1	18	967	0	0	1
7.479	1	1	748	10	1	18	967	0	0	0
7.479	1	1	748	10	1	18	967	0	0	1
7.48	1	1	749	1	1	18	967	0	0	0
7.48	1	1	749	1	1	18	967	0	0	1
7.481	1	1	749	2	1	18	967	0	0	0
7.481	1	1	749	2	1	18	967	0	0	1
7.482	1	1	749	3	1	18	967	0	0	0
7.482	1	1	749	3	1	18	967	0	0	1
7.483	1	1	749	4	1	18	967	0	0	0
7.483	1	1	749	4	1	18	967	0	0	1
7.484	1	1	749	5	1	18	967	0	0	0
7.484	1	1	749	5	1	18	967	0	0	1
7.485	1	1	749	6	1	18	967	0	0	0
7.485	1	1	749	6	1	18	967	0	0	1
7.486	1	1	749	7	1	18	967	0	0	0
7.486	1	1	749	7	1	18	967	0	0	1
7.487	1	1	749	8	1	18	967	0	0	0
7.487	1	1	749	8	1	18	967	0	0	1
7.488	1	1	749	9	1	18	967	0	0	0
7.488	1	1	749	9	1	18	967	0	0	1
7.489	1	1	749	10	1	18	967	0	0	0
7.489	1	1	749	10	1	18	967	0	0	1
7.49	1	1	750	1	1	18	967	0	0	0
7.49	1	1	750	1	1	18	967	0	0	1
7.491	1	1	750	2	1	18	967	0	0	0
7.491	1	1	750	2	1	18	967	0	0	1
7.493	1	1	750	4	1	20	1191	0	0	0
7.493	1	1	750	4	1	20	1191	0	0	1
7.494	1	1	750	5	1	20	1191	0	0	0
7.494	1	1	750	5	1	20	1191	0	0	1
7.495	1	1	750	6	1	20	1191	0	0	0
7.495	1	1	750	6	1	20	1191	0	0	1
7.496	1	1	750	7	1	20	1191	0	0	0
7.496	1	1	750	7	1	20	1191	0	0	1
7.497	1	1	750	8	1	20	1191	0	0	0
7.497	1	1	750	8	1	20	1191	0	0	1
7.498	1	1	750	9	1	20	1191	0	0	0
7.498	1	1	750	9	1	20	1191	0	0	1
7.499	1	1	750	10	1	20	1191	0	0	0
7.499	1	1	750	10	1	20	1191	0	0	1
7.5	1	1	751	1	1	20	1191	0	0	0
7.5	1	1	751	1	1	20	1191	0	0	1
7.501	1	1	751	2	1	20	1191	0	0	0
7.501	1	1	751	2	1	20	1191	0	0	1
7.503	1	1	751	4	1	20	1191	0	0	0
7.503	1	1	751	4	1	20	1191	0	0	1
7.504	1	1	751	5	1	20	1191	0	0	0
7.504	1	1	751	5	1	20	1191	0	0	1
7.505	1	1	751	6	1	20	1191	0	0	0
7.505	1	1	751	6	1	20	1191	0	0	1
7.506	1	1	751	7	1	22	1383	0	0	0
7.506	1	1	751	7	1	22	1383	0	0	1
7.507	1	1	751	8	1	22	1383	0	0	0
7.507	1	1	751	8	1	22	1383	0	0	1
7.508	1	1	751	9	1	22	1383	0	0	0
7.508	1	1	751	9	1	22	1383	0	0	1
7.509	1	1	751	10	1	22	1383	0	0	0
7.509	1	1	751	10	1	22	1383	0	0	1
7.51	1	1	752	1	1	22	1383	0	0	0
7.51	1	1	752	1	1	22	1383	0	0	1
7.511	1	1	752	2	1	22	1383	0	0	0
7.511	1	1	752	2	1	22	1383	0	0	1
7.512	1	1	752	3	1	22	1383	0	0	0
7.512	1	1	752	3	1	22	1383	0	0	1
7.513	1	1	752	4	1	22	1383	0	0	0
7.513	1	1	752	4	1	22	1383	0	0	1
7.514	1	1	752	5	1	22	1383	0	0	0
7.514	1	1	752	5	1	22	1383	0	0	1
7.515	1	1	752	6	1	22	1383	0	0	0
7.515	1	1	752	6	1	22	1383	0	0	1
7.516	1	1	752	7	1	22	1383	0	0	0
7.516	1	1	752	7	1	22	1383	0	0	1
7.517	1	1	752	8	1	22	1383	0	0	0
7.517	1	1	752	8	1	22	1383	0	0	1
7.518	1	1	752	9	1	22	1383	0	0	0
7.518	1	1	752	9	1	22	1383	0	0	1
7.519	1	1	752	10	1	22	1383	0	0	0
7.519	1	1	752	10	1	22	1383	0	0	1
7.521	1	1	753	2	1	22	1383	0	0	0
7.521	1	1	753	2	1	22	1383	0	0	1
7.522	1	1	753	3	1	22	1383	0	0	0
7.522	1	1	753	3	1	22	1383	0	0	1
7.523	1	1	753	4	1	22	1383	0	0	0
7.523	1	1	753	4	1	22	1383	0	0	1
7.524	1	1	753	5	1	22	1383	0	0	0
7.524	1	1	753	5	1	22	1383	0	0	1
7.525	1	1	753	6	1	22	1383	0	0	0
7.525	1	1	753	6	1	22	1383	0	0	1
7.526	1	1	753	7	1	22	1383	0	0	0
7.526	1	1	753	7	1	22	1383	0	0	1
7.527	1	1	753	8	1	22	1383	0	0	0
7.527	1	1	753	8	1	22	1383	0	0	1
7.528	1	1	753	9	1	22	1383	0	0	0
7.528	1	1	753	9	1	22	1383	0	0	1
7.529	1	1	753	10	1	22	1383	0	0	0
7.529	1	1	753	10	1	22	1383	0	0	1
7.53	1	1	754	1	1	22	1383	0	0	0
7.53	1	1	754	1	1	22	1383	0	0	1
7.531	1	1	754	2	1	22	1383	0	0	0
7.531	1	1	754	2	1	22	1383	0	0	1
7.532	1	1	754	3	1	22	1383	0	0	0
7.532	1	1	754	3	1	22	1383	0	0	1
7.533	1	1	754	4	1	22	1383	0	0	0
7.533	1	1	754	4	1	22	1383	0	0	1
7.534	1	1	754	5	1	24	1620	0	0	0
7.534	1	1	754	5	1	24	1620	0	0	1
7.535	1	1	754	6	1	24	1620	0	0	0
7.535	1	1	754	6	1	24	1620	0	0	1
7.536	1	1	754	7	1	24	1620	0	0	0
7.536	1	1	754	7	1	24	1620	0	0	1
7.537	1	1	754	8	1	24	1620	0	0	0
7.537	1	1	754	8	1	24	1620	0	0	1
7.538	1	1	754	9	1	24	1620	0	0	0
7.538	1	1	754	9	1	24	1620	0	0	1
7.54	1	1	755	1	1	24	1620	0	0	0
7.54	1	1	755	1	1	24	1620	0	0	1
7.541	1	1	755	2	1	24	1620	0	0	0
7.541	1	1	755	2	1	24	1620	0	0	1
7.542	1	1	755	3	1	24	1620	0	0	0
7.542	1	1	755	3	1	24	1620	0	0	1
7.543	1	1	755	4	1	24	1620	0	0	0
7.544	1	1	755	5	1	24	1620	0	0	0
7.545	1	1	755	6	1	24	1620	0	0	0
7.546	1	1	755	7	1	24	1620	0	0	0
7.546	1	1	755	7	1	24	1620	0	0	1
7.547	1	1	755	8	1	24	1620	0	0	0
7.547	1	1	755	8	1	24	1620	0	0	1
7.548	1	1	755	9	1	24	1620	0	0	0
7.548	1	1	755	9	1	24	1620	0	0	1
7.549	1	1	755	10	1	24	1620	0	0	0
7.549	1	1	755	10	1	24	1620	0	0	1
7.55	1	1	756	1	1	24	1620	0	0	0
7.55	1	1	756	1	1	24	1620	0	0	1
7.551	1	1	756	2	1	24	1620	0	0	0
7.552	1	1	756	3	1	24	1620	0	0	0
7.552	1	1	756	3	1	24	1620	0	0	1
7.553	1	1	756	4	1	24	1620	0	0	0
7.553	1	1	756	4	1	24	1620	0	0	1
7.554	1	1	756	5	1	24	1620	0	0	0
7.554	1	1	756	5	1	24	1620	0	0	1
7.555	1	1	756	6	1	24	1620	0	0	0
7.555	1	1	756	6	1	24	1620	0	0	1
7.556	1	1	756	7	1	24	1620	0	0	0
7.556	1	1	756	7	1	24	1620	0	0	1
7.557	1	1	756	8	1	24	1620	0	0	0
7.557	1	1	756	8	1	24	1620	0	0	1
7.559	1	1	756	10	1	26	1836	0	0	0
7.56	1	1	757	1	1	26	1836	0	0	0
7.561	1	1	757	2	1	26	1836	0	0	0
7.561	1	1	757	2	1	26	1836	0	0	1
7.562	1	1	757	3	1	26	1836	0	0	0
7.562	1	1	757	3	1	26	1836	0	0	1
7.563	1	1	757	4	1	26	1836	0	0	0
7.564	1	1	757	5	1	24	1620	0	0	0
7.564	1	1	757	5	1	24	1620	0	0	1
7.565	1	1	757	6	1	24	1620	0	0	0
7.565	1	1	757	6	1	24	1620	0	0	1
7.566	1	1	757	7	1	24	1620	0	0	0
7.566	1	1	757	7	1	24	1620	0	0	1
7.568	1	1	757	9	1	24	1620	0	0	0
7.568	1	1	757	9	1	24	1620	0	0	1
7.569	1	1	757	10	1	24	1620	0	0	0
7.569	1	1	757	10	1	24	1620	0	0	1
7.57	1	1	758	1	1	24	1620	0	0	0
7.57	1	1	758	1	1	24	1620	0	0	1
7.571	1	1	758	2	1	24	1620	0	0	0
7.571	1	1	758	2	1	24	1620	0	0	1
7.572	1	1	758	3	1	24	1620	0	0	0
7.572	1	1	758	3	1	24	1620	0	0	1
7.573	1	1	758	4	1	24	1620	0	0	0
7.573	1	1	758	4	1	24	1620	0	0	1
7.574	1	1	758	5	1	24	1620	0	0	0
7.575	1	1	758	6	1	24	1620	0	0	0
7.576	1	1	758	7	1	24	1620	0	0	0
7.577	1	1	758	8	1	24	1620	0	0	0
7.577	1	1	758	8	1	24	1620	0	0	1
7.578	1	1	758	9	1	24	1620	0	0	0
7.578	1	1	758	9	1	24	1620	0	0	1
7.579	1	1	758	10	1	24	1620	0	0	0
7.58	1	1	759	1	1	24	1620	0	0	0
7.58	1	1	759	1	1	24	1620	0	0	1
7.581	1	1	759	2	1	24	1620	0	0	0
7.581	1	1	759	2	1	24	1620	0	0	1
7.582	1	1	759	3	1	24	1620	0	0	0
7.582	1	1	759	3	1	24	1620	0	0	1
7.583	1	1	759	4	1	24	1620	0	0	0
7.583	1	1	759	4	1	24	1620	0	0	1
7.584	1	1	759	5	1	22	1383	0	0	0
7.584	1	1	759	5	1	22	1383	0	0	1
7.585	1	1	759	6	1	22	1383	0	0	0
7.585	1	1	759	6	1	22	1383	0	0	1
7.587	1	1	759	8	1	22	1383	0	0	0
7.587	1	1	759	8	1	22	1383	0	0	1
7.588	1	1	759	9	1	22	1383	0	0	0
7.588	1	1	759	9	1	22	1383	0	0	1
7.589	1	1	759	10	1	22	1383	0	0	0
7.589	1	1	759	10	1	22	1383	0	0	1
7.59	1	1	760	1	1	22	1383	0	0	0
7.591	1	1	760	2	1	22	1383	0	0	0
7.591	1	1	760	2	1	22	1383	0	0	1
7.592	1	1	760	3	1	22	1383	0	0	0
7.592	1	1	760	3	1	22	1383	0	0	1
7.593	1	1	760	4	1	22	1383	0	0	0
7.593	1	1	760	4	1	22	1383	0	0	1
7.594	1	1	760	5	1	22	1383	0	0	0
7.594	1	1	760	5	1	22	1383	0	0	1
7.595	1	1	760	6	1	22	1383	0	0	0
7.595	1	1	760	6	1	22	1383	0	0	1
7.596	1	1	760	7	1	20	1191	0	0	0
7.596	1	1	760	7	1	20	1191	0	0	1
7.597	1	1	760	8	1	20	1191	0	0	0
7.597	1	1	760	8	1	20	1191	0	0	1
7.598	1	1	760	9	1	20	1191	0	0	0
7.598	1	1	760	9	1	20	1191	0	0	1
7.599	1	1	760	10	1	20	1191	0	0	0
7.599	1	1	760	10	1	20	1191	0	0	1
7.6	1	1	761	1	1	20	1191	0	0	0
7.6	1	1	761	1	1	20	1191	0	0	1
7.601	1	1	761	2	1	20	1191	0	0	0
7.601	1	1	761	2	1	20	1191	0	0	1
7.602	1	1	761	3	1	20	1191	0	0	0
7.602	1	1	761	3	1	20	1191	0	0	1
7.603	1	1	761	4	1	20	1191	0	0	0
7.603	1	1	761	4	1	20	1191	0	0	1
7.605	1	1	761	6	1	20	1191	0	0	0
7.605	1	1	761	6	1	20	1191	0	0	1
7.606	1	1	761	7	1	20	1191	0	0	0
7.606	1	1	761	7	1	20	1191	0	0	1
7.607	1	1	761	8	1	20	1191	0	0	0
7.607	1	1	761	8	1	20	1191	0	0	1
7.608	1	1	761	9	1	20	1191	0	0	0
7.608	1	1	761	9	1	20	1191	0	0	1
7.609	1	1	761	10	1	20	1191	0	0	0
7.609	1	1	761	10	1	20	1191	0	0	1
7.61	1	1	762	1	1	20	1191	0	0	0
7.61	1	1	762	1	1	20	1191	0	0	1
7.611	1	1	762	2	1	20	1191	0	0	0
7.611	1	1	762	2	1	20	1191	0	0	1
7.612	1	1	762	3	1	22	1383	0	0	0
7.612	1	1	762	3	1	22	1383	0	0	1
7.613	1	1	762	4	1	22	1383	0	0	0
7.613	1	1	762	4	1	22	1383	0	0	1
7.614	1	1	762	5	1	22	1383	0	0	0
7.614	1	1	762	5	1	22	1383	0	0	1
7.615	1	1	762	6	1	22	1383	0	0	0
7.615	1	1	762	6	1	22	1383	0	0	1
7.616	1	1	762	7	1	22	1383	0	0	0
7.616	1	1	762	7	1	22	1383	0	0	1
7.617	1	1	762	8	1	22	1383	0	0	0
7.617	1	1	762	8	1	22	1383	0	0	1
7.618	1	1	762	9	1	22	1383	0	0	0
7.618	1	1	762	9	1	22	1383	0	0	1
7.619	1	1	762	10	1	22	1383	0	0	0
7.619	1	1	762	10	1	22	1383	0	0	1
7.62	1	1	763	1	1	22	1383	0	0	0
7.62	1	1	763	1	1	22	1383	0	0	1
7.621	1	1	763	2	1	22	1383	0	0	0
7.621	1	1	763	2	1	22	1383	0	0	1
7.622	1	1	763	3	1	22	1383	0	0	0
7.622	1	1	763	3	1	22	1383	0	0	1
7.623	1	1	763	4	1	22	1383	0	0	0
7.623	1	1	763	4	1	22	1383	0	0	1
7.624	1	1	763	5	1	22	1383	0	0	0
7.624	1	1	763	5	1	22	1383	0	0	1
7.625	1	1	763	6	1	22	1383	0	0	0
7.625	1	1	763	6	1	22	1383	0	0	1
7.626	1	1	763	7	1	24	1620	0	0	0
7.626	1	1	763	7	1	24	1620	0	0	1
7.627	1	1	763	8	1	24	1620	0	0	0
7.627	1	1	763	8	1	24	1620	0	0	1
7.628	1	1	763	9	1	24	1620	0	0	0
7.628	1	1	763	9	1	24	1620	0	0	1
7.629	1	1	763	10	1	24	1620	0	0	0
7.629	1	1	763	10	1	24	1620	0	0	1
7.63	1	1	764	1	1	24	1620	0	0	0
7.63	1	1	764	1	1	24	1620	0	0	1
7.631	1	1	764	2	1	24	1620	0	0	0
7.631	1	1	764	2	1	24	1620	0	0	1
7.633	1	1	764	4	1	24	1620	0	0	0
7.633	1	1	764	4	1	24	1620	0	0	1
7.634	1	1	764	5	1	24	1620	0	0	0
7.634	1	1	764	5	1	24	1620	0	0	1
7.635	1	1	764	6	1	24	1620	0	0	0
7.635	1	1	764	6	1	24	1620	0	0	1
7.636	1	1	764	7	1	24	1620	0	0	0
7.636	1	1	764	7	1	24	1620	0	0	1
7.637	1	1	764	8	1	24	1620	0	0	0
7.638	1	1	764	9	1	24	1620	0	0	0
7.639	1	1	764	10	1	24	1620	0	0	0
7.64	1	1	765	1	1	24	1620	0	0	0
7.64	1	1	765	1	1	24	1620	0	0	1
7.641	1	1	765	2	1	24	1620	0	0	0
7.641	1	1	765	2	1	24	1620	0	0	1
7.642	1	1	765	3	1	24	1620	0	0	0
7.642	1	1	765	3	1	24	1620	0	0	1
7.643	1	1	765	4	1	24	1620	0	0	0
7.643	1	1	765	4	1	24	1620	0	0	1
7.644	1	1	765	5	1	24	1620	0	0	0
7.645	1	1	765	6	1	24	1620	0	0	0
7.645	1	1	765	6	1	24	1620	0	0	1
7.646	1	1	765	7	1	24	1620	0	0	0
7.646	1	1	765	7	1	24	1620	0	0	1
7.647	1	1	765	8	1	24	1620	0	0	0
7.647	1	1	765	8	1	24	1620	0	0	1
7.648	1	1	765	9	1	24	1620	0	0	0
7.648	1	1	765	9	1	24	1620	0	0	1
7.649	1	1	765	10	1	24	1620	0	0	0
7.649	1	1	765	10	1	24	1620	0	0	1
7.65	1	1	766	1	1	24	1620	0	0	0
7.65	1	1	766	1	1	24	1620	0	0	1
7.652	1	1	766	3	1	26	1836	0	0	0
7.652	1	1	766	3	1	26	1836	0	0	1
7.653	1	1	766	4	1	26	1836	0	0	0
7.653	1	1	766	4	1	26	1836	0	0	1
7.654	1	1	766	5	1	26	1836	0	0	0
7.655	1	1	766	6	1	26	1836	0	0	0
7.656	1	1	766	7	1	26	1836	0	0	0
7.657	1	1	766	8	1	26	1836	0	0	0
7.657	1	1	766	8	1	26	1836	0	0	1
7.658	1	1	766	9	1	26	1836	0	0	0
7.658	1	1	766	9	1	26	1836	0	0	1
7.659	1	1	766	10	1	26	1836	0	0	0
7.659	1	1	766	10	1	26	1836	0	0	1
7.661	1	1	767	2	1	26	1836	0	0	0
7.661	1	1	767	2	1	26	1836	0	0	1
7.662	1	1	767	3	1	26	1836	0	0	0
7.662	1	1	767	3	1	26	1836	0	0	1
7.663	1	1	767	4	1	26	1836	0	0	0
7.663	1	1	767	4	1	26	1836	0	0	1
7.664	1	1	767	5	1	26	1836	0	0	0
7.664	1	1	767	5	1	26	1836	0	0	1
7.665	1	1	767	6	1	26	1836	0	0	0
7.665	1	1	767	6	1	26	1836	0	0	1
7.666	1	1	767	7	1	26	1836	0	0	0
7.666	1	1	767	7	1	26	1836	0	0	1
7.667	1	1	767	8	1	26	1836	0	0	0
7.667	1	1	767	8	1	26	1836	0	0	1
7.668	1	1	767	9	1	26	1836	0	0	0
7.669	1	1	767	10	1	26	1836	0	0	0
7.67	1	1	768	1	1	26	1836	0	0	0
7.671	1	1	768	2	1	26	1836	0	0	0
7.671	1	1	768	2	1	26	1836	0	0	1
7.672	1	1	768	3	1	26	1836	0	0	0
7.673	1	1	768	4	1	26	1836	0	0	0
7.673	1	1	768	4	1	26	1836	0	0	1
7.674	1	1	768	5	1	26	1836	0	0	0
7.674	1	1	768	5	1	26	1836	0	0	1
7.675	1	1	768	6	1	26	1836	0	0	0
7.675	1	1	768	6	1	26	1836	0	0	1
7.676	1	1	768	7	1	26	1836	0	0	0
7.676	1	1	768	7	1	26	1836	0	0	1
7.677	1	1	768	8	1	26	1836	0	0	0
7.677	1	1	768	8	1	26	1836	0	0	1
7.678	1	1	768	9	1	26	1836	0	0	0
7.678	1	1	768	9	1	26	1836	0	0	1
7.68	1	1	769	1	1	26	1836	0	0	0
7.68	1	1	769	1	1	26	1836	0	0	1
7.681	1	1	769	2	1	26	1836	0	0	0
7.681	1	1	769	2	1	26	1836	0	0	1
7.682	1	1	769	3	1	26	1836	0	0	0
7.683	1	1	769	4	1	26	1836	0	0	0
7.684	1	1	769	5	1	26	1836	0	0	0
7.685	1	1	769	6	1	26	1836	0	0	0
7.685	1	1	769	6	1	26	1836	0	0	1
7.686	1	1	769	7	1	26	1836	0	0	0
7.686	1	1	769	7	1	26	1836	0	0	1
7.687	1	1	769	8	1	26	1836	0	0	0
7.687	1	1	769	8	1	26	1836	0	0	1
7.689	1	1	769	10	1	26	1836	0	0	0
7.689	1	1	769	10	1	26	1836	0	0	1
7.69	1	1	770	1	1	26	1836	0	0	0
7.69	1	1	770	1	1	26	1836	0	0	1
7.691	1	1	770	2	1	26	1836	0	0	0
7.691	1	1	770	2	1	26	1836	0	0	1
7.692	1	1	770	3	1	26	1836	0	0	0
7.692	1	1	770	3	1	26	1836	0	0	1
7.693	1	1	770	4	1	26	1836	0	0	0
7.693	1	1	770	4	1	26	1836	0	0	1
7.694	1	1	770	5	1	24	1620	0	0	0
7.694	1	1	770	5	1	24	1620	0	0	1
7.695	1	1	770	6	1	24	1620	0	0	0
7.695	1	1	770	6	1	24	1620	0	0	1
7.696	1	1	770	7	1	24	1620	0	0	0
7.697	1	1	770	8	1	24	1620	0	0	0
7.699	1	1	770	10	1	24	1620	0	0	0
7.699	1	1	770	10	1	24	1620	0	0	1
7.7	1	1	771	1	1	24	1620	0	0	0
7.701	1	1	771	2	1	24	1620	0	0	0
7.701	1	1	771	2	1	24	1620	0	0	1
7.702	1	1	771	3	1	24	1620	0	0	0
7.702	1	1	771	3	1	24	1620	0	0	1
7.703	1	1	771	4	1	24	1620	0	0	0
7.703	1	1	771	4	1	24	1620	0	0	1
7.704	1	1	771	5	1	24	1620	0	0	0
7.704	1	1	771	5	1	24	1620	0	0	1
7.705	1	1	771	6	1	24	1620	0	0	0
7.705	1	1	771	6	1	24	1620	0	0	1
7.706	1	1	771	7	1	24	1620	0	0	0
7.706	1	1	771	7	1	24	1620	0	0	1
7.708	1	1	771	9	1	24	1620	0	0	0
7.708	1	1	771	9	1	24	1620	0	0	1
7.709	1	1	771	10	1	24	1620	0	0	0
7.709	1	1	771	10	1	24	1620	0	0	1
7.71	1	1	772	1	1	22	1383	0	0	0
7.71	1	1	772	1	1	22	1383	0	0	1
7.711	1	1	772	2	1	22	1383	0	0	0
7.711	1	1	772	2	1	22	1383	0	0	1
7.712	1	1	772	3	1	22	1383	0	0	0
7.712	1	1	772	3	1	22	1383	0	0	1
7.713	1	1	772	4	1	22	1383	0	0	0
7.713	1	1	772	4	1	22	1383	0	0	1
7.714	1	1	772	5	1	22	1383	0	0	0
7.715	1	1	772	6	1	22	1383	0	0	0
7.716	1	1	772	7	1	22	1383	0	0	0
7.717	1	1	772	8	1	22	1383	0	0	0
7.717	1	1	772	8	1	22	1383	0	0	1
7.718	1	1	772	9	1	22	1383	0	0	0
7.718	1	1	772	9	1	22	1383	0	0	1
7.719	1	1	772	10	1	22	1383	0	0	0
7.719	1	1	772	10	1	22	1383	0	0	1
7.72	1	1	773	1	1	22	1383	0	0	0
7.72	1	1	773	1	1	22	1383	0	0	1
7.721	1	1	773	2	1	22	1383	0	0	0
7.721	1	1	773	2	1	22	1383	0	0	1
7.722	1	1	773	3	1	20	1191	0	0	0
7.722	1	1	773	3	1	20	1191	0	0	1
7.723	1	1	773	4	1	20	1191	0	0	0
7.723	1	1	773	4	1	20	1191	0	0	1
7.724	1	1	773	5	1	20	1191	0	0	0
7.724	1	1	773	5	1	20	1191	0	0	1
7.725	1	1	773	6	1	20	1191	0	0	0
7.725	1	1	773	6	1	20	1191	0	0	1
7.727	1	1	773	8	1	20	1191	0	0	0
7.727	1	1	773	8	1	20	1191	0	0	1
7.728	1	1	773	9	1	20	1191	0	0	0
7.728	1	1	773	9	1	20	1191	0	0	1
7.729	1	1	773	10	1	20	1191	0	0	0
7.729	1	1	773	10	1	20	1191	0	0	1
7.73	1	1	774	1	1	22	1383	0	0	0
7.73	1	1	774	1	1	22	1383	0	0	1
7.731	1	1	774	2	1	22	1383	0	0	0
7.731	1	1	774	2	1	22	1383	0	0	1
7.732	1	1	774	3	1	22	1383	0	0	0
7.732	1	1	774	3	1	22	1383	0	0	1
7.733	1	1	774	4	1	22	1383	0	0	0
7.733	1	1	774	4	1	22	1383	0	0	1
7.734	1	1	774	5	1	22	1383	0	0	0
7.734	1	1	774	5	1	22	1383	0	0	1
7.735	1	1	774	6	1	22	1383	0	0	0
7.735	1	1	774	6	1	22	1383	0	0	1
7.736	1	1	774	7	1	22	1383	0	0	0
7.736	1	1	774	7	1	22	1383	0	0	1
7.737	1	1	774	8	1	22	1383	0	0	0
7.737	1	1	774	8	1	22	1383	0	0	1
7.738	1	1	774	9	1	22	1383	0	0	0
7.738	1	1	774	9	1	22	1383	0	0	1
7.739	1	1	774	10	1	22	1383	0	0	0
7.739	1	1	774	10	1	22	1383	0	0	1
7.74	1	1	775	1	1	24	1620	0	0	0
7.74	1	1	775	1	1	24	1620	0	0	1
7.741	1	1	775	2	1	24	1620	0	0	0
7.741	1	1	775	2	1	24	1620	0	0	1
7.742	1	1	775	3	1	24	1620	0	0	0
7.742	1	1	775	3	1	24	1620	0	0	1
7.743	1	1	775	4	1	24	1620	0	0	0
7.743	1	1	775	4	1	24	1620	0	0	1
7.745	1	1	775	6	1	24	1620	0	0	0
7.745	1	1	775	6	1	24	1620	0	0	1
7.746	1	1	775	7	1	24	1620	0	0	0
7.746	1	1	775	7	1	24	1620	0	0	1
7.747	1	1	775	8	1	24	1620	0	0	0
7.747	1	1	775	8	1	24	1620	0	0	1
7.748	1	1	775	9	1	24	1620	0	0	0
7.748	1	1	775	9	1	24	1620	0	0	1
7.749	1	1	775	10	1	24	1620	0	0	0
7.75	1	1	776	1	1	24	1620	0	0	0
7.751	1	1	776	2	1	24	1620	0	0	0
7.752	1	1	776	3	1	24	1620	0	0	0
7.752	1	1	776	3	1	24	1620	0	0	1
7.753	1	1	776	4	1	24	1620	0	0	0
7.753	1	1	776	4	1	24	1620	0	0	1
7.754	1	1	776	5	1	24	1620	0	0	0
7.754	1	1	776	5	1	24	1620	0	0	1
7.755	1	1	776	6	1	24	1620	0	0	0
7.755	1	1	776	6	1	24	1620	0	0	1
7.756	1	1	776	7	1	26	1836	0	0	0
7.756	1	1	776	7	1	26	1836	0	0	1
7.757	1	1	776	8	1	26	1836	0	0	0
7.757	1	1	776	8	1	26	1836	0	0	1
7.758	1	1	776	9	1	26	1836	0	0	0
7.758	1	1	776	9	1	26	1836	0	0	1
7.759	1	1	776	10	1	26	1836	0	0	0
7.759	1	1	776	10	1	26	1836	0	0	1
7.76	1	1	777	1	1	26	1836	0	0	0
7.76	1	1	777	1	1	26	1836	0	0	1
7.761	1	1	777	2	1	26	1836	0	0	0
7.761	1	1	777	2	1	26	1836	0	0	1
7.762	1	1	777	3	1	26	1836	0	0	0
7.763	1	1	777	4	1	26	1836	0	0	0
7.764	1	1	777	5	1	26	1836	0	0	0
7.765	1	1	777	6	1	26	1836	0	0	0
7.766	1	1	777	7	1	26	1836	0	0	0
7.766	1	1	777	7	1	26	1836	0	0	1
7.767	1	1	777	8	1	26	1836	0	0	0
7.767	1	1	777	8	1	26	1836	0	0	1
7.768	1	1	777	9	1	26	1836	0	0	0
7.768	1	1	777	9	1	26	1836	0	0	1
7.769	1	1	777	10	1	26	1836	0	0	0
7.769	1	1	777	10	1	26	1836	0	0	1
7.77	1	1	778	1	1	26	1836	0	0	0
7.77	1	1	778	1	1	26	1836	0	0	1
7.771	1	1	778	2	1	26	1836	0	0	0
7.771	1	1	778	2	1	26	1836	0	0	1
7.773	1	1	778	4	1	26	1836	0	0	0
7.773	1	1	778	4	1	26	1836	0	0	1
7.774	1	1	778	5	1	26	1836	0	0	0
7.774	1	1	778	5	1	26	1836	0	0	1
7.775	1	1	778	6	1	26	1836	0	0	0
7.775	1	1	778	6	1	26	1836	0	0	1
7.776	1	1	778	7	1	26	1836	0	0	0
7.776	1	1	778	7	1	26	1836	0	0	1
7.777	1	1	778	8	1	26	1836	0	0	0
7.777	1	1	778	8	1	26	1836	0	0	1
7.778	1	1	778	9	1	24	1620	0	0	0
7.779	1	1	778	10	1	24	1620	0	0	0
7.78	1	1	779	1	1	24	1620	0	0	0
7.781	1	1	779	2	1	24	1620	0	0	0
7.781	1	1	779	2	1	24	1620	0	0	1
7.782	1	1	779	3	1	24	1620	0	0	0
7.782	1	1	779	3	1	24	1620	0	0	1
7.783	1	1	779	4	1	24	1620	0	0	0
7.783	1	1	779	4	1	24	1620	0	0	1
7.784	1	1	779	5	1	24	1620	0	0	0
7.785	1	1	779	6	1	24	1620	0	0	0
7.785	1	1	779	6	1	24	1620	0	0	1
7.786	1	1	779	7	1	24	1620	0	0	0
7.786	1	1	779	7	1	24	1620	0	0	1
7.787	1	1	779	8	1	24	1620	0	0	0
7.787	1	1	779	8	1	24	1620	0	0	1
7.788	1	1	779	9	1	24	1620	0	0	0
7.788	1	1	779	9	1	24	1620	0	0	1
7.789	1	1	779	10	1	24	1620	0	0	0
7.789	1	1	779	10	1	24	1620	0	0	1
7.79	1	1	780	1	1	24	1620	0	0	0
7.79	1	1	780	1	1	24	1620	0	0	1
7.792	1	1	780	3	1	22	1383	0	0	0
7.792	1	1	780	3	1	22	1383	0	0	1
7.793	1	1	780	4	1	22	1383	0	0	0
7.793	1	1	780	4	1	22	1383	0	0	1
7.794	1	1	780	5	1	22	1383	0	0	0
7.795	1	1	780	6	1	22	1383	0	0	0
7.796	1	1	780	7	1	22	1383	0	0	0
7.797	1	1	780	8	1	22	1383	0	0	0
7.797	1	1	780	8	1	22	1383	0	0	1
7.798	1	1	780	9	1	22	1383	0	0	0
7.798	1	1	780	9	1	22	1383	0	0	1
7.799	1	1	780	10	1	22	1383	0	0	0
7.799	1	1	780	10	1	22	1383	0	0	1
7.8	1	1	781	1	1	22	1383	0	0	0
7.8	1	1	781	1	1	22	1383	0	0	1
7.801	1	1	781	2	1	22	1383	0	0	0
7.801	1	1	781	2	1	22	1383	0	0	1
7.802	1	1	781	3	1	22	1383	0	0	0
7.802	1	1	781	3	1	22	1383	0	0	1
7.803	1	1	781	4	1	22	1383	0	0	0
7.803	1	1	781	4	1	22	1383	0	0	1
7.804	1	1	781	5	1	20	1191	0	0	0
7.804	1	1	781	5	1	20	1191	0	0	1
7.805	1	1	781	6	1	20	1191	0	0	0
7.805	1	1	781	6	1	20	1191	0	0	1
7.806	1	1	781	7	1	20	1191	0	0	0
7.806	1	1	781	7	1	20	1191	0	0	1
7.807	1	1	781	8	1	20	1191	0	0	0
7.807	1	1	781	8	1	20	1191	0	0	1
7.808	1	1	781	9	1	20	1191	0	0	0
7.808	1	1	781	9	1	20	1191	0	0	1
7.809	1	1	781	10	1	20	1191	0	0	0
7.809	1	1	781	10	1	20	1191	0	0	1
7.811	1	1	782	2	1	20	1191	0	0	0
7.811	1	1	782	2	1	20	1191	0	0	1
7.812	1	1	782	3	1	20	1191	0	0	0
7.812	1	1	782	3	1	20	1191	0	0	1
7.813	1	1	782	4	1	20	1191	0	0	0
7.813	1	1	782	4	1	20	1191	0	0	1
7.814	1	1	782	5	1	20	1191	0	0	0
7.814	1	1	782	5	1	20	1191	0	0	1
7.815	1	1	782	6	1	20	1191	0	0	0
7.815	1	1	782	6	1	20	1191	0	0	1
7.816	1	1	782	7	1	18	967	0	0	0
7.816	1	1	782	7	1	18	967	0	0	1
7.817	1	1	782	8	1	18	967	0	0	0
7.817	1	1	782	8	1	18	967	0	0	1
7.818	1	1	782	9	1	18	967	0	0	0
7.818	1	1	782	9	1	18	967	0	0	1
7.82	1	1	783	1	1	18	967	0	0	0
7.82	1	1	783	1	1	18	967	0	0	1
7.821	1	1	783	2	1	18	967	0	0	0
7.821	1	1	783	2	1	18	967	0	0	1
7.822	1	1	783	3	1	18	967	0	0	0
7.822	1	1	783	3	1	18	967	0	0	1
7.823	1	1	783	4	1	18	967	0	0	0
7.823	1	1	783	4	1	18	967	0	0	1
7.824	1	1	783	5	1	18	967	0	0	0
7.824	1	1	783	5	1	18	967	0	0	1
7.825	1	1	783	6	1	18	967	0	0	0
7.825	1	1	783	6	1	18	967	0	0	1
7.826	1	1	783	7	1	18	967	0	0	0
7.826	1	1	783	7	1	18	967	0	0	1
7.827	1	1	783	8	1	18	967	0	0	0
7.827	1	1	783	8	1	18	967	0	0	1
7.829	1	1	783	10	1	18	967	0	0	0
7.829	1	1	783	10	1	18	967	0	0	1
7.83	1	1	784	1	1	18	967	0	0	0
7.83	1	1	784	1	1	18	967	0	0	1
7.831	1	1	784	2	1	18	967	0	0	0
7.831	1	1	784	2	1	18	967	0	0	1
7.832	1	1	784	3	1	18	967	0	0	0
7.832	1	1	784	3	1	18	967	0	0	1
7.833	1	1	784	4	1	18	967	0	0	0
7.833	1	1	784	4	1	18	967	0	0	1
7.834	1	1	784	5	1	18	967	0	0	0
7.834	1	1	784	5	1	18	967	0	0	1
7.835	1	1	784	6	1	18	967	0	0	0
7.835	1	1	784	6	1	18	967	0	0	1
7.836	1	1	784	7	1	18	967	0	0	0
7.836	1	1	784	7	1	18	967	0	0	1
7.837	1	1	784	8	1	18	967	0	0	0
7.837	1	1	784	8	1	18	967	0	0	1
7.839	1	1	784	10	1	18	967	0	0	0
7.839	1	1	784	10	1	18	967	0	0	1
7.84	1	1	785	1	1	18	967	0	0	0
7.84	1	1	785	1	1	18	967	0	0	1
7.841	1	1	785	2	1	18	967	0	0	0
7.841	1	1	785	2	1	18	967	0	0	1
7.842	1	1	785	3	1	18	967	0	0	0
7.842	1	1	785	3	1	18	967	0	0	1
7.843	1	1	785	4	1	18	967	0	0	0
7.843	1	1	785	4	1	18	967	0	0	1
7.844	1	1	785	5	1	20	1191	0	0	0
7.844	1	1	785	5	1	20	1191	0	0	1
7.845	1	1	785	6	1	20	1191	0	0	0
7.845	1	1	785	6	1	20	1191	0	0	1
7.846	1	1	785	7	1	20	1191	0	0	0
7.846	1	1	785	7	1	20	1191	0	0	1
7.848	1	1	785	9	1	20	1191	0	0	0
7.848	1	1	785	9	1	20	1191	0	0	1
7.849	1	1	785	10	1	20	1191	0	0	0
7.849	1	1	785	10	1	20	1191	0	0	1
7.85	1	1	786	1	1	20	1191	0	0	0
7.85	1	1	786	1	1	20	1191	0	0	1
7.851	1	1	786	2	1	20	1191	0	0	0
7.851	1	1	786	2	1	20	1191	0	0	1
7.852	1	1	786	3	1	20	1191	0	0	0
7.852	1	1	786	3	1	20	1191	0	0	1
7.853	1	1	786	4	1	20	1191	0	0	0
7.853	1	1	786	4	1	20	1191	0	0	1
7.854	1	1	786	5	1	20	1191	0	0	0
7.854	1	1	786	5	1	20	1191	0	0	1
7.855	1	1	786	6	1	20	1191	0	0	0
7.855	1	1	786	6	1	20	1191	0	0	1
7.857	1	1	786	8	1	20	1191	0	0	0
7.857	1	1	786	8	1	20	1191	0	0	1
7.858	1	1	786	9	1	20	1191	0	0	0
7.858	1	1	786	9	1	20	1191	0	0	1
7.859	1	1	786	10	1	20	1191	0	0	0
7.859	1	1	786	10	1	20	1191	0	0	1
7.86	1	1	787	1	1	20	1191	0	0	0
7.86	1	1	787	1	1	20	1191	0	0	1
7.861	1	1	787	2	1	20	1191	0	0	0
7.861	1	1	787	2	1	20	1191	0	0	1
7.862	1	1	787	3	1	20	1191	0	0	0
7.862	1	1	787	3	1	20	1191	0	0	1
7.863	1	1	787	4	1	20	1191	0	0	0
7.863	1	1	787	4	1	20	1191	0	0	1
7.864	1	1	787	5	1	20	1191	0	0	0
7.864	1	1	787	5	1	20	1191	0	0	1
7.865	1	1	787	6	1	20	1191	0	0	0
7.865	1	1	787	6	1	20	1191	0	0	1
7.866	1	1	787	7	1	20	1191	0	0	0
7.866	1	1	787	7	1	20	1191	0	0	1
7.867	1	1	787	8	1	20	1191	0	0	0
7.867	1	1	787	8	1	20	1191	0	0	1
7.868	1	1	787	9	1	20	1191	0	0	0
7.868	1	1	787	9	1	20	1191	0	0	1
7.869	1	1	787	10	1	20	1191	0	0	0
7.869	1	1	787	10	1	20	1191	0	0	1
7.87	1	1	788	1	1	20	1191	0	0	0
7.87	1	1	788	1	1	20	1191	0	0	1
7.871	1	1	788	2	1	20	1191	0	0	0
7.871	1	1	788	2	1	20	1191	0	0	1
7.872	1	1	788	3	1	20	1191	0	0	0
7.872	1	1	788	3	1	20	1191	0	0	1
7.873	1	1	788	4	1	20	1191	0	0	0
7.873	1	1	788	4	1	20	1191	0	0	1
7.874	1	1	788	5	1	20	1191	0	0	0
7.874	1	1	788	5	1	20	1191	0	0	1
7.876	1	1	788	7	1	20	1191	0	0	0
7.876	1	1	788	7	1	20	1191	0	0	1
7.877	1	1	788	8	1	20	1191	0	0	0
7.877	1	1	788	8	1	20	1191	0	0	1
7.878	1	1	788	9	1	20	1191	0	0	0
7.878	1	1	788	9	1	20	1191	0	0	1
7.879	1	1	788	10	1	20	1191	0	0	0
7.879	1	1	788	10	1	20	1191	0	0	1
7.88	1	1	789	1	1	18	967	0	0	0
7.88	1	1	789	1	1	18	967	0	0	1
7.881	1	1	789	2	1	18	967	0	0	0
7.881	1	1	789	2	1	18	967	0	0	1
7.882	1	1	789	3	1	18	967	0	0	0
7.882	1	1	789	3	1	18	967	0	0	1
7.883	1	1	789	4	1	18	967	0	0	0
7.883	1	1	789	4	1	18	967	0	0	1
7.884	1	1	789	5	1	18	967	0	0	0
7.884	1	1	789	5	1	18	967	0	0	1
7.885	1	1	789	6	1	18	967	0	0	0
7.885	1	1	789	6	1	18	967	0	0	1
7.886	1	1	789	7	1	18	967	0	0	0
7.886	1	1	789	7	1	18	967	0	0	1
7.887	1	1	789	8	1	18	967	0	0	0
7.887	1	1	789	8	1	18	967	0	0	1
7.888	1	1	789	9	1	18	967	0	0	0
7.888	1	1	789	9	1	18	967	0	0	1
7.889	1	1	789	10	1	18	967	0	0	0
7.889	1	1	789	10	1	18	967	0	0	1
7.89	1	1	790	1	1	18	967	0	0	0
7.89	1	1	790	1	1	18	967	0	0	1
7.891	1	1	790	2	1	18	967	0	0	0
7.891	1	1	790	2	1	18	967	0	0	1
7.892	1	1	790	3	1	18	967	0	0	0
7.892	1	1	790	3	1	18	967	0	0	1
7.893	1	1	790	4	1	18	967	0	0	0
7.893	1	1	790	4	1	18	967	0	0	1
7.895	1	1	790	6	1	18	967	0	0	0
7.895	1	1	790	6	1	18	967	0	0	1
7.896	1	1	790	7	1	18	967	0	0	0
7.896	1	1	790	7	1	18	967	0	0	1
7.897	1	1	790	8	1	18	967	0	0	0
7.897	1	1	790	8	1	18	967	0	0	1
7.898	1	1	790	9	1	18	967	0	0	0
7.898	1	1	790	9	1	18	967	0	0	1
7.899	1	1	790	10	1	18	967	0	0	0
7.899	1	1	790	10	1	18	967	0	0	1
7.9	1	1	791	1	1	18	967	0	0	0
7.9	1	1	791	1	1	18	967	0	0	1
7.901	1	1	791	2	1	18	967	0	0	0
7.901	1	1	791	2	1	18	967	0	0	1
7.902	1	1	791	3	1	18	967	0	0	0
7.902	1	1	791	3	1	18	967	0	0	1
7.903	1	1	791	4	1	18	967	0	0	0
7.903	1	1	791	4	1	18	967	0	0	1
7.904	1	1	791	5	1	18	967	0	0	0
7.904	1	1	791	5	1	18	967	0	0	1
7.905	1	1	791	6	1	18	967	0	0	0
7.905	1	1	791	6	1	18	967	0	0	1
7.906	1	1	791	7	1	18	967	0	0	0
7.906	1	1	791	7	1	18	967	0	0	1
7.907	1	1	791	8	1	18	967	0	0	0
7.907	1	1	791	8	1	18	967	0	0	1
7.908	1	1	791	9	1	18	967	0	0	0
7.908	1	1	791	9	1	18	967	0	0	1
7.909	1	1	791	10	1	18	967	0	0	0
7.909	1	1	791	10	1	18	967	0	0	1
7.91	1	1	792	1	1	18	967	0	0	0
7.91	1	1	792	1	1	18	967	0	0	1
7.911	1	1	792	2	1	18	967	0	0	0
7.911	1	1	792	2	1	18	967	0	0	1
7.912	1	1	792	3	1	18	967	0	0	0
7.912	1	1	792	3	1	18	967	0	0	1
7.913	1	1	792	4	1	18	967	0	0	0
7.913	1	1	792	4	1	18	967	0	0	1
7.914	1	1	792	5	1	18	967	0	0	0
7.914	1	1	792	5	1	18	967	0	0	1
7.915	1	1	792	6	1	18	967	0	0	0
7.915	1	1	792	6	1	18	967	0	0	1
7.916	1	1	792	7	1	18	967	0	0	0
7.916	1	1	792	7	1	18	967	0	0	1
7.917	1	1	792	8	1	18	967	0	0	0
7.917	1	1	792	8	1	18	967	0	0	1
7.918	1	1	792	9	1	18	967	0	0	0
7.918	1	1	792	9	1	18	967	0	0	1
7.919	1	1	792	10	1	18	967	0	0	0
7.919	1	1	792	10	1	18	967	0	0	1
7.92	1	1	793	1	1	18	967	0	0	0
7.92	1	1	793	1	1	18	967	0	0	1
7.921	1	1	793	2	1	18	967	0	0	0
7.921	1	1	793	2	1	18	967	0	0	1
7.923	1	1	793	4	1	18	967	0	0	0
7.923	1	1	793	4	1	18	967	0	0	1
7.924	1	1	793	5	1	20	1191	0	0	0
7.924	1	1	793	5	1	20	1191	0	0	1
7.925	1	1	793	6	1	20	1191	0	0	0
7.925	1	1	793	6	1	20	1191	0	0	1
7.926	1	1	793	7	1	20	1191	0	0	0
7.926	1	1	793	7	1	20	1191	0	0	1
7.927	1	1	793	8	1	20	1191	0	0	0
7.927	1	1	793	8	1	20	1191	0	0	1
7.928	1	1	793	9	1	20	1191	0	0	0
7.928	1	1	793	9	1	20	1191	0	0	1
7.929	1	1	793	10	1	20	1191	0	0	0
7.929	1	1	793	10	1	20	1191	0	0	1
7.93	1	1	794	1	1	20	1191	0	0	0
7.93	1	1	794	1	1	20	1191	0	0	1
7.931	1	1	794	2	1	20	1191	0	0	0
7.931	1	1	794	2	1	20	1191	0	0	1
7.932	1	1	794	3	1	20	1191	0	0	0
7.932	1	1	794	3	1	20	1191	0	0	1
7.933	1	1	794	4	1	20	1191	0	0	0
7.933	1	1	794	4	1	20	1191	0	0	1
7.934	1	1	794	5	1	20	1191	0	0	0
7.934	1	1	794	5	1	20	1191	0	0	1
7.935	1	1	794	6	1	20	1191	0	0	0
7.935	1	1	794	6	1	20	1191	0	0	1
7.936	1	1	794	7	1	20	1191	0	0	0
7.936	1	1	794	7	1	20	1191	0	0	1
7.937	1	1	794	8	1	20	1191	0	0	0
7.937	1	1	794	8	1	20	1191	0	0	1
7.938	1	1	794	9	1	20	1191	0	0	0
7.938	1	1	794	9	1	20	1191	0	0	1
7.939	1	1	794	10	1	20	1191	0	0	0
7.939	1	1	794	10	1	20	1191	0	0	1
7.941	1	1	795	2	1	20	1191	0	0	0
7.941	1	1	795	2	1	20	1191	0	0	1
7.942	1	1	795	3	1	22	1383	0	0	0
7.942	1	1	795	3	1	22	1383	0	0	1
7.943	1	1	795	4	1	22	1383	0	0	0
7.943	1	1	795	4	1	22	1383	0	0	1
7.944	1	1	795	5	1	22	1383	0	0	0
7.944	1	1	795	5	1	22	1383	0	0	1
7.945	1	1	795	6	1	22	1383	0	0	0
7.945	1	1	795	6	1	22	1383	0	0	1
7.946	1	1	795	7	1	22	1383	0	0	0
7.946	1	1	795	7	1	22	1383	0	0	1
7.947	1	1	795	8	1	22	1383	0	0	0
7.947	1	1	795	8	1	22	1383	0	0	1
7.948	1	1	795	9	1	22	1383	0	0	0
7.948	1	1	795	9	1	22	1383	0	0	1
7.949	1	1	795	10	1	22	1383	0	0	0
7.949	1	1	795	10	1	22	1383	0	0	1
7.951	1	1	796	2	1	22	1383	0	0	0
7.951	1	1	796	2	1	22	1383	0	0	1
7.952	1	1	796	3	1	22	1383	0	0	0
7.952	1	1	796	3	1	22	1383	0	0	1
7.953	1	1	796	4	1	22	1383	0	0	0
7.953	1	1	796	4	1	22	1383	0	0	1
7.954	1	1	796	5	1	22	1383	0	0	0
7.954	1	1	796	5	1	22	1383	0	0	1
7.955	1	1	796	6	1	22	1383	0	0	0
7.955	1	1	796	6	1	22	1383	0	0	1
7.956	1	1	796	7	1	22	1383	0	0	0
7.956	1	1	796	7	1	22	1383	0	0	1
7.957	1	1	796	8	1	22	1383	0	0	0
7.957	1	1	796	8	1	22	1383	0	0	1
7.958	1	1	796	9	1	22	1383	0	0	0
7.958	1	1	796	9	1	22	1383	0	0	1
7.96	1	1	797	1	1	22	1383	0	0	0
7.96	1	1	797	1	1	22	1383	0	0	1
7.961	1	1	797	2	1	22	1383	0	0	0
7.961	1	1	797	2	1	22	1383	0	0	1
7.962	1	1	797	3	1	22	1383	0	0	0
7.962	1	1	797	3	1	22	1383	0	0	1
7.963	1	1	797	4	1	22	1383	0	0	0
7.963	1	1	797	4	1	22	1383	0	0	1
7.964	1	1	797	5	1	22	1383	0	0	0
7.964	1	1	797	5	1	22	1383	0	0	1
7.965	1	1	797	6	1	22	1383	0	0	0
7.965	1	1	797	6	1	22	1383	0	0	1
7.966	1	1	797	7	1	22	1383	0	0	0
7.966	1	1	797	7	1	22	1383	0	0	1
7.967	1	1	797	8	1	22	1383	0	0	0
7.967	1	1	797	8	1	22	1383	0	0	1
7.969	1	1	797	10	1	22	1383	0	0	0
7.969	1	1	797	10	1	22	1383	0	0	1
7.97	1	1	798	1	1	22	1383	0	0	0
7.97	1	1	798	1	1	22	1383	0	0	1
7.971	1	1	798	2	1	22	1383	0	0	0
7.971	1	1	798	2	1	22	1383	0	0	1
7.972	1	1	798	3	1	22	1383	0	0	0
7.972	1	1	798	3	1	22	1383	0	0	1
7.973	1	1	798	4	1	22	1383	0	0	0
7.973	1	1	798	4	1	22	1383	0	0	1
7.974	1	1	798	5	1	22	1383	0	0	0
7.974	1	1	798	5	1	22	1383	0	0	1
7.975	1	1	798	6	1	22	1383	0	0	0
7.975	1	1	798	6	1	22	1383	0	0	1
7.976	1	1	798	7	1	22	1383	0	0	0
7.976	1	1	798	7	1	22	1383	0	0	1
7.977	1	1	798	8	1	22	1383	0	0	0
7.977	1	1	798	8	1	22	1383	0	0	1
7.978	1	1	798	9	1	22	1383	0	0	0
7.978	1	1	798	9	1	22	1383	0	0	1
7.979	1	1	798	10	1	22	1383	0	0	0
7.979	1	1	798	10	1	22	1383	0	0	1
7.98	1	1	799	1	1	22	1383	0	0	0
7.98	1	1	799	1	1	22	1383	0	0	1
7.981	1	1	799	2	1	22	1383	0	0	0
7.981	1	1	799	2	1	22	1383	0	0	1
7.982	1	1	799	3	1	22	1383	0	0	0
7.982	1	1	799	3	1	22	1383	0	0	1
7.983	1	1	799	4	1	22	1383	0	0	0
7.983	1	1	799	4	1	22	1383	0	0	1
7.984	1	1	799	5	1	22	1383	0	0	0
7.984	1	1	799	5	1	22	1383	0	0	1
7.985	1	1	799	6	1	22	1383	0	0	0
7.985	1	1	799	6	1	22	1383	0	0	1
7.986	1	1	799	7	1	22	1383	0	0	0
7.986	1	1	799	7	1	22	1383	0	0	1
7.988	1	1	799	9	1	22	1383	0	0	0
7.988	1	1	799	9	1	22	1383	0	0	1
7.989	1	1	799	10	1	22	1383	0	0	0
7.989	1	1	799	10	1	22	1383	0	0	1
7.99	1	1	800	1	1	22	1383	0	0	0
7.99	1	1	800	1	1	22	1383	0	0	1
7.991	1	1	800	2	1	22	1383	0	0	0
7.991	1	1	800	2	1	22	1383	0	0	1
7.992	1	1	800	3	1	22	1383	0	0	0
7.992	1	1	800	3	1	22	1383	0	0	1
7.993	1	1	800	4	1	22	1383	0	0	0
7.993	1	1	800	4	1	22	1383	0	0	1
7.994	1	1	800	5	1	22	1383	0	0	0
7.994	1	1	800	5	1	22	1383	0	0	1
7.995	1	1	800	6	1	22	1383	0	0	0
7.995	1	1	800	6	1	22	1383	0	0	1
7.996	1	1	800	7	1	22	1383	0	0	0
7.996	1	1	800	7	1	22	1383	0	0	1
7.997	1	1	800	8	1	22	1383	0	0	0
7.997	1	1	800	8	1	22	1383	0	0	1
7.998	1	1	800	9	1	22	1383	0	0	0
7.998	1	1	800	9	1	22	1383	0	0	1
7.999	1	1	800	10	1	22	1383	0	0	0
7.999	1	1	800	10	1	22	1383	0	0	1
8	1	1	801	1	1	22	1383	0	0	0
8	1	1	801	1	1	22	1383	0	0	1
8.001	1	1	801	2	1	22	1383	0	0	0
8.001	1	1	801	2	1	22	1383	0	0	1
8.002	1	1	801	3	1	22	1383	0	0	0
8.002	1	1	801	3	1	22	1383	0	0	1
8.003	1	1	801	4	1	22	1383	0	0	0
8.003	1	1	801	4	1	22	1383	0	0	1
8.004	1	1	801	5	1	22	1383	0	0	0
8.004	1	1	801	5	1	22	1383	0	0	1
8.005	1	1	801	6	1	22	1383	0	0	0
8.005	1	1	801	6	1	22	1383	0	0	1
8.007	1	1	801	8	1	24	1620	0	0	0
8.007	1	1	801	8	1	24	1620	0	0	1
8.008	1	1	801	9	1	24	1620	0	0	0
8.008	1	1	801	9	1	24	1620	0	0	1
8.009	1	1	801	10	1	24	1620	0	0	0
8.009	1	1	801	10	1	24	1620	0	0	1
8.01	1	1	802	1	1	24	1620	0	0	0
8.01	1	1	802	1	1	24	1620	0	0	1
8.011	1	1	802	2	1	24	1620	0	0	0
8.011	1	1	802	2	1	24	1620	0	0	1
8.012	1	1	802	3	1	24	1620	0	0	0
8.012	1	1	802	3	1	24	1620	0	0	1
8.013	1	1	802	4	1	24	1620	0	0	0
8.013	1	1	802	4	1	24	1620	0	0	1
8.014	1	1	802	5	1	24	1620	0	0	0
8.014	1	1	802	5	1	24	1620	0	0	1
8.016	1	1	802	7	1	24	1620	0	0	0
8.016	1	1	802	7	1	24	1620	0	0	1
8.017	1	1	802	8	1	24	1620	0	0	0
8.017	1	1	802	8	1	24	1620	0	0	1
8.018	1	1	802	9	1	24	1620	0	0	0
8.018	1	1	802	9	1	24	1620	0	0	1
8.019	1	1	802	10	1	24	1620	0	0	0
8.019	1	1	802	10	1	24	1620	0	0	1
8.02	1	1	803	1	1	24	1620	0	0	0
8.02	1	1	803	1	1	24	1620	0	0	1
8.021	1	1	803	2	1	24	1620	0	0	0
8.021	1	1	803	2	1	24	1620	0	0	1
8.022	1	1	803	3	1	24	1620	0	0	0
8.023	1	1	803	4	1	24	1620	0	0	0
8.024	1	1	803	5	1	24	1620	0	0	0
8.025	1	1	803	6	1	24	1620	0	0	0
8.025	1	1	803	6	1	24	1620	0	0	1
8.026	1	1	803	7	1	24	1620	0	0	0
8.026	1	1	803	7	1	24	1620	0	0	1
8.027	1	1	803	8	1	24	1620	0	0	0
8.028	1	1	803	9	1	24	1620	0	0	0
8.028	1	1	803	9	1	24	1620	0	0	1
8.029	1	1	803	10	1	24	1620	0	0	0
8.029	1	1	803	10	1	24	1620	0	0	1
8.03	1	1	804	1	1	24	1620	0	0	0
8.03	1	1	804	1	1	24	1620	0	0	1
8.031	1	1	804	2	1	24	1620	0	0	0
8.031	1	1	804	2	1	24	1620	0	0	1
8.032	1	1	804	3	1	24	1620	0	0	0
8.032	1	1	804	3	1	24	1620	0	0	1
8.033	1	1	804	4	1	24	1620	0	0	0
8.033	1	1	804	4	1	24	1620	0	0	1
8.035	1	1	804	6	1	24	1620	0	0	0
8.035	1	1	804	6	1	24	1620	0	0	1
8.036	1	1	804	7	1	24	1620	0	0	0
8.036	1	1	804	7	1	24	1620	0	0	1
8.037	1	1	804	8	1	24	1620	0	0	0
8.037	1	1	804	8	1	24	1620	0	0	1
8.038	1	1	804	9	1	24	1620	0	0	0
8.039	1	1	804	10	1	24	1620	0	0	0
8.04	1	1	805	1	1	24	1620	0	0	0
8.041	1	1	805	2	1	24	1620	0	0	0
8.041	1	1	805	2	1	24	1620	0	0	1
8.042	1	1	805	3	1	24	1620	0	0	0
8.042	1	1	805	3	1	24	1620	0	0	1
8.043	1	1	805	4	1	24	1620	0	0	0
8.043	1	1	805	4	1	24	1620	0	0	1
8.044	1	1	805	5	1	24	1620	0	0	0
8.044	1	1	805	5	1	24	1620	0	0	1
8.045	1	1	805	6	1	24	1620	0	0	0
8.045	1	1	805	6	1	24	1620	0	0	1
8.046	1	1	805	7	1	22	1383	0	0	0
8.047	1	1	805	8	1	22	1383	0	0	0
8.047	1	1	805	8	1	22	1383	0	0	1
8.048	1	1	805	9	1	22	1383	0	0	0
8.048	1	1	805	9	1	22	1383	0	0	1
8.049	1	1	805	10	1	22	1383	0	0	0
8.049	1	1	805	10	1	22	1383	0	0	1
8.05	1	1	806	1	1	22	1383	0	0	0
8.05	1	1	806	1	1	22	1383	0	0	1
8.051	1	1	806	2	1	22	1383	0	0	0
8.051	1	1	806	2	1	22	1383	0	0	1
8.053	1	1	806	4	1	22	1383	0	0	0
8.054	1	1	806	5	1	22	1383	0	0	0
8.054	1	1	806	5	1	22	1383	0	0	1
8.055	1	1	806	6	1	22	1383	0	0	0
8.055	1	1	806	6	1	22	1383	0	0	1
8.056	1	1	806	7	1	22	1383	0	0	0
8.056	1	1	806	7	1	22	1383	0	0	1
8.057	1	1	806	8	1	22	1383	0	0	0
8.057	1	1	806	8	1	22	1383	0	0	1
8.058	1	1	806	9	1	22	1383	0	0	0
8.058	1	1	806	9	1	22	1383	0	0	1
8.059	1	1	806	10	1	22	1383	0	0	0
8.059	1	1	806	10	1	22	1383	0	0	1
8.06	1	1	807	1	1	22	1383	0	0	0
8.06	1	1	807	1	1	22	1383	0	0	1
8.061	1	1	807	2	1	22	1383	0	0	0
8.061	1	1	807	2	1	22	1383	0	0	1
8.063	1	1	807	4	1	22	1383	0	0	0
8.063	1	1	807	4	1	22	1383	0	0	1
8.064	1	1	807	5	1	22	1383	0	0	0
8.064	1	1	807	5	1	22	1383	0	0	1
8.065	1	1	807	6	1	22	1383	0	0	0
8.065	1	1	807	6	1	22	1383	0	0	1
8.066	1	1	807	7	1	22	1383	0	0	0
8.066	1	1	807	7	1	22	1383	0	0	1
8.067	1	1	807	8	1	22	1383	0	0	0
8.067	1	1	807	8	1	22	1383	0	0	1
8.068	1	1	807	9	1	22	1383	0	0	0
8.068	1	1	807	9	1	22	1383	0	0	1
8.069	1	1	807	10	1	22	1383	0	0	0
8.069	1	1	807	10	1	22	1383	0	0	1
8.07	1	1	808	1	1	22	1383	0	0	0
8.07	1	1	808	1	1	22	1383	0	0	1
8.071	1	1	808	2	1	22	1383	0	0	0
8.071	1	1	808	2	1	22	1383	0	0	1
8.072	1	1	808	3	1	22	1383	0	0	0
8.072	1	1	808	3	1	22	1383	0	0	1
8.073	1	1	808	4	1	22	1383	0	0	0
8.073	1	1	808	4	1	22	1383	0	0	1
8.074	1	1	808	5	1	22	1383	0	0	0
8.074	1	1	808	5	1	22	1383	0	0	1
8.075	1	1	808	6	1	22	1383	0	0	0
8.075	1	1	808	6	1	22	1383	0	0	1
8.076	1	1	808	7	1	22	1383	0	0	0
8.076	1	1	808	7	1	22	1383	0	0	1
8.077	1	1	808	8	1	22	1383	0	0	0
8.077	1	1	808	8	1	22	1383	0	0	1
8.078	1	1	808	9	1	20	1191	0	0	0
8.078	1	1	808	9	1	20	1191	0	0	1
8.079	1	1	808	10	1	20	1191	0	0	0
8.079	1	1	808	10	1	20	1191	0	0	1
8.081	1	1	809	2	1	20	1191	0	0	0
8.081	1	1	809	2	1	20	1191	0	0	1
8.082	1	1	809	3	1	20	1191	0	0	0
8.082	1	1	809	3	1	20	1191	0	0	1
8.083	1	1	809	4	1	20	1191	0	0	0
8.083	1	1	809	4	1	20	1191	0	0	1
8.084	1	1	809	5	1	20	1191	0	0	0
8.084	1	1	809	5	1	20	1191	0	0	1
8.085	1	1	809	6	1	20	1191	0	0	0
8.085	1	1	809	6	1	20	1191	0	0	1
8.086	1	1	809	7	1	20	1191	0	0	0
8.086	1	1	809	7	1	20	1191	0	0	1
8.087	1	1	809	8	1	20	1191	0	0	0
8.087	1	1	809	8	1	20	1191	0	0	1
8.088	1	1	809	9	1	20	1191	0	0	0
8.088	1	1	809	9	1	20	1191	0	0	1
8.089	1	1	809	10	1	20	1191	0	0	0
8.089	1	1	809	10	1	20	1191	0	0	1
8.09	1	1	810	1	1	20	1191	0	0	0
8.09	1	1	810	1	1	20	1191	0	0	1
8.091	1	1	810	2	1	20	1191	0	0	0
8.091	1	1	810	2	1	20	1191	0	0	1
8.092	1	1	810	3	1	20	1191	0	0	0
8.092	1	1	810	3	1	20	1191	0	0	1
8.093	1	1	810	4	1	20	1191	0	0	0
8.093	1	1	810	4	1	20	1191	0	0	1
8.094	1	1	810	5	1	20	1191	0	0	0
8.094	1	1	810	5	1	20	1191	0	0	1
8.095	1	1	810	6	1	20	1191	0	0	0
8.095	1	1	810	6	1	20	1191	0	0	1
8.096	1	1	810	7	1	20	1191	0	0	0
8.096	1	1	810	7	1	20	1191	0	0	1
8.097	1	1	810	8	1	20	1191	0	0	0
8.097	1	1	810	8	1	20	1191	0	0	1
8.098	1	1	810	9	1	18	967	0	0	0
8.098	1	1	810	9	1	18	967	0	0	1
8.1	1	1	811	1	1	18	967	0	0	0
8.1	1	1	811	1	1	18	967	0	0	1
8.101	1	1	811	2	1	18	967	0	0	0
8.101	1	1	811	2	1	18	967	0	0	1
8.102	1	1	811	3	1	18	967	0	0	0
8.102	1	1	811	3	1	18	967	0	0	1
8.103	1	1	811	4	1	18	967	0	0	0
8.103	1	1	811	4	1	18	967	0	0	1
8.104	1	1	811	5	1	20	1191	0	0	0
8.104	1	1	811	5	1	20	1191	0	0	1
8.105	1	1	811	6	1	20	1191	0	0	0
8.105	1	1	811	6	1	20	1191	0	0	1
8.106	1	1	811	7	1	20	1191	0	0	0
8.106	1	1	811	7	1	20	1191	0	0	1
8.107	1	1	811	8	1	20	1191	0	0	0
8.107	1	1	811	8	1	20	1191	0	0	1
8.108	1	1	811	9	1	20	1191	0	0	0
8.108	1	1	811	9	1	20	1191	0	0	1
8.109	1	1	811	10	1	20	1191	0	0	0
8.109	1	1	811	10	1	20	1191	0	0	1
8.11	1	1	812	1	1	20	1191	0	0	0
8.11	1	1	812	1	1	20	1191	0	0	1
8.111	1	1	812	2	1	20	1191	0	0	0
8.111	1	1	812	2	1	20	1191	0	0	1
8.112	1	1	812	3	1	20	1191	0	0	0
8.112	1	1	812	3	1	20	1191	0	0	1
8.113	1	1	812	4	1	20	1191	0	0	0
8.113	1	1	812	4	1	20	1191	0	0	1
8.114	1	1	812	5	1	20	1191	0	0	0
8.114	1	1	812	5	1	20	1191	0	0	1
8.115	1	1	812	6	1	20	1191	0	0	0
8.115	1	1	812	6	1	20	1191	0	0	1
8.116	1	1	812	7	1	20	1191	0	0	0
8.116	1	1	812	7	1	20	1191	0	0	1
8.117	1	1	812	8	1	20	1191	0	0	0
8.117	1	1	812	8	1	20	1191	0	0	1
8.119	1	1	812	10	1	20	1191	0	0	0
8.119	1	1	812	10	1	20	1191	0	0	1
8.12	1	1	813	1	1	20	1191	0	0	0
8.12	1	1	813	1	1	20	1191	0	0	1
8.121	1	1	813	2	1	20	1191	0	0	0
8.121	1	1	813	2	1	20	1191	0	0	1
8.122	1	1	813	3	1	20	1191	0	0	0
8.122	1	1	813	3	1	20	1191	0	0	1
8.123	1	1	813	4	1	20	1191	0	0	0
8.123	1	1	813	4	1	20	1191	0	0	1
8.124	1	1	813	5	1	20	1191	0	0	0
8.124	1	1	813	5	1	20	1191	0	0	1
8.125	1	1	813	6	1	20	1191	0	0	0
8.125	1	1	813	6	1	20	1191	0	0	1
8.126	1	1	813	7	1	20	1191	0	0	0
8.126	1	1	813	7	1	20	1191	0	0	1
8.128	1	1	813	9	1	20	1191	0	0	0
8.128	1	1	813	9	1	20	1191	0	0	1
8.129	1	1	813	10	1	20	1191	0	0	0
8.129	1	1	813	10	1	20	1191	0	0	1
8.13	1	1	814	1	1	20	1191	0	0	0
8.13	1	1	814	1	1	20	1191	0	0	1
8.131	1	1	814	2	1	20	1191	0	0	0
8.131	1	1	814	2	1	20	1191	0	0	1
8.132	1	1	814	3	1	20	1191	0	0	0
8.132	1	1	814	3	1	20	1191	0	0	1
8.133	1	1	814	4	1	20	1191	0	0	0
8.133	1	1	814	4	1	20	1191	0	0	1
8.134	1	1	814	5	1	20	1191	0	0	0
8.134	1	1	814	5	1	20	1191	0	0	1
8.135	1	1	814	6	1	20	1191	0	0	0
8.135	1	1	814	6	1	20	1191	0	0	1
8.136	1	1	814	7	1	20	1191	0	0	0
8.136	1	1	814	7	1	20	1191	0	0	1
8.137	1	1	814	8	1	20	1191	0	0	0
8.137	1	1	814	8	1	20	1191	0	0	1
8.138	1	1	814	9	1	20	1191	0	0	0
8.138	1	1	814	9	1	20	1191	0	0	1
8.139	1	1	814	10	1	20	1191	0	0	0
8.139	1	1	814	10	1	20	1191	0	0	1
8.14	1	1	815	1	1	20	1191	0	0	0
8.14	1	1	815	1	1	20	1191	0	0	1
8.141	1	1	815	2	1	20	1191	0	0	0
8.141	1	1	815	2	1	20	1191	0	0	1
8.142	1	1	815	3	1	20	1191	0	0	0
8.142	1	1	815	3	1	20	1191	0	0	1
8.143	1	1	815	4	1	20	1191	0	0	0
8.143	1	1	815	4	1	20	1191	0	0	1
8.144	1	1	815	5	1	20	1191	0	0	0
8.144	1	1	815	5	1	20	1191	0	0	1
8.145	1	1	815	6	1	20	1191	0	0	0
8.145	1	1	815	6	1	20	1191	0	0	1
8.147	1	1	815	8	1	20	1191	0	0	0
8.147	1	1	815	8	1	20	1191	0	0	1
8.148	1	1	815	9	1	20	1191	0	0	0
8.148	1	1	815	9	1	20	1191	0	0	1
8.149	1	1	815	10	1	20	1191	0	0	0
8.149	1	1	815	10	1	20	1191	0	0	1
8.15	1	1	816	1	1	20	1191	0	0	0
8.15	1	1	816	1	1	20	1191	0	0	1
8.151	1	1	816	2	1	20	1191	0	0	0
8.151	1	1	816	2	1	20	1191	0	0	1
8.152	1	1	816	3	1	20	1191	0	0	0
8.152	1	1	816	3	1	20	1191	0	0	1
8.153	1	1	816	4	1	20	1191	0	0	0
8.153	1	1	816	4	1	20	1191	0	0	1
8.154	1	1	816	5	1	20	1191	0	0	0
8.154	1	1	816	5	1	20	1191	0	0	1
8.155	1	1	816	6	1	20	1191	0	0	0
8.155	1	1	816	6	1	20	1191	0	0	1
8.156	1	1	816	7	1	22	1383	0	0	0
8.156	1	1	816	7	1	22	1383	0	0	1
8.157	1	1	816	8	1	22	1383	0	0	0
8.157	1	1	816	8	1	22	1383	0	0	1
8.158	1	1	816	9	1	22	1383	0	0	0
8.158	1	1	816	9	1	22	1383	0	0	1
8.159	1	1	816	10	1	22	1383	0	0	0
8.159	1	1	816	10	1	22	1383	0	0	1
8.16	1	1	817	1	1	22	1383	0	0	0
8.16	1	1	817	1	1	22	1383	0	0	1
8.161	1	1	817	2	1	22	1383	0	0	0
8.161	1	1	817	2	1	22	1383	0	0	1
8.162	1	1	817	3	1	22	1383	0	0	0
8.162	1	1	817	3	1	22	1383	0	0	1
8.163	1	1	817	4	1	22	1383	0	0	0
8.163	1	1	817	4	1	22	1383	0	0	1
8.165	1	1	817	6	1	22	1383	0	0	0
8.165	1	1	817	6	1	22	1383	0	0	1
8.166	1	1	817	7	1	22	1383	0	0	0
8.166	1	1	817	7	1	22	1383	0	0	1
8.167	1	1	817	8	1	22	1383	0	0	0
8.167	1	1	817	8	1	22	1383	0	0	1
8.168	1	1	817	9	1	22	1383	0	0	0
8.168	1	1	817	9	1	22	1383	0	0	1
8.169	1	1	817	10	1	22	1383	0	0	0
8.169	1	1	817	10	1	22	1383	0	0	1
8.17	1	1	818	1	1	22	1383	0	0	0
8.17	1	1	818	1	1	22	1383	0	0	1
8.171	1	1	818	2	1	22	1383	0	0	0
8.171	1	1	818	2	1	22	1383	0	0	1
8.172	1	1	818	3	1	22	1383	0	0	0
8.172	1	1	818	3	1	22	1383	0	0	1
8.173	1	1	818	4	1	22	1383	0	0	0
8.173	1	1	818	4	1	22	1383	0	0	1
8.175	1	1	818	6	1	22	1383	0	0	0
8.175	1	1	818	6	1	22	1383	0	0	1
8.176	1	1	818	7	1	22	1383	0	0	0
8.176	1	1	818	7	1	22	1383	0	0	1
8.177	1	1	818	8	1	22	1383	0	0	0
8.177	1	1	818	8	1	22	1383	0	0	1
8.178	1	1	818	9	1	22	1383	0	0	0
8.178	1	1	818	9	1	22	1383	0	0	1
8.179	1	1	818	10	1	22	1383	0	0	0
8.179	1	1	818	10	1	22	1383	0	0	1
8.18	1	1	819	1	1	22	1383	0	0	0
8.18	1	1	819	1	1	22	1383	0	0	1
8.181	1	1	819	2	1	22	1383	0	0	0
8.181	1	1	819	2	1	22	1383	0	0	1
8.182	1	1	819	3	1	22	1383	0	0	0
8.182	1	1	819	3	1	22	1383	0	0	1
8.183	1	1	819	4	1	22	1383	0	0	0
8.183	1	1	819	4	1	22	1383	0	0	1
8.184	1	1	819	5	1	22	1383	0	0	0
8.184	1	1	819	5	1	22	1383	0	0	1
8.185	1	1	819	6	1	22	1383	0	0	0
8.185	1	1	819	6	1	22	1383	0	0	1
8.186	1	1	819	7	1	22	1383	0	0	0
8.186	1	1	819	7	1	22	1383	0	0	1
8.187	1	1	819	8	1	22	1383	0	0	0
8.187	1	1	819	8	1	22	1383	0	0	1
8.188	1	1	819	9	1	22	1383	0	0	0
8.188	1	1	819	9	1	22	1383	0	0	1
8.189	1	1	819	10	1	22	1383	0	0	0
8.189	1	1	819	10	1	22	1383	0	0	1
8.19	1	1	820	1	1	22	1383	0	0	0
8.19	1	1	820	1	1	22	1383	0	0	1
8.191	1	1	820	2	1	22	1383	0	0	0
8.191	1	1	820	2	1	22	1383	0	0	1
8.193	1	1	820	4	1	22	1383	0	0	0
8.193	1	1	820	4	1	22	1383	0	0	1
8.194	1	1	820	5	1	22	1383	0	0	0
8.194	1	1	820	5	1	22	1383	0	0	1
8.195	1	1	820	6	1	22	1383	0	0	0
8.195	1	1	820	6	1	22	1383	0	0	1
8.196	1	1	820	7	1	22	1383	0	0	0
8.196	1	1	820	7	1	22	1383	0	0	1
8.197	1	1	820	8	1	22	1383	0	0	0
8.197	1	1	820	8	1	22	1383	0	0	1
8.198	1	1	820	9	1	22	1383	0	0	0
8.198	1	1	820	9	1	22	1383	0	0	1
8.199	1	1	820	10	1	22	1383	0	0	0
8.199	1	1	820	10	1	22	1383	0	0	1
8.2	1	1	821	1	1	22	1383	0	0	0
8.2	1	1	821	1	1	22	1383	0	0	1
8.201	1	1	821	2	1	22	1383	0	0	0
8.201	1	1	821	2	1	22	1383	0	0	1
8.202	1	1	821	3	1	22	1383	0	0	0
8.202	1	1	821	3	1	22	1383	0	0	1
8.203	1	1	821	4	1	22	1383	0	0	0
8.203	1	1	821	4	1	22	1383	0	0	1
8.204	1	1	821	5	1	22	1383	0	0	0
8.204	1	1	821	5	1	22	1383	0	0	1
8.205	1	1	821	6	1	22	1383	0	0	0
8.205	1	1	821	6	1	22	1383	0	0	1
8.206	1	1	821	7	1	22	1383	0	0	0
8.206	1	1	821	7	1	22	1383	0	0	1
8.207	1	1	821	8	1	22	1383	0	0	0
8.207	1	1	821	8	1	22	1383	0	0	1
8.208	1	1	821	9	1	22	1383	0	0	0
8.208	1	1	821	9	1	22	1383	0	0	1
8.209	1	1	821	10	1	22	1383	0	0	0
8.209	1	1	821	10	1	22	1383	0	0	1
8.21	1	1	822	1	1	22	1383	0	0	0
8.21	1	1	822	1	1	22	1383	0	0	1
8.212	1	1	822	3	1	20	1191	0	0	0
8.212	1	1	822	3	1	20	1191	0	0	1
8.213	1	1	822	4	1	20	1191	0	0	0
8.213	1	1	822	4	1	20	1191	0	0	1
8.214	1	1	822	5	1	20	1191	0	0	0
8.214	1	1	822	5	1	20	1191	0	0	1
8.215	1	1	822	6	1	20	1191	0	0	0
8.215	1	1	822	6	1	20	1191	0	0	1
8.216	1	1	822	7	1	20	1191	0	0	0
8.216	1	1	822	7	1	20	1191	0	0	1
8.217	1	1	822	8	1	20	1191	0	0	0
8.217	1	1	822	8	1	20	1191	0	0	1
8.218	1	1	822	9	1	20	1191	0	0	0
8.218	1	1	822	9	1	20	1191	0	0	1
8.219	1	1	822	10	1	20	1191	0	0	0
8.219	1	1	822	10	1	20	1191	0	0	1
8.22	1	1	823	1	1	20	1191	0	0	0
8.22	1	1	823	1	1	20	1191	0	0	1
8.221	1	1	823	2	1	20	1191	0	0	0
8.221	1	1	823	2	1	20	1191	0	0	1
8.222	1	1	823	3	1	20	1191	0	0	0
8.222	1	1	823	3	1	20	1191	0	0	1
8.223	1	1	823	4	1	20	1191	0	0	0
8.223	1	1	823	4	1	20	1191	0	0	1
8.224	1	1	823	5	1	20	1191	0	0	0
8.224	1	1	823	5	1	20	1191	0	0	1
8.225	1	1	823	6	1	20	1191	0	0	0
8.225	1	1	823	6	1	20	1191	0	0	1
8.226	1	1	823	7	1	20	1191	0	0	0
8.226	1	1	823	7	1	20	1191	0	0	1
8.227	1	1	823	8	1	20	1191	0	0	0
8.227	1	1	823	8	1	20	1191	0	0	1
8.228	1	1	823	9	1	20	1191	0	0	0
8.228	1	1	823	9	1	20	1191	0	0	1
8.229	1	1	823	10	1	20	1191	0	0	0
8.229	1	1	823	10	1	20	1191	0	0	1
8.23	1	1	824	1	1	20	1191	0	0	0
8.23	1	1	824	1	1	20	1191	0	0	1
8.231	1	1	824	2	1	20	1191	0	0	0
8.231	1	1	824	2	1	20	1191	0	0	1
8.232	1	1	824	3	1	20	1191	0	0	0
8.232	1	1	824	3	1	20	1191	0	0	1
8.233	1	1	824	4	1	20	1191	0	0	0
8.233	1	1	824	4	1	20	1191	0	0	1
8.234	1	1	824	5	1	20	1191	0	0	0
8.234	1	1	824	5	1	20	1191	0	0	1
8.235	1	1	824	6	1	20	1191	0	0	0
8.235	1	1	824	6	1	20	1191	0	0	1
8.236	1	1	824	7	1	20	1191	0	0	0
8.236	1	1	824	7	1	20	1191	0	0	1
8.237	1	1	824	8	1	20	1191	0	0	0
8.237	1	1	824	8	1	20	1191	0	0	1
8.238	1	1	824	9	1	20	1191	0	0	0
8.238	1	1	824	9	1	20	1191	0	0	1
8.24	1	1	825	1	1	20	1191	0	0	0
8.24	1	1	825	1	1	20	1191	0	0	1
8.241	1	1	825	2	1	20	1191	0	0	0
8.241	1	1	825	2	1	20	1191	0	0	1
8.242	1	1	825	3	1	20	1191	0	0	0
8.242	1	1	825	3	1	20	1191	0	0	1
8.243	1	1	825	4	1	20	1191	0	0	0
8.243	1	1	825	4	1	20	1191	0	0	1
8.244	1	1	825	5	1	20	1191	0	0	0
8.244	1	1	825	5	1	20	1191	0	0	1
8.245	1	1	825	6	1	20	1191	0	0	0
8.245	1	1	825	6	1	20	1191	0	0	1
8.246	1	1	825	7	1	20	1191	0	0	0
8.246	1	1	825	7	1	20	1191	0	0	1
8.247	1	1	825	8	1	20	1191	0	0	0
8.247	1	1	825	8	1	20	1191	0	0	1
8.248	1	1	825	9	1	20	1191	0	0	0
8.248	1	1	825	9	1	20	1191	0	0	1
8.249	1	1	825	10	1	20	1191	0	0	0
8.249	1	1	825	10	1	20	1191	0	0	1
8.25	1	1	826	1	1	20	1191	0	0	0
8.25	1	1	826	1	1	20	1191	0	0	1
8.251	1	1	826	2	1	20	1191	0	0	0
8.251	1	1	826	2	1	20	1191	0	0	1
8.252	1	1	826	3	1	20	1191	0	0	0
8.252	1	1	826	3	1	20	1191	0	0	1
8.253	1	1	826	4	1	20	1191	0	0	0
8.253	1	1	826	4	1	20	1191	0	0	1
8.254	1	1	826	5	1	20	1191	0	0	0
8.254	1	1	826	5	1	20	1191	0	0	1
8.255	1	1	826	6	1	20	1191	0	0	0
8.255	1	1	826	6	1	20	1191	0	0	1
8.256	1	1	826	7	1	20	1191	0	0	0
8.256	1	1	826	7	1	20	1191	0	0	1
8.257	1	1	826	8	1	20	1191	0	0	0
8.257	1	1	826	8	1	20	1191	0	0	1
8.259	1	1	826	10	1	20	1191	0	0	0
8.259	1	1	826	10	1	20	1191	0	0	1
8.26	1	1	827	1	1	20	1191	0	0	0
8.26	1	1	827	1	1	20	1191	0	0	1
8.261	1	1	827	2	1	20	1191	0	0	0
8.261	1	1	827	2	1	20	1191	0	0	1
8.262	1	1	827	3	1	20	1191	0	0	0
8.262	1	1	827	3	1	20	1191	0	0	1
8.263	1	1	827	4	1	20	1191	0	0	0
8.263	1	1	827	4	1	20	1191	0	0	1
8.264	1	1	827	5	1	20	1191	0	0	0
8.264	1	1	827	5	1	20	1191	0	0	1
8.265	1	1	827	6	1	20	1191	0	0	0
8.265	1	1	827	6	1	20	1191	0	0	1
8.266	1	1	827	7	1	20	1191	0	0	0
8.266	1	1	827	7	1	20	1191	0	0	1
8.267	1	1	827	8	1	20	1191	0	0	0
8.267	1	1	827	8	1	20	1191	0	0	1
8.268	1	1	827	9	1	18	967	0	0	0
8.268	1	1	827	9	1	18	967	0	0	1
8.269	1	1	827	10	1	18	967	0	0	0
8.269	1	1	827	10	1	18	967	0	0	1
8.27	1	1	828	1	1	18	967	0	0	0
8.27	1	1	828	1	1	18	967	0	0	1
8.271	1	1	828	2	1	18	967	0	0	0
8.271	1	1	828	2	1	18	967	0	0	1
8.272	1	1	828	3	1	18	967	0	0	0
8.272	1	1	828	3	1	18	967	0	0	1
8.273	1	1	828	4	1	18	967	0	0	0
8.273	1	1	828	4	1	18	967	0	0	1
8.274	1	1	828	5	1	18	967	0	0	0
8.274	1	1	828	5	1	18	967	0	0	1
8.275	1	1	828	6	1	18	967	0	0	0
8.275	1	1	828	6	1	18	967	0	0	1
8.277	1	1	828	8	1	20	1191	0	0	0
8.277	1	1	828	8	1	20	1191	0	0	1
8.278	1	1	828	9	1	20	1191	0	0	0
8.278	1	1	828	9	1	20	1191	0	0	1
8.279	1	1	828	10	1	20	1191	0	0	0
8.279	1	1	828	10	1	20	1191	0	0	1
8.28	1	1	829	1	1	20	1191	0	0	0
8.28	1	1	829	1	1	20	1191	0	0	1
8.281	1	1	829	2	1	20	1191	0	0	0
8.281	1	1	829	2	1	20	1191	0	0	1
8.282	1	1	829	3	1	20	1191	0	0	0
8.282	1	1	829	3	1	20	1191	0	0	1
8.283	1	1	829	4	1	20	1191	0	0	0
8.283	1	1	829	4	1	20	1191	0	0	1
8.284	1	1	829	5	1	20	1191	0	0	0
8.284	1	1	829	5	1	20	1191	0	0	1
8.285	1	1	829	6	1	20	1191	0	0	0
8.285	1	1	829	6	1	20	1191	0	0	1
8.287	1	1	829	8	1	20	1191	0	0	0
8.287	1	1	829	8	1	20	1191	0	0	1
8.288	1	1	829	9	1	20	1191	0	0	0
8.288	1	1	829	9	1	20	1191	0	0	1
8.289	1	1	829	10	1	20	1191	0	0	0
8.289	1	1	829	10	1	20	1191	0	0	1
8.29	1	1	830	1	1	20	1191	0	0	0
8.29	1	1	830	1	1	20	1191	0	0	1
8.291	1	1	830	2	1	20	1191	0	0	0
8.291	1	1	830	2	1	20	1191	0	0	1
8.292	1	1	830	3	1	20	1191	0	0	0
8.292	1	1	830	3	1	20	1191	0	0	1
8.293	1	1	830	4	1	20	1191	0	0	0
8.293	1	1	830	4	1	20	1191	0	0	1
8.294	1	1	830	5	1	20	1191	0	0	0
8.294	1	1	830	5	1	20	1191	0	0	1
8.295	1	1	830	6	1	20	1191	0	0	0
8.295	1	1	830	6	1	20	1191	0	0	1
8.296	1	1	830	7	1	20	1191	0	0	0
8.296	1	1	830	7	1	20	1191	0	0	1
8.297	1	1	830	8	1	20	1191	0	0	0
8.297	1	1	830	8	1	20	1191	0	0	1
8.298	1	1	830	9	1	20	1191	0	0	0
8.298	1	1	830	9	1	20	1191	0	0	1
8.299	1	1	830	10	1	20	1191	0	0	0
8.299	1	1	830	10	1	20	1191	0	0	1
8.3	1	1	831	1	1	20	1191	0	0	0
8.3	1	1	831	1	1	20	1191	0	0	1
8.301	1	1	831	2	1	20	1191	0	0	0
8.301	1	1	831	2	1	20	1191	0	0	1
8.302	1	1	831	3	1	20	1191	0	0	0
8.302	1	1	831	3	1	20	1191	0	0	1
8.303	1	1	831	4	1	20	1191	0	0	0
8.303	1	1	831	4	1	20	1191	0	0	1
8.305	1	1	831	6	1	20	1191	0	0	0
8.305	1	1	831	6	1	20	1191	0	0	1
8.306	1	1	831	7	1	20	1191	0	0	0
8.306	1	1	831	7	1	20	1191	0	0	1
8.307	1	1	831	8	1	20	1191	0	0	0
8.307	1	1	831	8	1	20	1191	0	0	1
8.308	1	1	831	9	1	20	1191	0	0	0
8.308	1	1	831	9	1	20	1191	0	0	1
8.309	1	1	831	10	1	20	1191	0	0	0
8.309	1	1	831	10	1	20	1191	0	0	1
8.31	1	1	832	1	1	20	1191	0	0	0
8.31	1	1	832	1	1	20	1191	0	0	1
8.311	1	1	832	2	1	20	1191	0	0	0
8.311	1	1	832	2	1	20	1191	0	0	1
8.312	1	1	832	3	1	20	1191	0	0	0
8.312	1	1	832	3	1	20	1191	0	0	1
8.313	1	1	832	4	1	20	1191	0	0	0
8.313	1	1	832	4	1	20	1191	0	0	1
8.314	1	1	832	5	1	18	967	0	0	0
8.314	1	1	832	5	1	18	967	0	0	1
8.315	1	1	832	6	1	18	967	0	0	0
8.315	1	1	832	6	1	18	967	0	0	1
8.316	1	1	832	7	1	20	1191	0	0	0
8.316	1	1	832	7	1	20	1191	0	0	1
8.317	1	1	832	8	1	20	1191	0	0	0
8.317	1	1	832	8	1	20	1191	0	0	1
8.318	1	1	832	9	1	20	1191	0	0	0
8.318	1	1	832	9	1	20	1191	0	0	1
8.319	1	1	832	10	1	20	1191	0	0	0
8.319	1	1	832	10	1	20	1191	0	0	1
8.32	1	1	833	1	1	20	1191	0	0	0
8.32	1	1	833	1	1	20	1191	0	0	1
8.321	1	1	833	2	1	20	1191	0	0	0
8.321	1	1	833	2	1	20	1191	0	0	1
8.322	1	1	833	3	1	20	1191	0	0	0
8.322	1	1	833	3	1	20	1191	0	0	1
8.324	1	1	833	5	1	20	1191	0	0	0
8.324	1	1	833	5	1	20	1191	0	0	1
8.325	1	1	833	6	1	20	1191	0	0	0
8.325	1	1	833	6	1	20	1191	0	0	1
8.326	1	1	833	7	1	20	1191	0	0	0
8.326	1	1	833	7	1	20	1191	0	0	1
8.327	1	1	833	8	1	20	1191	0	0	0
8.327	1	1	833	8	1	20	1191	0	0	1
8.328	1	1	833	9	1	20	1191	0	0	0
8.328	1	1	833	9	1	20	1191	0	0	1
8.329	1	1	833	10	1	20	1191	0	0	0
8.329	1	1	833	10	1	20	1191	0	0	1
8.33	1	1	834	1	1	20	1191	0	0	0
8.33	1	1	834	1	1	20	1191	0	0	1
8.331	1	1	834	2	1	20	1191	0	0	0
8.331	1	1	834	2	1	20	1191	0	0	1
8.332	1	1	834	3	1	20	1191	0	0	0
8.332	1	1	834	3	1	20	1191	0	0	1
8.333	1	1	834	4	1	20	1191	0	0	0
8.333	1	1	834	4	1	20	1191	0	0	1
8.334	1	1	834	5	1	20	1191	0	0	0
8.334	1	1	834	5	1	20	1191	0	0	1
8.335	1	1	834	6	1	20	1191	0	0	0
8.335	1	1	834	6	1	20	1191	0	0	1
8.336	1	1	834	7	1	22	1383	0	0	0
8.336	1	1	834	7	1	22	1383	0	0	1
8.337	1	1	834	8	1	22	1383	0	0	0
8.337	1	1	834	8	1	22	1383	0	0	1
8.338	1	1	834	9	1	20	1191	0	0	0
8.338	1	1	834	9	1	20	1191	0	0	1
8.339	1	1	834	10	1	20	1191	0	0	0
8.339	1	1	834	10	1	20	1191	0	0	1
8.34	1	1	835	1	1	22	1383	0	0	0
8.34	1	1	835	1	1	22	1383	0	0	1
8.341	1	1	835	2	1	22	1383	0	0	0
8.341	1	1	835	2	1	22	1383	0	0	1
8.342	1	1	835	3	1	22	1383	0	0	0
8.342	1	1	835	3	1	22	1383	0	0	1
8.343	1	1	835	4	1	22	1383	0	0	0
8.343	1	1	835	4	1	22	1383	0	0	1
8.344	1	1	835	5	1	22	1383	0	0	0
8.344	1	1	835	5	1	22	1383	0	0	1
8.345	1	1	835	6	1	22	1383	0	0	0
8.345	1	1	835	6	1	22	1383	0	0	1
8.346	1	1	835	7	1	22	1383	0	0	0
8.346	1	1	835	7	1	22	1383	0	0	1
8.347	1	1	835	8	1	22	1383	0	0	0
8.347	1	1	835	8	1	22	1383	0	0	1
8.348	1	1	835	9	1	22	1383	0	0	0
8.348	1	1	835	9	1	22	1383	0	0	1
8.349	1	1	835	10	1	22	1383	0	0	0
8.349	1	1	835	10	1	22	1383	0	0	1
8.35	1	1	836	1	1	22	1383	0	0	0
8.35	1	1	836	1	1	22	1383	0	0	1
8.352	1	1	836	3	1	22	1383	0	0	0
8.352	1	1	836	3	1	22	1383	0	0	1
8.353	1	1	836	4	1	22	1383	0	0	0
8.353	1	1	836	4	1	22	1383	0	0	1
8.354	1	1	836	5	1	22	1383	0	0	0
8.354	1	1	836	5	1	22	1383	0	0	1
8.355	1	1	836	6	1	22	1383	0	0	0
8.355	1	1	836	6	1	22	1383	0	0	1
8.356	1	1	836	7	1	22	1383	0	0	0
8.356	1	1	836	7	1	22	1383	0	0	1
8.357	1	1	836	8	1	22	1383	0	0	0
8.357	1	1	836	8	1	22	1383	0	0	1
8.358	1	1	836	9	1	22	1383	0	0	0
8.358	1	1	836	9	1	22	1383	0	0	1
8.359	1	1	836	10	1	22	1383	0	0	0
8.359	1	1	836	10	1	22	1383	0	0	1
8.36	1	1	837	1	1	22	1383	0	0	0
8.36	1	1	837	1	1	22	1383	0	0	1
8.361	1	1	837	2	1	22	1383	0	0	0
8.361	1	1	837	2	1	22	1383	0	0	1
8.362	1	1	837	3	1	22	1383	0	0	0
8.362	1	1	837	3	1	22	1383	0	0	1
8.363	1	1	837	4	1	22	1383	0	0	0
8.363	1	1	837	4	1	22	1383	0	0	1
8.364	1	1	837	5	1	22	1383	0	0	0
8.364	1	1	837	5	1	22	1383	0	0	1
8.365	1	1	837	6	1	22	1383	0	0	0
8.365	1	1	837	6	1	22	1383	0	0	1
8.366	1	1	837	7	1	22	1383	0	0	0
8.366	1	1	837	7	1	22	1383	0	0	1
8.367	1	1	837	8	1	22	1383	0	0	0
8.367	1	1	837	8	1	22	1383	0	0	1
8.368	1	1	837	9	1	22	1383	0	0	0
8.368	1	1	837	9	1	22	1383	0	0	1
8.369	1	1	837	10	1	22	1383	0	0	0
8.369	1	1	837	10	1	22	1383	0	0	1
8.371	1	1	838	2	1	22	1383	0	0	0
8.371	1	1	838	2	1	22	1383	0	0	1
8.372	1	1	838	3	1	24	1620	0	0	0
8.372	1	1	838	3	1	24	1620	0	0	1
8.373	1	1	838	4	1	24	1620	0	0	0
8.373	1	1	838	4	1	24	1620	0	0	1
8.374	1	1	838	5	1	24	1620	0	0	0
8.374	1	1	838	5	1	24	1620	0	0	1
8.375	1	1	838	6	1	24	1620	0	0	0
8.375	1	1	838	6	1	24	1620	0	0	1
8.376	1	1	838	7	1	24	1620	0	0	0
8.376	1	1	838	7	1	24	1620	0	0	1
8.377	1	1	838	8	1	24	1620	0	0	0
8.377	1	1	838	8	1	24	1620	0	0	1
8.378	1	1	838	9	1	24	1620	0	0	0
8.378	1	1	838	9	1	24	1620	0	0	1
8.38	1	1	839	1	1	24	1620	0	0	0
8.38	1	1	839	1	1	24	1620	0	0	1
8.381	1	1	839	2	1	24	1620	0	0	0
8.381	1	1	839	2	1	24	1620	0	0	1
8.382	1	1	839	3	1	24	1620	0	0	0
8.382	1	1	839	3	1	24	1620	0	0	1
8.383	1	1	839	4	1	24	1620	0	0	0
8.383	1	1	839	4	1	24	1620	0	0	1
8.384	1	1	839	5	1	24	1620	0	0	0
8.385	1	1	839	6	1	24	1620	0	0	0
8.386	1	1	839	7	1	22	1383	0	0	0
8.387	1	1	839	8	1	22	1383	0	0	0
8.387	1	1	839	8	1	22	1383	0	0	1
8.388	1	1	839	9	1	22	1383	0	0	0
8.388	1	1	839	9	1	22	1383	0	0	1
8.389	1	1	839	10	1	22	1383	0	0	0
8.389	1	1	839	10	1	22	1383	0	0	1
8.39	1	1	840	1	1	22	1383	0	0	0
8.39	1	1	840	1	1	22	1383	0	0	1
8.391	1	1	840	2	1	22	1383	0	0	0
8.392	1	1	840	3	1	22	1383	0	0	0
8.392	1	1	840	3	1	22	1383	0	0	1
8.393	1	1	840	4	1	22	1383	0	0	0
8.393	1	1	840	4	1	22	1383	0	0	1
8.394	1	1	840	5	1	22	1383	0	0	0
8.394	1	1	840	5	1	22	1383	0	0	1
8.395	1	1	840	6	1	22	1383	0	0	0
8.395	1	1	840	6	1	22	1383	0	0	1
8.396	1	1	840	7	1	22	1383	0	0	0
8.396	1	1	840	7	1	22	1383	0	0	1
8.397	1	1	840	8	1	22	1383	0	0	0
8.397	1	1	840	8	1	22	1383	0	0	1
8.399	1	1	840	10	1	22	1383	0	0	0
8.399	1	1	840	10	1	22	1383	0	0	1
8.4	1	1	841	1	1	22	1383	0	0	0
8.4	1	1	841	1	1	22	1383	0	0	1
8.401	1	1	841	2	1	22	1383	0	0	0
8.401	1	1	841	2	1	22	1383	0	0	1
8.402	1	1	841	3	1	22	1383	0	0	0
8.402	1	1	841	3	1	22	1383	0	0	1
8.403	1	1	841	4	1	22	1383	0	0	0
8.403	1	1	841	4	1	22	1383	0	0	1
8.404	1	1	841	5	1	22	1383	0	0	0
8.404	1	1	841	5	1	22	1383	0	0	1
8.405	1	1	841	6	1	22	1383	0	0	0
8.405	1	1	841	6	1	22	1383	0	0	1
8.406	1	1	841	7	1	22	1383	0	0	0
8.406	1	1	841	7	1	22	1383	0	0	1
8.408	1	1	841	9	1	22	1383	0	0	0
8.408	1	1	841	9	1	22	1383	0	0	1
8.409	1	1	841	10	1	22	1383	0	0	0
8.409	1	1	841	10	1	22	1383	0	0	1
8.41	1	1	842	1	1	22	1383	0	0	0
8.41	1	1	842	1	1	22	1383	0	0	1
8.411	1	1	842	2	1	22	1383	0	0	0
8.411	1	1	842	2	1	22	1383	0	0	1
8.412	1	1	842	3	1	22	1383	0	0	0
8.412	1	1	842	3	1	22	1383	0	0	1
8.413	1	1	842	4	1	22	1383	0	0	0
8.413	1	1	842	4	1	22	1383	0	0	1
8.414	1	1	842	5	1	20	1191	0	0	0
8.414	1	1	842	5	1	20	1191	0	0	1
8.415	1	1	842	6	1	20	1191	0	0	0
8.415	1	1	842	6	1	20	1191	0	0	1
8.417	1	1	842	8	1	20	1191	0	0	0
8.417	1	1	842	8	1	20	1191	0	0	1
8.418	1	1	842	9	1	20	1191	0	0	0
8.418	1	1	842	9	1	20	1191	0	0	1
8.419	1	1	842	10	1	20	1191	0	0	0
8.419	1	1	842	10	1	20	1191	0	0	1
8.42	1	1	843	1	1	20	1191	0	0	0
8.42	1	1	843	1	1	20	1191	0	0	1
8.421	1	1	843	2	1	20	1191	0	0	0
8.421	1	1	843	2	1	20	1191	0	0	1
8.422	1	1	843	3	1	20	1191	0	0	0
8.422	1	1	843	3	1	20	1191	0	0	1
8.423	1	1	843	4	1	20	1191	0	0	0
8.423	1	1	843	4	1	20	1191	0	0	1
8.424	1	1	843	5	1	20	1191	0	0	0
8.424	1	1	843	5	1	20	1191	0	0	1
8.425	1	1	843	6	1	20	1191	0	0	0
8.425	1	1	843	6	1	20	1191	0	0	1
8.427	1	1	843	8	1	20	1191	0	0	0
8.427	1	1	843	8	1	20	1191	0	0	1
8.428	1	1	843	9	1	20	1191	0	0	0
8.428	1	1	843	9	1	20	1191	0	0	1
8.429	1	1	843	10	1	20	1191	0	0	0
8.429	1	1	843	10	1	20	1191	0	0	1
8.43	1	1	844	1	1	20	1191	0	0	0
8.43	1	1	844	1	1	20	1191	0	0	1
8.431	1	1	844	2	1	20	1191	0	0	0
8.431	1	1	844	2	1	20	1191	0	0	1
8.432	1	1	844	3	1	20	1191	0	0	0
8.432	1	1	844	3	1	20	1191	0	0	1
8.433	1	1	844	4	1	20	1191	0	0	0
8.433	1	1	844	4	1	20	1191	0	0	1
8.434	1	1	844	5	1	20	1191	0	0	0
8.434	1	1	844	5	1	20	1191	0	0	1
8.435	1	1	844	6	1	20	1191	0	0	0
8.435	1	1	844	6	1	20	1191	0	0	1
8.436	1	1	844	7	1	20	1191	0	0	0
8.436	1	1	844	7	1	20	1191	0	0	1
8.437	1	1	844	8	1	20	1191	0	0	0
8.437	1	1	844	8	1	20	1191	0	0	1
8.438	1	1	844	9	1	20	1191	0	0	0
8.438	1	1	844	9	1	20	1191	0	0	1
8.439	1	1	844	10	1	20	1191	0	0	0
8.439	1	1	844	10	1	20	1191	0	0	1
8.44	1	1	845	1	1	20	1191	0	0	0
8.44	1	1	845	1	1	20	1191	0	0	1
8.441	1	1	845	2	1	20	1191	0	0	0
8.441	1	1	845	2	1	20	1191	0	0	1
8.442	1	1	845	3	1	20	1191	0	0	0
8.442	1	1	845	3	1	20	1191	0	0	1
8.443	1	1	845	4	1	20	1191	0	0	0
8.443	1	1	845	4	1	20	1191	0	0	1
8.445	1	1	845	6	1	20	1191	0	0	0
8.445	1	1	845	6	1	20	1191	0	0	1
8.446	1	1	845	7	1	20	1191	0	0	0
8.446	1	1	845	7	1	20	1191	0	0	1
8.447	1	1	845	8	1	20	1191	0	0	0
8.447	1	1	845	8	1	20	1191	0	0	1
8.448	1	1	845	9	1	20	1191	0	0	0
8.448	1	1	845	9	1	20	1191	0	0	1
8.449	1	1	845	10	1	20	1191	0	0	0
8.449	1	1	845	10	1	20	1191	0	0	1
8.45	1	1	846	1	1	20	1191	0	0	0
8.45	1	1	846	1	1	20	1191	0	0	1
8.451	1	1	846	2	1	20	1191	0	0	0
8.451	1	1	846	2	1	20	1191	0	0	1
8.452	1	1	846	3	1	20	1191	0	0	0
8.452	1	1	846	3	1	20	1191	0	0	1
8.453	1	1	846	4	1	20	1191	0	0	0
8.453	1	1	846	4	1	20	1191	0	0	1
8.454	1	1	846	5	1	20	1191	0	0	0
8.454	1	1	846	5	1	20	1191	0	0	1
8.455	1	1	846	6	1	20	1191	0	0	0
8.455	1	1	846	6	1	20	1191	0	0	1
8.456	1	1	846	7	1	20	1191	0	0	0
8.456	1	1	846	7	1	20	1191	0	0	1
8.457	1	1	846	8	1	20	1191	0	0	0
8.457	1	1	846	8	1	20	1191	0	0	1
8.458	1	1	846	9	1	20	1191	0	0	0
8.458	1	1	846	9	1	20	1191	0	0	1
8.459	1	1	846	10	1	20	1191	0	0	0
8.459	1	1	846	10	1	20	1191	0	0	1
8.46	1	1	847	1	1	20	1191	0	0	0
8.46	1	1	847	1	1	20	1191	0	0	1
8.461	1	1	847	2	1	20	1191	0	0	0
8.461	1	1	847	2	1	20	1191	0	0	1
8.462	1	1	847	3	1	22	1383	0	0	0
8.462	1	1	847	3	1	22	1383	0	0	1
8.464	1	1	847	5	1	22	1383	0	0	0
8.464	1	1	847	5	1	22	1383	0	0	1
8.465	1	1	847	6	1	22	1383	0	0	0
8.465	1	1	847	6	1	22	1383	0	0	1
8.466	1	1	847	7	1	22	1383	0	0	0
8.466	1	1	847	7	1	22	1383	0	0	1
8.467	1	1	847	8	1	22	1383	0	0	0
8.467	1	1	847	8	1	22	1383	0	0	1
8.468	1	1	847	9	1	22	1383	0	0	0
8.468	1	1	847	9	1	22	1383	0	0	1
8.469	1	1	847	10	1	22	1383	0	0	0
8.469	1	1	847	10	1	22	1383	0	0	1
8.47	1	1	848	1	1	22	1383	0	0	0
8.47	1	1	848	1	1	22	1383	0	0	1
8.471	1	1	848	2	1	22	1383	0	0	0
8.471	1	1	848	2	1	22	1383	0	0	1
8.473	1	1	848	4	1	24	1620	0	0	0
8.473	1	1	848	4	1	24	1620	0	0	1
8.474	1	1	848	5	1	24	1620	0	0	0
8.474	1	1	848	5	1	24	1620	0	0	1
8.475	1	1	848	6	1	24	1620	0	0	0
8.475	1	1	848	6	1	24	1620	0	0	1
8.476	1	1	848	7	1	24	1620	0	0	0
8.476	1	1	848	7	1	24	1620	0	0	1
8.477	1	1	848	8	1	24	1620	0	0	0
8.477	1	1	848	8	1	24	1620	0	0	1
8.478	1	1	848	9	1	24	1620	0	0	0
8.478	1	1	848	9	1	24	1620	0	0	1
8.479	1	1	848	10	1	24	1620	0	0	0
8.479	1	1	848	10	1	24	1620	0	0	1
8.48	1	1	849	1	1	24	1620	0	0	0
8.48	1	1	849	1	1	24	1620	0	0	1
8.481	1	1	849	2	1	24	1620	0	0	0
8.483	1	1	849	4	1	24	1620	0	0	0
8.484	1	1	849	5	1	24	1620	0	0	0
8.485	1	1	849	6	1	24	1620	0	0	0
8.485	1	1	849	6	1	24	1620	0	0	1
8.486	1	1	849	7	1	24	1620	0	0	0
8.486	1	1	849	7	1	24	1620	0	0	1
8.487	1	1	849	8	1	24	1620	0	0	0
8.487	1	1	849	8	1	24	1620	0	0	1
8.488	1	1	849	9	1	26	1836	0	0	0
8.488	1	1	849	9	1	26	1836	0	0	1
8.489	1	1	849	10	1	26	1836	0	0	0
8.489	1	1	849	10	1	26	1836	0	0	1
8.49	1	1	850	1	1	26	1836	0	0	0
8.49	1	1	850	1	1	26	1836	0	0	1
8.492	1	1	850	3	1	26	1836	0	0	0
8.492	1	1	850	3	1	26	1836	0	0	1
8.493	1	1	850	4	1	26	1836	0	0	0
8.493	1	1	850	4	1	26	1836	0	0	1
8.494	1	1	850	5	1	26	1836	0	0	0
8.494	1	1	850	5	1	26	1836	0	0	1
8.495	1	1	850	6	1	26	1836	0	0	0
8.495	1	1	850	6	1	26	1836	0	0	1
8.496	1	1	850	7	1	26	1836	0	0	0
8.496	1	1	850	7	1	26	1836	0	0	1
8.497	1	1	850	8	1	26	1836	0	0	0
8.497	1	1	850	8	1	26	1836	0	0	1
8.498	1	1	850	9	1	26	1836	0	0	0
8.499	1	1	850	10	1	26	1836	0	0	0
8.5	1	1	851	1	1	26	1836	0	0	0
8.501	1	1	851	2	1	26	1836	0	0	0
8.501	1	1	851	2	1	26	1836	0	0	1
8.502	1	1	851	3	1	26	1836	0	0	0
8.502	1	1	851	3	1	26	1836	0	0	1
8.503	1	1	851	4	1	26	1836	0	0	0
8.504	1	1	851	5	1	26	1836	0	0	0
8.504	1	1	851	5	1	26	1836	0	0	1
8.505	1	1	851	6	1	26	1836	0	0	0
8.505	1	1	851	6	1	26	1836	0	0	1
8.506	1	1	851	7	1	22	1383	0	0	0
8.506	1	1	851	7	1	22	1383	0	0	1
8.507	1	1	851	8	1	22	1383	0	0	0
8.507	1	1	851	8	1	22	1383	0	0	1
8.508	1	1	851	9	1	26	1836	0	0	0
8.508	1	1	851	9	1	26	1836	0	0	1
8.509	1	1	851	10	1	26	1836	0	0	0
8.509	1	1	851	10	1	26	1836	0	0	1
8.51	1	1	852	1	1	26	1836	0	0	0
8.51	1	1	852	1	1	20	1191	0	0	1
8.511	1	1	852	2	1	26	1836	0	0	0
8.511	1	1	852	2	1	26	1836	0	0	1
8.512	1	1	852	3	1	26	1836	0	0	0
8.512	1	1	852	3	1	20	1191	0	0	1
8.513	1	1	852	4	1	20	1191	0	0	0
8.513	1	1	852	4	1	20	1191	0	0	1
8.514	1	1	852	5	1	20	1191	0	0	0
8.514	1	1	852	5	1	20	1191	0	0	1
8.515	1	1	852	6	1	20	1191	0	0	0
8.515	1	1	852	6	1	20	1191	0	0	1
8.516	1	1	852	7	1	20	1191	0	0	0
8.516	1	1	852	7	1	20	1191	0	0	1
8.517	1	1	852	8	1	20	1191	0	0	0
8.517	1	1	852	8	1	20	1191	0	0	1
8.518	1	1	852	9	1	20	1191	0	0	0
8.518	1	1	852	9	1	20	1191	0	0	1
8.52	1	1	853	1	1	22	1383	0	0	0
8.52	1	1	853	1	1	22	1383	0	0	1
8.521	1	1	853	2	1	22	1383	0	0	0
8.521	1	1	853	2	1	22	1383	0	0	1
8.522	1	1	853	3	1	22	1383	0	0	0
8.522	1	1	853	3	1	22	1383	0	0	1
8.523	1	1	853	4	1	22	1383	0	0	0
8.523	1	1	853	4	1	22	1383	0	0	1
8.524	1	1	853	5	1	22	1383	0	0	0
8.524	1	1	853	5	1	22	1383	0	0	1
8.525	1	1	853	6	1	22	1383	0	0	0
8.525	1	1	853	6	1	22	1383	0	0	1
8.526	1	1	853	7	1	22	1383	0	0	0
8.526	1	1	853	7	1	22	1383	0	0	1
8.527	1	1	853	8	1	22	1383	0	0	0
8.527	1	1	853	8	1	22	1383	0	0	1
8.528	1	1	853	9	1	22	1383	0	0	0
8.528	1	1	853	9	1	22	1383	0	0	1
8.529	1	1	853	10	1	22	1383	0	0	0
8.529	1	1	853	10	1	22	1383	0	0	1
8.53	1	1	854	1	1	22	1383	0	0	0
8.53	1	1	854	1	1	22	1383	0	0	1
8.531	1	1	854	2	1	22	1383	0	0	0
8.531	1	1	854	2	1	22	1383	0	0	1
8.532	1	1	854	3	1	24	1620	0	0	0
8.532	1	1	854	3	1	24	1620	0	0	1
8.533	1	1	854	4	1	24	1620	0	0	0
8.533	1	1	854	4	1	24	1620	0	0	1
8.534	1	1	854	5	1	24	1620	0	0	0
8.534	1	1	854	5	1	24	1620	0	0	1
8.535	1	1	854	6	1	24	1620	0	0	0
8.535	1	1	854	6	1	24	1620	0	0	1
8.536	1	1	854	7	1	24	1620	0	0	0
8.536	1	1	854	7	1	24	1620	0	0	1
8.537	1	1	854	8	1	24	1620	0	0	0
8.537	1	1	854	8	1	24	1620	0	0	1
8.539	1	1	854	10	1	24	1620	0	0	0
8.539	1	1	854	10	1	24	1620	0	0	1
8.54	1	1	855	1	1	24	1620	0	0	0
8.54	1	1	855	1	1	24	1620	0	0	1
8.541	1	1	855	2	1	24	1620	0	0	0
8.542	1	1	855	3	1	24	1620	0	0	0
8.543	1	1	855	4	1	24	1620	0	0	0
8.544	1	1	855	5	1	24	1620	0	0	0
8.544	1	1	855	5	1	24	1620	0	0	1
8.545	1	1	855	6	1	24	1620	0	0	0
8.545	1	1	855	6	1	24	1620	0	0	1
8.546	1	1	855	7	1	24	1620	0	0	0
8.546	1	1	855	7	1	24	1620	0	0	1
8.548	1	1	855	9	1	26	1836	0	0	0
8.548	1	1	855	9	1	26	1836	0	0	1
8.549	1	1	855	10	1	26	1836	0	0	0
8.549	1	1	855	10	1	26	1836	0	0	1
8.55	1	1	856	1	1	26	1836	0	0	0
8.55	1	1	856	1	1	26	1836	0	0	1
8.551	1	1	856	2	1	26	1836	0	0	0
8.551	1	1	856	2	1	26	1836	0	0	1
8.552	1	1	856	3	1	26	1836	0	0	0
8.552	1	1	856	3	1	26	1836	0	0	1
8.553	1	1	856	4	1	26	1836	0	0	0
8.553	1	1	856	4	1	26	1836	0	0	1
8.554	1	1	856	5	1	26	1836	0	0	0
8.554	1	1	856	5	1	26	1836	0	0	1
8.555	1	1	856	6	1	26	1836	0	0	0
8.556	1	1	856	7	1	26	1836	0	0	0
8.557	1	1	856	8	1	26	1836	0	0	0
8.558	1	1	856	9	1	26	1836	0	0	0
8.558	1	1	856	9	1	26	1836	0	0	1
8.559	1	1	856	10	1	26	1836	0	0	0
8.56	1	1	857	1	1	26	1836	0	0	0
8.56	1	1	857	1	1	26	1836	0	0	1
8.561	1	1	857	2	1	26	1836	0	0	0
8.561	1	1	857	2	1	26	1836	0	0	1
8.562	1	1	857	3	1	26	1836	0	0	0
8.562	1	1	857	3	1	26	1836	0	0	1
8.563	1	1	857	4	1	26	1836	0	0	0
8.563	1	1	857	4	1	26	1836	0	0	1
8.564	1	1	857	5	1	26	1836	0	0	0
8.564	1	1	857	5	1	26	1836	0	0	1
8.565	1	1	857	6	1	26	1836	0	0	0
8.565	1	1	857	6	1	26	1836	0	0	1
8.567	1	1	857	8	1	26	1836	0	0	0
8.567	1	1	857	8	1	26	1836	0	0	1
8.568	1	1	857	9	1	26	1836	0	0	0
8.569	1	1	857	10	1	26	1836	0	0	0
8.57	1	1	858	1	1	26	1836	0	0	0
8.57	1	1	858	1	1	26	1836	0	0	1
8.571	1	1	858	2	1	26	1836	0	0	0
8.572	1	1	858	3	1	26	1836	0	0	0
8.572	1	1	858	3	1	26	1836	0	0	1
8.573	1	1	858	4	1	26	1836	0	0	0
8.573	1	1	858	4	1	26	1836	0	0	1
8.574	1	1	858	5	1	26	1836	0	0	0
8.574	1	1	858	5	1	26	1836	0	0	1
8.576	1	1	858	7	1	26	1836	0	0	0
8.576	1	1	858	7	1	26	1836	0	0	1
8.577	1	1	858	8	1	26	1836	0	0	0
8.577	1	1	858	8	1	26	1836	0	0	1
8.578	1	1	858	9	1	26	1836	0	0	0
8.578	1	1	858	9	1	26	1836	0	0	1
8.579	1	1	858	10	1	26	1836	0	0	0
8.579	1	1	858	10	1	26	1836	0	0	1
8.58	1	1	859	1	1	26	1836	0	0	0
8.58	1	1	859	1	1	26	1836	0	0	1
8.581	1	1	859	2	1	26	1836	0	0	0
8.581	1	1	859	2	1	26	1836	0	0	1
8.582	1	1	859	3	1	26	1836	0	0	0
8.583	1	1	859	4	1	26	1836	0	0	0
8.585	1	1	859	6	1	26	1836	0	0	0
8.585	1	1	859	6	1	26	1836	0	0	1
8.586	1	1	859	7	1	26	1836	0	0	0
8.586	1	1	859	7	1	26	1836	0	0	1
8.587	1	1	859	8	1	26	1836	0	0	0
8.588	1	1	859	9	1	26	1836	0	0	0
8.588	1	1	859	9	1	26	1836	0	0	1
8.589	1	1	859	10	1	26	1836	0	0	0
8.589	1	1	859	10	1	26	1836	0	0	1
8.59	1	1	860	1	1	26	1836	0	0	0
8.59	1	1	860	1	1	26	1836	0	0	1
8.591	1	1	860	2	1	26	1836	0	0	0
8.591	1	1	860	2	1	26	1836	0	0	1
8.592	1	1	860	3	1	26	1836	0	0	0
8.592	1	1	860	3	1	26	1836	0	0	1
8.593	1	1	860	4	1	26	1836	0	0	0
8.593	1	1	860	4	1	26	1836	0	0	1
8.595	1	1	860	6	1	26	1836	0	0	0
8.595	1	1	860	6	1	26	1836	0	0	1
8.596	1	1	860	7	1	26	1836	0	0	0
8.596	1	1	860	7	1	26	1836	0	0	1
8.597	1	1	860	8	1	26	1836	0	0	0
8.598	1	1	860	9	1	26	1836	0	0	0
8.599	1	1	860	10	1	26	1836	0	0	0
8.6	1	1	861	1	1	26	1836	0	0	0
8.6	1	1	861	1	1	26	1836	0	0	1
8.601	1	1	861	2	1	26	1836	0	0	0
8.601	1	1	861	2	1	26	1836	0	0	1
8.602	1	1	861	3	1	26	1836	0	0	0
8.602	1	1	861	3	1	26	1836	0	0	1
8.604	1	1	861	5	1	24	1620	0	0	0
8.604	1	1	861	5	1	24	1620	0	0	1
8.605	1	1	861	6	1	24	1620	0	0	0
8.605	1	1	861	6	1	24	1620	0	0	1
8.606	1	1	861	7	1	24	1620	0	0	0
8.606	1	1	861	7	1	24	1620	0	0	1
8.607	1	1	861	8	1	24	1620	0	0	0
8.607	1	1	861	8	1	24	1620	0	0	1
8.608	1	1	861	9	1	24	1620	0	0	0
8.608	1	1	861	9	1	24	1620	0	0	1
8.609	1	1	861	10	1	24	1620	0	0	0
8.609	1	1	861	10	1	24	1620	0	0	1
8.61	1	1	862	1	1	24	1620	0	0	0
8.61	1	1	862	1	1	24	1620	0	0	1
8.611	1	1	862	2	1	24	1620	0	0	0
8.611	1	1	862	2	1	24	1620	0	0	1
8.613	1	1	862	4	1	24	1620	0	0	0
8.614	1	1	862	5	1	24	1620	0	0	0
8.615	1	1	862	6	1	24	1620	0	0	0
8.616	1	1	862	7	1	24	1620	0	0	0
8.616	1	1	862	7	1	24	1620	0	0	1
8.617	1	1	862	8	1	24	1620	0	0	0
8.617	1	1	862	8	1	24	1620	0	0	1
8.618	1	1	862	9	1	24	1620	0	0	0
8.618	1	1	862	9	1	24	1620	0	0	1
8.619	1	1	862	10	1	24	1620	0	0	0
8.619	1	1	862	10	1	24	1620	0	0	1
8.62	1	1	863	1	1	24	1620	0	0	0
8.62	1	1	863	1	1	24	1620	0	0	1
8.621	1	1	863	2	1	24	1620	0	0	0
8.621	1	1	863	2	1	24	1620	0	0	1
8.623	1	1	863	4	1	24	1620	0	0	0
8.623	1	1	863	4	1	24	1620	0	0	1
8.624	1	1	863	5	1	24	1620	0	0	0
8.624	1	1	863	5	1	24	1620	0	0	1
8.625	1	1	863	6	1	24	1620	0	0	0
8.625	1	1	863	6	1	24	1620	0	0	1
8.626	1	1	863	7	1	24	1620	0	0	0
8.626	1	1	863	7	1	24	1620	0	0	1
8.627	1	1	863	8	1	24	1620	0	0	0
8.627	1	1	863	8	1	24	1620	0	0	1
8.628	1	1	863	9	1	24	1620	0	0	0
8.628	1	1	863	9	1	24	1620	0	0	1
8.629	1	1	863	10	1	24	1620	0	0	0
8.63	1	1	864	1	1	24	1620	0	0	0
8.632	1	1	864	3	1	22	1383	0	0	0
8.632	1	1	864	3	1	22	1383	0	0	1
8.633	1	1	864	4	1	22	1383	0	0	0
8.633	1	1	864	4	1	22	1383	0	0	1
8.634	1	1	864	5	1	22	1383	0	0	0
8.635	1	1	864	6	1	22	1383	0	0	0
8.635	1	1	864	6	1	22	1383	0	0	1
8.636	1	1	864	7	1	22	1383	0	0	0
8.636	1	1	864	7	1	22	1383	0	0	1
8.637	1	1	864	8	1	22	1383	0	0	0
8.637	1	1	864	8	1	22	1383	0	0	1
8.638	1	1	864	9	1	22	1383	0	0	0
8.638	1	1	864	9	1	22	1383	0	0	1
8.639	1	1	864	10	1	22	1383	0	0	0
8.639	1	1	864	10	1	22	1383	0	0	1
8.641	1	1	865	2	1	22	1383	0	0	0
8.641	1	1	865	2	1	22	1383	0	0	1
8.642	1	1	865	3	1	20	1191	0	0	0
8.642	1	1	865	3	1	20	1191	0	0	1
8.643	1	1	865	4	1	20	1191	0	0	0
8.643	1	1	865	4	1	20	1191	0	0	1
8.644	1	1	865	5	1	20	1191	0	0	0
8.644	1	1	865	5	1	20	1191	0	0	1
8.645	1	1	865	6	1	20	1191	0	0	0
8.645	1	1	865	6	1	20	1191	0	0	1
8.646	1	1	865	7	1	20	1191	0	0	0
8.646	1	1	865	7	1	20	1191	0	0	1
8.647	1	1	865	8	1	20	1191	0	0	0
8.647	1	1	865	8	1	20	1191	0	0	1
8.648	1	1	865	9	1	18	967	0	0	0
8.648	1	1	865	9	1	18	967	0	0	1
8.649	1	1	865	10	1	18	967	0	0	0
8.649	1	1	865	10	1	18	967	0	0	1
8.65	1	1	866	1	1	18	967	0	0	0
8.65	1	1	866	1	1	18	967	0	0	1
8.651	1	1	866	2	1	18	967	0	0	0
8.651	1	1	866	2	1	18	967	0	0	1
8.652	1	1	866	3	1	18	967	0	0	0
8.652	1	1	866	3	1	18	967	0	0	1
8.653	1	1	866	4	1	18	967	0	0	0
8.653	1	1	866	4	1	18	967	0	0	1
8.654	1	1	866	5	1	18	967	0	0	0
8.654	1	1	866	5	1	18	967	0	0	1
8.655	1	1	866	6	1	18	967	0	0	0
8.655	1	1	866	6	1	18	967	0	0	1
8.656	1	1	866	7	1	18	967	0	0	0
8.656	1	1	866	7	1	18	967	0	0	1
8.657	1	1	866	8	1	18	967	0	0	0
8.657	1	1	866	8	1	18	967	0	0	1
8.658	1	1	866	9	1	18	967	0	0	0
8.658	1	1	866	9	1	18	967	0	0	1
8.66	1	1	867	1	1	18	967	0	0	0
8.66	1	1	867	1	1	18	967	0	0	1
8.661	1	1	867	2	1	18	967	0	0	0
8.661	1	1	867	2	1	18	967	0	0	1
8.662	1	1	867	3	1	18	967	0	0	0
8.662	1	1	867	3	1	18	967	0	0	1
8.663	1	1	867	4	1	18	967	0	0	0
8.663	1	1	867	4	1	18	967	0	0	1
8.664	1	1	867	5	1	18	967	0	0	0
8.664	1	1	867	5	1	18	967	0	0	1
8.665	1	1	867	6	1	18	967	0	0	0
8.665	1	1	867	6	1	18	967	0	0	1
8.666	1	1	867	7	1	20	1191	0	0	0
8.666	1	1	867	7	1	20	1191	0	0	1
8.667	1	1	867	8	1	20	1191	0	0	0
8.667	1	1	867	8	1	20	1191	0	0	1
8.668	1	1	867	9	1	20	1191	0	0	0
8.668	1	1	867	9	1	20	1191	0	0	1
8.669	1	1	867	10	1	20	1191	0	0	0
8.669	1	1	867	10	1	20	1191	0	0	1
8.67	1	1	868	1	1	20	1191	0	0	0
8.67	1	1	868	1	1	20	1191	0	0	1
8.671	1	1	868	2	1	20	1191	0	0	0
8.671	1	1	868	2	1	20	1191	0	0	1
8.672	1	1	868	3	1	20	1191	0	0	0
8.672	1	1	868	3	1	20	1191	0	0	1
8.673	1	1	868	4	1	20	1191	0	0	0
8.673	1	1	868	4	1	20	1191	0	0	1
8.674	1	1	868	5	1	20	1191	0	0	0
8.674	1	1	868	5	1	20	1191	0	0	1
8.675	1	1	868	6	1	20	1191	0	0	0
8.675	1	1	868	6	1	20	1191	0	0	1
8.676	1	1	868	7	1	22	1383	0	0	0
8.676	1	1	868	7	1	22	1383	0	0	1
8.677	1	1	868	8	1	22	1383	0	0	0
8.677	1	1	868	8	1	22	1383	0	0	1
8.679	1	1	868	10	1	22	1383	0	0	0
8.679	1	1	868	10	1	22	1383	0	0	1
8.68	1	1	869	1	1	22	1383	0	0	0
8.68	1	1	869	1	1	22	1383	0	0	1
8.681	1	1	869	2	1	22	1383	0	0	0
8.681	1	1	869	2	1	22	1383	0	0	1
8.682	1	1	869	3	1	22	1383	0	0	0
8.682	1	1	869	3	1	22	1383	0	0	1
8.683	1	1	869	4	1	22	1383	0	0	0
8.683	1	1	869	4	1	22	1383	0	0	1
8.684	1	1	869	5	1	22	1383	0	0	0
8.684	1	1	869	5	1	22	1383	0	0	1
8.685	1	1	869	6	1	22	1383	0	0	0
8.685	1	1	869	6	1	22	1383	0	0	1
8.686	1	1	869	7	1	22	1383	0	0	0
8.686	1	1	869	7	1	22	1383	0	0	1
8.688	1	1	869	9	1	22	1383	0	0	0
8.688	1	1	869	9	1	22	1383	0	0	1
8.689	1	1	869	10	1	22	1383	0	0	0
8.689	1	1	869	10	1	22	1383	0	0	1
8.69	1	1	870	1	1	22	1383	0	0	0
8.69	1	1	870	1	1	22	1383	0	0	1
8.691	1	1	870	2	1	22	1383	0	0	0
8.691	1	1	870	2	1	22	1383	0	0	1
8.692	1	1	870	3	1	22	1383	0	0	0
8.692	1	1	870	3	1	22	1383	0	0	1
8.693	1	1	870	4	1	22	1383	0	0	0
8.693	1	1	870	4	1	22	1383	0	0	1
8.694	1	1	870	5	1	22	1383	0	0	0
8.694	1	1	870	5	1	22	1383	0	0	1
8.695	1	1	870	6	1	22	1383	0	0	0
8.695	1	1	870	6	1	22	1383	0	0	1
8.696	1	1	870	7	1	22	1383	0	0	0
8.696	1	1	870	7	1	22	1383	0	0	1
8.697	1	1	870	8	1	22	1383	0	0	0
8.697	1	1	870	8	1	22	1383	0	0	1
8.698	1	1	870	9	1	22	1383	0	0	0
8.698	1	1	870	9	1	22	1383	0	0	1
8.699	1	1	870	10	1	22	1383	0	0	0
8.699	1	1	870	10	1	22	1383	0	0	1
8.7	1	1	871	1	1	22	1383	0	0	0
8.7	1	1	871	1	1	22	1383	0	0	1
8.701	1	1	871	2	1	22	1383	0	0	0
8.701	1	1	871	2	1	22	1383	0	0	1
8.702	1	1	871	3	1	22	1383	0	0	0
8.702	1	1	871	3	1	22	1383	0	0	1
8.703	1	1	871	4	1	22	1383	0	0	0
8.703	1	1	871	4	1	22	1383	0	0	1
8.704	1	1	871	5	1	24	1620	0	0	0
8.704	1	1	871	5	1	24	1620	0	0	1
8.705	1	1	871	6	1	24	1620	0	0	0
8.705	1	1	871	6	1	24	1620	0	0	1
8.707	1	1	871	8	1	24	1620	0	0	0
8.707	1	1	871	8	1	24	1620	0	0	1
8.708	1	1	871	9	1	24	1620	0	0	0
8.708	1	1	871	9	1	24	1620	0	0	1
8.709	1	1	871	10	1	24	1620	0	0	0
8.709	1	1	871	10	1	24	1620	0	0	1
8.71	1	1	872	1	1	24	1620	0	0	0
8.71	1	1	872	1	1	24	1620	0	0	1
8.711	1	1	872	2	1	24	1620	0	0	0
8.711	1	1	872	2	1	24	1620	0	0	1
8.712	1	1	872	3	1	24	1620	0	0	0
8.712	1	1	872	3	1	24	1620	0	0	1
8.713	1	1	872	4	1	24	1620	0	0	0
8.714	1	1	872	5	1	24	1620	0	0	0
8.715	1	1	872	6	1	24	1620	0	0	0
8.716	1	1	872	7	1	24	1620	0	0	0
8.716	1	1	872	7	1	24	1620	0	0	1
8.717	1	1	872	8	1	24	1620	0	0	0
8.717	1	1	872	8	1	24	1620	0	0	1
8.718	1	1	872	9	1	24	1620	0	0	0
8.718	1	1	872	9	1	24	1620	0	0	1
8.719	1	1	872	10	1	24	1620	0	0	0
8.719	1	1	872	10	1	24	1620	0	0	1
8.72	1	1	873	1	1	24	1620	0	0	0
8.72	1	1	873	1	1	24	1620	0	0	1
8.721	1	1	873	2	1	24	1620	0	0	0
8.721	1	1	873	2	1	24	1620	0	0	1
8.722	1	1	873	3	1	24	1620	0	0	0
8.722	1	1	873	3	1	24	1620	0	0	1
8.723	1	1	873	4	1	24	1620	0	0	0
8.723	1	1	873	4	1	24	1620	0	0	1
8.725	1	1	873	6	1	24	1620	0	0	0
8.725	1	1	873	6	1	24	1620	0	0	1
8.726	1	1	873	7	1	24	1620	0	0	0
8.727	1	1	873	8	1	24	1620	0	0	0
8.728	1	1	873	9	1	24	1620	0	0	0
8.729	1	1	873	10	1	24	1620	0	0	0
8.729	1	1	873	10	1	24	1620	0	0	1
8.73	1	1	874	1	1	24	1620	0	0	0
8.73	1	1	874	1	1	24	1620	0	0	1
8.731	1	1	874	2	1	24	1620	0	0	0
8.731	1	1	874	2	1	24	1620	0	0	1
8.732	1	1	874	3	1	24	1620	0	0	0
8.732	1	1	874	3	1	24	1620	0	0	1
8.733	1	1	874	4	1	24	1620	0	0	0
8.733	1	1	874	4	1	24	1620	0	0	1
8.735	1	1	874	6	1	24	1620	0	0	0
8.735	1	1	874	6	1	24	1620	0	0	1
8.736	1	1	874	7	1	24	1620	0	0	0
8.736	1	1	874	7	1	24	1620	0	0	1
8.737	1	1	874	8	1	24	1620	0	0	0
8.737	1	1	874	8	1	24	1620	0	0	1
8.738	1	1	874	9	1	24	1620	0	0	0
8.738	1	1	874	9	1	24	1620	0	0	1
8.739	1	1	874	10	1	24	1620	0	0	0
8.739	1	1	874	10	1	24	1620	0	0	1
8.74	1	1	875	1	1	24	1620	0	0	0
8.74	1	1	875	1	1	24	1620	0	0	1
8.741	1	1	875	2	1	24	1620	0	0	0
8.742	1	1	875	3	1	24	1620	0	0	0
8.743	1	1	875	4	1	24	1620	0	0	0
8.744	1	1	875	5	1	24	1620	0	0	0
8.744	1	1	875	5	1	24	1620	0	0	1
8.745	1	1	875	6	1	24	1620	0	0	0
8.745	1	1	875	6	1	24	1620	0	0	1
8.746	1	1	875	7	1	24	1620	0	0	0
8.747	1	1	875	8	1	24	1620	0	0	0
8.747	1	1	875	8	1	24	1620	0	0	1
8.748	1	1	875	9	1	24	1620	0	0	0
8.748	1	1	875	9	1	24	1620	0	0	1
8.749	1	1	875	10	1	24	1620	0	0	0
8.749	1	1	875	10	1	24	1620	0	0	1
8.75	1	1	876	1	1	24	1620	0	0	0
8.75	1	1	876	1	1	24	1620	0	0	1
8.751	1	1	876	2	1	24	1620	0	0	0
8.751	1	1	876	2	1	24	1620	0	0	1
8.753	1	1	876	4	1	24	1620	0	0	0
8.753	1	1	876	4	1	24	1620	0	0	1
8.754	1	1	876	5	1	24	1620	0	0	0
8.754	1	1	876	5	1	24	1620	0	0	1
8.755	1	1	876	6	1	24	1620	0	0	0
8.755	1	1	876	6	1	24	1620	0	0	1
8.756	1	1	876	7	1	24	1620	0	0	0
8.757	1	1	876	8	1	24	1620	0	0	0
8.758	1	1	876	9	1	24	1620	0	0	0
8.759	1	1	876	10	1	24	1620	0	0	0
8.759	1	1	876	10	1	24	1620	0	0	1
8.76	1	1	877	1	1	24	1620	0	0	0
8.76	1	1	877	1	1	24	1620	0	0	1
8.761	1	1	877	2	1	24	1620	0	0	0
8.761	1	1	877	2	1	24	1620	0	0	1
8.763	1	1	877	4	1	24	1620	0	0	0
8.763	1	1	877	4	1	24	1620	0	0	1
8.764	1	1	877	5	1	24	1620	0	0	0
8.764	1	1	877	5	1	24	1620	0	0	1
8.765	1	1	877	6	1	24	1620	0	0	0
8.765	1	1	877	6	1	24	1620	0	0	1
8.766	1	1	877	7	1	24	1620	0	0	0
8.766	1	1	877	7	1	24	1620	0	0	1
8.767	1	1	877	8	1	24	1620	0	0	0
8.767	1	1	877	8	1	24	1620	0	0	1
8.768	1	1	877	9	1	24	1620	0	0	0
8.768	1	1	877	9	1	24	1620	0	0	1
8.769	1	1	877	10	1	24	1620	0	0	0
8.769	1	1	877	10	1	24	1620	0	0	1
8.77	1	1	878	1	1	24	1620	0	0	0
8.77	1	1	878	1	1	24	1620	0	0	1
8.772	1	1	878	3	1	24	1620	0	0	0
8.773	1	1	878	4	1	24	1620	0	0	0
8.774	1	1	878	5	1	24	1620	0	0	0
8.775	1	1	878	6	1	24	1620	0	0	0
8.775	1	1	878	6	1	24	1620	0	0	1
8.776	1	1	878	7	1	24	1620	0	0	0
8.776	1	1	878	7	1	24	1620	0	0	1
8.777	1	1	878	8	1	24	1620	0	0	0
8.777	1	1	878	8	1	24	1620	0	0	1
8.778	1	1	878	9	1	24	1620	0	0	0
8.778	1	1	878	9	1	24	1620	0	0	1
8.779	1	1	878	10	1	24	1620	0	0	0
8.779	1	1	878	10	1	24	1620	0	0	1
8.781	1	1	879	2	1	24	1620	0	0	0
8.781	1	1	879	2	1	24	1620	0	0	1
8.782	1	1	879	3	1	24	1620	0	0	0
8.782	1	1	879	3	1	24	1620	0	0	1
8.783	1	1	879	4	1	24	1620	0	0	0
8.783	1	1	879	4	1	24	1620	0	0	1
8.784	1	1	879	5	1	24	1620	0	0	0
8.785	1	1	879	6	1	24	1620	0	0	0
8.786	1	1	879	7	1	24	1620	0	0	0
8.787	1	1	879	8	1	24	1620	0	0	0
8.787	1	1	879	8	1	24	1620	0	0	1
8.788	1	1	879	9	1	24	1620	0	0	0
8.788	1	1	879	9	1	24	1620	0	0	1
8.789	1	1	879	10	1	24	1620	0	0	0
8.789	1	1	879	10	1	24	1620	0	0	1
8.791	1	1	880	2	1	24	1620	0	0	0
8.791	1	1	880	2	1	24	1620	0	0	1
8.792	1	1	880	3	1	24	1620	0	0	0
8.792	1	1	880	3	1	24	1620	0	0	1
8.793	1	1	880	4	1	24	1620	0	0	0
8.793	1	1	880	4	1	24	1620	0	0	1
8.794	1	1	880	5	1	24	1620	0	0	0
8.794	1	1	880	5	1	24	1620	0	0	1
8.795	1	1	880	6	1	24	1620	0	0	0
8.795	1	1	880	6	1	24	1620	0	0	1
8.796	1	1	880	7	1	24	1620	0	0	0
8.797	1	1	880	8	1	24	1620	0	0	0
8.798	1	1	880	9	1	24	1620	0	0	0
8.799	1	1	880	10	1	24	1620	0	0	1
8.8	1	1	881	1	1	24	1620	0	0	0
8.8	1	1	881	1	1	24	1620	0	0	1
8.801	1	1	881	2	1	24	1620	0	0	0
8.801	1	1	881	2	1	24	1620	0	0	1
8.802	1	1	881	3	1	24	1620	0	0	0
8.803	1	1	881	4	1	24	1620	0	0	0
8.803	1	1	881	4	1	24	1620	0	0	1
8.804	1	1	881	5	1	24	1620	0	0	0
8.804	1	1	881	5	1	24	1620	0	0	1
8.805	1	1	881	6	1	24	1620	0	0	0
8.805	1	1	881	6	1	24	1620	0	0	1
8.806	1	1	881	7	1	24	1620	0	0	0
8.806	1	1	881	7	1	24	1620	0	0	1
8.807	1	1	881	8	1	24	1620	0	0	0
8.807	1	1	881	8	1	24	1620	0	0	1
8.808	1	1	881	9	1	24	1620	0	0	0
8.809	1	1	881	10	1	24	1620	0	0	0
8.81	1	1	882	1	1	24	1620	0	0	0
8.811	1	1	882	2	1	24	1620	0	0	0
8.811	1	1	882	2	1	24	1620	0	0	1
8.812	1	1	882	3	1	24	1620	0	0	0
8.812	1	1	882	3	1	24	1620	0	0	1
8.813	1	1	882	4	1	24	1620	0	0	0
8.813	1	1	882	4	1	24	1620	0	0	1
8.814	1	1	882	5	1	24	1620	0	0	0
8.815	1	1	882	6	1	24	1620	0	0	0
8.815	1	1	882	6	1	24	1620	0	0	1
8.816	1	1	882	7	1	24	1620	0	0	0
8.816	1	1	882	7	1	24	1620	0	0	1
8.817	1	1	882	8	1	24	1620	0	0	0
8.817	1	1	882	8	1	24	1620	0	0	1
8.819	1	1	882	10	1	24	1620	0	0	0
8.819	1	1	882	10	1	24	1620	0	0	1
8.82	1	1	883	1	1	24	1620	0	0	0
8.82	1	1	883	1	1	24	1620	0	0	1
8.821	1	1	883	2	1	24	1620	0	0	0
8.821	1	1	883	2	1	24	1620	0	0	1
8.822	1	1	883	3	1	24	1620	0	0	0
8.822	1	1	883	3	1	24	1620	0	0	1
8.823	1	1	883	4	1	24	1620	0	0	0
8.823	1	1	883	4	1	24	1620	0	0	1
8.824	1	1	883	5	1	24	1620	0	0	0
8.825	1	1	883	6	1	24	1620	0	0	0
8.826	1	1	883	7	1	24	1620	0	0	0
8.827	1	1	883	8	1	24	1620	0	0	0
8.827	1	1	883	8	1	24	1620	0	0	1
8.828	1	1	883	9	1	24	1620	0	0	0
8.828	1	1	883	9	1	24	1620	0	0	1
8.829	1	1	883	10	1	24	1620	0	0	0
8.829	1	1	883	10	1	24	1620	0	0	1
8.83	1	1	884	1	1	24	1620	0	0	0
8.831	1	1	884	2	1	24	1620	0	0	0
8.831	1	1	884	2	1	24	1620	0	0	1
8.832	1	1	884	3	1	24	1620	0	0	0
8.832	1	1	884	3	1	24	1620	0	0	1
8.833	1	1	884	4	1	24	1620	0	0	0
8.833	1	1	884	4	1	24	1620	0	0	1
8.834	1	1	884	5	1	24	1620	0	0	0
8.834	1	1	884	5	1	24	1620	0	0	1
8.835	1	1	884	6	1	24	1620	0	0	0
8.835	1	1	884	6	1	24	1620	0	0	1
8.837	1	1	884	8	1	24	1620	0	0	0
8.837	1	1	884	8	1	24	1620	0	0	1
8.838	1	1	884	9	1	24	1620	0	0	0
8.838	1	1	884	9	1	24	1620	0	0	1
8.839	1	1	884	10	1	24	1620	0	0	0
8.839	1	1	884	10	1	24	1620	0	0	1
8.84	1	1	885	1	1	24	1620	0	0	0
8.841	1	1	885	2	1	24	1620	0	0	0
8.842	1	1	885	3	1	24	1620	0	0	0
8.843	1	1	885	4	1	24	1620	0	0	0
8.843	1	1	885	4	1	24	1620	0	0	1
8.844	1	1	885	5	1	24	1620	0	0	0
8.844	1	1	885	5	1	24	1620	0	0	1
8.845	1	1	885	6	1	24	1620	0	0	0
8.845	1	1	885	6	1	24	1620	0	0	1
8.846	1	1	885	7	1	24	1620	0	0	0
8.846	1	1	885	7	1	24	1620	0	0	1
8.847	1	1	885	8	1	24	1620	0	0	0
8.847	1	1	885	8	1	24	1620	0	0	1
8.848	1	1	885	9	1	24	1620	0	0	0
8.849	1	1	885	10	1	24	1620	0	0	0
8.849	1	1	885	10	1	24	1620	0	0	1
8.85	1	1	886	1	1	24	1620	0	0	0
8.85	1	1	886	1	1	24	1620	0	0	1
8.851	1	1	886	2	1	24	1620	0	0	0
8.851	1	1	886	2	1	24	1620	0	0	1
8.852	1	1	886	3	1	24	1620	0	0	0
8.852	1	1	886	3	1	24	1620	0	0	1
8.853	1	1	886	4	1	24	1620	0	0	0
8.853	1	1	886	4	1	24	1620	0	0	1
8.854	1	1	886	5	1	24	1620	0	0	0
8.854	1	1	886	5	1	24	1620	0	0	1
8.856	1	1	886	7	1	24	1620	0	0	0
8.856	1	1	886	7	1	24	1620	0	0	1
8.857	1	1	886	8	1	24	1620	0	0	0
8.858	1	1	886	9	1	24	1620	0	0	0
8.859	1	1	886	10	1	24	1620	0	0	0
8.859	1	1	886	10	1	24	1620	0	0	1
8.86	1	1	887	1	1	22	1383	0	0	0
8.861	1	1	887	2	1	22	1383	0	0	0
8.861	1	1	887	2	1	22	1383	0	0	1
8.862	1	1	887	3	1	22	1383	0	0	0
8.862	1	1	887	3	1	22	1383	0	0	1
8.863	1	1	887	4	1	22	1383	0	0	0
8.863	1	1	887	4	1	22	1383	0	0	1
8.864	1	1	887	5	1	22	1383	0	0	0
8.864	1	1	887	5	1	22	1383	0	0	1
8.865	1	1	887	6	1	22	1383	0	0	0
8.865	1	1	887	6	1	22	1383	0	0	1
8.866	1	1	887	7	1	22	1383	0	0	0
8.866	1	1	887	7	1	22	1383	0	0	1
8.867	1	1	887	8	1	22	1383	0	0	0
8.867	1	1	887	8	1	22	1383	0	0	1
8.868	1	1	887	9	1	22	1383	0	0	0
8.868	1	1	887	9	1	22	1383	0	0	1
8.869	1	1	887	10	1	22	1383	0	0	0
8.869	1	1	887	10	1	22	1383	0	0	1
8.87	1	1	888	1	1	22	1383	0	0	0
8.87	1	1	888	1	1	22	1383	0	0	1
8.871	1	1	888	2	1	22	1383	0	0	0
8.871	1	1	888	2	1	22	1383	0	0	1
8.872	1	1	888	3	1	22	1383	0	0	0
8.872	1	1	888	3	1	22	1383	0	0	1
8.873	1	1	888	4	1	22	1383	0	0	0
8.873	1	1	888	4	1	22	1383	0	0	1
8.874	1	1	888	5	1	22	1383	0	0	0
8.874	1	1	888	5	1	22	1383	0	0	1
8.875	1	1	888	6	1	22	1383	0	0	0
8.875	1	1	888	6	1	22	1383	0	0	1
8.876	1	1	888	7	1	22	1383	0	0	0
8.876	1	1	888	7	1	22	1383	0	0	1
8.877	1	1	888	8	1	22	1383	0	0	0
8.877	1	1	888	8	1	22	1383	0	0	1
8.878	1	1	888	9	1	22	1383	0	0	0
8.878	1	1	888	9	1	22	1383	0	0	1
8.879	1	1	888	10	1	22	1383	0	0	0
8.879	1	1	888	10	1	22	1383	0	0	1
8.88	1	1	889	1	1	22	1383	0	0	0
8.88	1	1	889	1	1	22	1383	0	0	1
8.881	1	1	889	2	1	22	1383	0	0	0
8.881	1	1	889	2	1	22	1383	0	0	1
8.882	1	1	889	3	1	22	1383	0	0	0
8.882	1	1	889	3	1	22	1383	0	0	1
8.884	1	1	889	5	1	22	1383	0	0	0
8.884	1	1	889	5	1	22	1383	0	0	1
8.885	1	1	889	6	1	22	1383	0	0	0
8.885	1	1	889	6	1	22	1383	0	0	1
8.886	1	1	889	7	1	22	1383	0	0	0
8.886	1	1	889	7	1	22	1383	0	0	1
8.887	1	1	889	8	1	22	1383	0	0	0
8.887	1	1	889	8	1	22	1383	0	0	1
8.888	1	1	889	9	1	22	1383	0	0	0
8.888	1	1	889	9	1	22	1383	0	0	1
8.889	1	1	889	10	1	22	1383	0	0	0
8.889	1	1	889	10	1	22	1383	0	0	1
8.89	1	1	890	1	1	22	1383	0	0	0
8.89	1	1	890	1	1	22	1383	0	0	1
8.891	1	1	890	2	1	22	1383	0	0	0
8.891	1	1	890	2	1	22	1383	0	0	1
8.892	1	1	890	3	1	22	1383	0	0	0
8.892	1	1	890	3	1	22	1383	0	0	1
8.893	1	1	890	4	1	22	1383	0	0	0
8.893	1	1	890	4	1	22	1383	0	0	1
8.894	1	1	890	5	1	24	1620	0	0	0
8.894	1	1	890	5	1	24	1620	0	0	1
8.895	1	1	890	6	1	24	1620	0	0	0
8.895	1	1	890	6	1	24	1620	0	0	1
8.896	1	1	890	7	1	24	1620	0	0	0
8.896	1	1	890	7	1	24	1620	0	0	1
8.897	1	1	890	8	1	24	1620	0	0	0
8.897	1	1	890	8	1	24	1620	0	0	1
8.898	1	1	890	9	1	24	1620	0	0	0
8.898	1	1	890	9	1	24	1620	0	0	1
8.899	1	1	890	10	1	24	1620	0	0	0
8.899	1	1	890	10	1	24	1620	0	0	1
8.9	1	1	891	1	1	24	1620	0	0	0
8.9	1	1	891	1	1	24	1620	0	0	1
8.901	1	1	891	2	1	24	1620	0	0	0
8.901	1	1	891	2	1	24	1620	0	0	1
8.903	1	1	891	4	1	24	1620	0	0	0
8.904	1	1	891	5	1	24	1620	0	0	0
8.905	1	1	891	6	1	24	1620	0	0	0
8.906	1	1	891	7	1	24	1620	0	0	0
8.906	1	1	891	7	1	24	1620	0	0	1
8.907	1	1	891	8	1	24	1620	0	0	0
8.907	1	1	891	8	1	24	1620	0	0	1
8.908	1	1	891	9	1	24	1620	0	0	0
8.908	1	1	891	9	1	24	1620	0	0	1
8.909	1	1	891	10	1	24	1620	0	0	0
8.909	1	1	891	10	1	24	1620	0	0	1
8.91	1	1	892	1	1	24	1620	0	0	0
8.91	1	1	892	1	1	24	1620	0	0	1
8.912	1	1	892	3	1	24	1620	0	0	0
8.912	1	1	892	3	1	24	1620	0	0	1
8.913	1	1	892	4	1	24	1620	0	0	0
8.913	1	1	892	4	1	24	1620	0	0	1
8.914	1	1	892	5	1	24	1620	0	0	0
8.914	1	1	892	5	1	24	1620	0	0	1
8.915	1	1	892	6	1	24	1620	0	0	0
8.915	1	1	892	6	1	24	1620	0	0	1
8.916	1	1	892	7	1	24	1620	0	0	0
8.916	1	1	892	7	1	24	1620	0	0	1
8.917	1	1	892	8	1	24	1620	0	0	0
8.917	1	1	892	8	1	24	1620	0	0	1
8.918	1	1	892	9	1	24	1620	0	0	0
8.918	1	1	892	9	1	24	1620	0	0	1
8.919	1	1	892	10	1	24	1620	0	0	0
8.921	1	1	893	2	1	24	1620	0	0	0
8.922	1	1	893	3	1	24	1620	0	0	0
8.922	1	1	893	3	1	24	1620	0	0	1
8.923	1	1	893	4	1	24	1620	0	0	0
8.924	1	1	893	5	1	24	1620	0	0	0
8.924	1	1	893	5	1	24	1620	0	0	1
8.925	1	1	893	6	1	24	1620	0	0	0
8.925	1	1	893	6	1	24	1620	0	0	1
8.926	1	1	893	7	1	26	1836	0	0	0
8.926	1	1	893	7	1	26	1836	0	0	1
8.927	1	1	893	8	1	26	1836	0	0	0
8.927	1	1	893	8	1	26	1836	0	0	1
8.928	1	1	893	9	1	26	1836	0	0	0
8.928	1	1	893	9	1	26	1836	0	0	1
8.929	1	1	893	10	1	26	1836	0	0	0
8.929	1	1	893	10	1	26	1836	0	0	1
8.931	1	1	894	2	1	24	1620	0	0	0
8.931	1	1	894	2	1	24	1620	0	0	1
8.932	1	1	894	3	1	24	1620	0	0	0
8.932	1	1	894	3	1	24	1620	0	0	1
8.933	1	1	894	4	1	24	1620	0	0	0
8.933	1	1	894	4	1	24	1620	0	0	1
8.934	1	1	894	5	1	24	1620	0	0	0
8.934	1	1	894	5	1	24	1620	0	0	1
8.935	1	1	894	6	1	24	1620	0	0	0
8.935	1	1	894	6	1	24	1620	0	0	1
8.936	1	1	894	7	1	24	1620	0	0	0
8.937	1	1	894	8	1	24	1620	0	0	0
8.938	1	1	894	9	1	24	1620	0	0	0
8.939	1	1	894	10	1	24	1620	0	0	1
8.94	1	1	895	1	1	24	1620	0	0	0
8.94	1	1	895	1	1	24	1620	0	0	1
8.941	1	1	895	2	1	24	1620	0	0	0
8.941	1	1	895	2	1	24	1620	0	0	1
8.942	1	1	895	3	1	24	1620	0	0	0
8.943	1	1	895	4	1	24	1620	0	0	0
8.943	1	1	895	4	1	24	1620	0	0	1
8.944	1	1	895	5	1	24	1620	0	0	0
8.944	1	1	895	5	1	24	1620	0	0	1
8.945	1	1	895	6	1	24	1620	0	0	0
8.945	1	1	895	6	1	24	1620	0	0	1
8.946	1	1	895	7	1	24	1620	0	0	0
8.946	1	1	895	7	1	24	1620	0	0	1
8.947	1	1	895	8	1	24	1620	0	0	0
8.947	1	1	895	8	1	24	1620	0	0	1
8.949	1	1	895	10	1	24	1620	0	0	0
8.95	1	1	896	1	1	24	1620	0	0	0
8.951	1	1	896	2	1	24	1620	0	0	0
8.951	1	1	896	2	1	24	1620	0	0	1
8.952	1	1	896	3	1	24	1620	0	0	0
8.952	1	1	896	3	1	24	1620	0	0	1
8.953	1	1	896	4	1	24	1620	0	0	0
8.953	1	1	896	4	1	24	1620	0	0	1
8.954	1	1	896	5	1	24	1620	0	0	0
8.955	1	1	896	6	1	24	1620	0	0	0
8.955	1	1	896	6	1	24	1620	0	0	1
8.956	1	1	896	7	1	24	1620	0	0	0
8.956	1	1	896	7	1	24	1620	0	0	1
8.957	1	1	896	8	1	24	1620	0	0	0
8.957	1	1	896	8	1	24	1620	0	0	1
8.959	1	1	896	10	1	24	1620	0	0	0
8.959	1	1	896	10	1	24	1620	0	0	1
8.96	1	1	897	1	1	24	1620	0	0	0
8.96	1	1	897	1	1	24	1620	0	0	1
8.961	1	1	897	2	1	24	1620	0	0	0
8.962	1	1	897	3	1	24	1620	0	0	0
8.963	1	1	897	4	1	24	1620	0	0	0
8.963	1	1	897	4	1	24	1620	0	0	1
8.964	1	1	897	5	1	24	1620	0	0	0
8.964	1	1	897	5	1	24	1620	0	0	1
8.965	1	1	897	6	1	24	1620	0	0	0
8.965	1	1	897	6	1	24	1620	0	0	1
8.966	1	1	897	7	1	24	1620	0	0	0
8.967	1	1	897	8	1	24	1620	0	0	1
8.968	1	1	897	9	1	24	1620	0	0	0
8.968	1	1	897	9	1	24	1620	0	0	1
8.969	1	1	897	10	1	24	1620	0	0	0
8.969	1	1	897	10	1	24	1620	0	0	1
8.97	1	1	898	1	1	24	1620	0	0	0
8.971	1	1	898	2	1	24	1620	0	0	0
8.971	1	1	898	2	1	24	1620	0	0	1
8.972	1	1	898	3	1	24	1620	0	0	0
8.972	1	1	898	3	1	24	1620	0	0	1
8.973	1	1	898	4	1	24	1620	0	0	0
8.974	1	1	898	5	1	24	1620	0	0	0
8.975	1	1	898	6	1	24	1620	0	0	0
8.975	1	1	898	6	1	24	1620	0	0	1
8.977	1	1	898	8	1	24	1620	0	0	0
8.977	1	1	898	8	1	24	1620	0	0	1
8.978	1	1	898	9	1	24	1620	0	0	0
8.978	1	1	898	9	1	24	1620	0	0	1
8.979	1	1	898	10	1	24	1620	0	0	0
8.979	1	1	898	10	1	24	1620	0	0	1
8.98	1	1	899	1	1	24	1620	0	0	0
8.98	1	1	899	1	1	24	1620	0	0	1
8.981	1	1	899	2	1	24	1620	0	0	0
8.981	1	1	899	2	1	24	1620	0	0	1
8.982	1	1	899	3	1	24	1620	0	0	0
8.982	1	1	899	3	1	24	1620	0	0	1
8.983	1	1	899	4	1	24	1620	0	0	0
8.984	1	1	899	5	1	24	1620	0	0	0
8.984	1	1	899	5	1	24	1620	0	0	1
8.985	1	1	899	6	1	24	1620	0	0	0
8.986	1	1	899	7	1	24	1620	0	0	0
8.987	1	1	899	8	1	24	1620	0	0	0
8.987	1	1	899	8	1	24	1620	0	0	1
8.988	1	1	899	9	1	24	1620	0	0	0
8.989	1	1	899	10	1	24	1620	0	0	0
8.989	1	1	899	10	1	24	1620	0	0	1
8.99	1	1	900	1	1	24	1620	0	0	0
8.99	1	1	900	1	1	24	1620	0	0	1
8.991	1	1	900	2	1	24	1620	0	0	0
8.991	1	1	900	2	1	24	1620	0	0	1
8.992	1	1	900	3	1	22	1383	0	0	0
8.992	1	1	900	3	1	22	1383	0	0	1
8.993	1	1	900	4	1	22	1383	0	0	0
8.993	1	1	900	4	1	22	1383	0	0	1
8.994	1	1	900	5	1	22	1383	0	0	0
8.994	1	1	900	5	1	22	1383	0	0	1
8.996	1	1	900	7	1	22	1383	0	0	0
8.996	1	1	900	7	1	22	1383	0	0	1
8.997	1	1	900	8	1	22	1383	0	0	0
8.997	1	1	900	8	1	22	1383	0	0	1
8.998	1	1	900	9	1	22	1383	0	0	0
8.999	1	1	900	10	1	22	1383	0	0	0
8.999	1	1	900	10	1	22	1383	0	0	1
9	1	1	901	1	1	22	1383	0	0	0
9	1	1	901	1	1	22	1383	0	0	1
9.001	1	1	901	2	1	22	1383	0	0	0
9.001	1	1	901	2	1	22	1383	0	0	1
9.002	1	1	901	3	1	22	1383	0	0	0
9.002	1	1	901	3	1	22	1383	0	0	1
9.003	1	1	901	4	1	22	1383	0	0	0
9.003	1	1	901	4	1	22	1383	0	0	1
9.005	1	1	901	6	1	20	1191	0	0	0
9.005	1	1	901	6	1	20	1191	0	0	1
9.006	1	1	901	7	1	20	1191	0	0	0
9.006	1	1	901	7	1	20	1191	0	0	1
9.007	1	1	901	8	1	20	1191	0	0	0
9.007	1	1	901	8	1	20	1191	0	0	1
9.008	1	1	901	9	1	18	967	0	0	0
9.008	1	1	901	9	1	18	967	0	0	1
9.009	1	1	901	10	1	18	967	0	0	0
9.009	1	1	901	10	1	18	967	0	0	1
9.01	1	1	902	1	1	18	967	0	0	0
9.01	1	1	902	1	1	18	967	0	0	1
9.011	1	1	902	2	1	18	967	0	0	0
9.011	1	1	902	2	1	18	967	0	0	1
9.012	1	1	902	3	1	18	967	0	0	0
9.012	1	1	902	3	1	18	967	0	0	1
9.013	1	1	902	4	1	18	967	0	0	0
9.013	1	1	902	4	1	18	967	0	0	1
9.015	1	1	902	6	1	18	967	0	0	0
9.015	1	1	902	6	1	18	967	0	0	1
9.016	1	1	902	7	1	18	967	0	0	0
9.016	1	1	902	7	1	18	967	0	0	1
9.017	1	1	902	8	1	18	967	0	0	0
9.017	1	1	902	8	1	18	967	0	0	1
9.018	1	1	902	9	1	18	967	0	0	0
9.018	1	1	902	9	1	18	967	0	0	1
9.019	1	1	902	10	1	18	967	0	0	0
9.019	1	1	902	10	1	18	967	0	0	1
9.02	1	1	903	1	1	18	967	0	0	0
9.02	1	1	903	1	1	18	967	0	0	1
9.021	1	1	903	2	1	18	967	0	0	0
9.021	1	1	903	2	1	18	967	0	0	1
9.022	1	1	903	3	1	18	967	0	0	0
9.022	1	1	903	3	1	18	967	0	0	1
9.023	1	1	903	4	1	18	967	0	0	0
9.023	1	1	903	4	1	18	967	0	0	1
9.024	1	1	903	5	1	18	967	0	0	0
9.024	1	1	903	5	1	18	967	0	0	1
9.025	1	1	903	6	1	18	967	0	0	0
9.025	1	1	903	6	1	18	967	0	0	1
9.026	1	1	903	7	1	18	967	0	0	0
9.026	1	1	903	7	1	18	967	0	0	1
9.027	1	1	903	8	1	18	967	0	0	0
9.027	1	1	903	8	1	18	967	0	0	1
9.028	1	1	903	9	1	18	967	0	0	0
9.028	1	1	903	9	1	18	967	0	0	1
9.029	1	1	903	10	1	18	967	0	0	0
9.029	1	1	903	10	1	18	967	0	0	1
9.03	1	1	904	1	1	18	967	0	0	0
9.03	1	1	904	1	1	18	967	0	0	1
9.031	1	1	904	2	1	18	967	0	0	0
9.031	1	1	904	2	1	18	967	0	0	1
9.032	1	1	904	3	1	18	967	0	0	0
9.032	1	1	904	3	1	18	967	0	0	1
9.033	1	1	904	4	1	18	967	0	0	0
9.033	1	1	904	4	1	18	967	0	0	1
9.034	1	1	904	5	1	18	967	0	0	0
9.034	1	1	904	5	1	18	967	0	0	1
9.035	1	1	904	6	1	18	967	0	0	0
9.035	1	1	904	6	1	18	967	0	0	1
9.036	1	1	904	7	1	18	967	0	0	0
9.036	1	1	904	7	1	18	967	0	0	1
9.037	1	1	904	8	1	18	967	0	0	0
9.037	1	1	904	8	1	18	967	0	0	1
9.038	1	1	904	9	1	20	1191	0	0	0
9.038	1	1	904	9	1	20	1191	0	0	1
9.039	1	1	904	10	1	20	1191	0	0	0
9.039	1	1	904	10	1	20	1191	0	0	1
9.04	1	1	905	1	1	20	1191	0	0	0
9.04	1	1	905	1	1	20	1191	0	0	1
9.041	1	1	905	2	1	20	1191	0	0	0
9.041	1	1	905	2	1	20	1191	0	0	1
9.043	1	1	905	4	1	20	1191	0	0	0
9.043	1	1	905	4	1	20	1191	0	0	1
9.044	1	1	905	5	1	20	1191	0	0	0
9.044	1	1	905	5	1	20	1191	0	0	1
9.045	1	1	905	6	1	20	1191	0	0	0
9.045	1	1	905	6	1	20	1191	0	0	1
9.046	1	1	905	7	1	20	1191	0	0	0
9.046	1	1	905	7	1	20	1191	0	0	1
9.047	1	1	905	8	1	20	1191	0	0	0
9.047	1	1	905	8	1	20	1191	0	0	1
9.048	1	1	905	9	1	22	1383	0	0	0
9.048	1	1	905	9	1	22	1383	0	0	1
9.049	1	1	905	10	1	22	1383	0	0	0
9.049	1	1	905	10	1	22	1383	0	0	1
9.05	1	1	906	1	1	22	1383	0	0	0
9.05	1	1	906	1	1	22	1383	0	0	1
9.051	1	1	906	2	1	22	1383	0	0	0
9.051	1	1	906	2	1	22	1383	0	0	1
9.052	1	1	906	3	1	22	1383	0	0	0
9.052	1	1	906	3	1	22	1383	0	0	1
9.053	1	1	906	4	1	22	1383	0	0	0
9.053	1	1	906	4	1	22	1383	0	0	1
9.054	1	1	906	5	1	22	1383	0	0	0
9.054	1	1	906	5	1	22	1383	0	0	1
9.055	1	1	906	6	1	22	1383	0	0	0
9.055	1	1	906	6	1	22	1383	0	0	1
9.056	1	1	906	7	1	22	1383	0	0	0
9.056	1	1	906	7	1	22	1383	0	0	1
9.057	1	1	906	8	1	22	1383	0	0	0
9.057	1	1	906	8	1	22	1383	0	0	1
9.058	1	1	906	9	1	22	1383	0	0	0
9.058	1	1	906	9	1	22	1383	0	0	1
9.059	1	1	906	10	1	22	1383	0	0	0
9.059	1	1	906	10	1	22	1383	0	0	1
9.061	1	1	907	2	1	22	1383	0	0	0
9.061	1	1	907	2	1	22	1383	0	0	1
9.062	1	1	907	3	1	22	1383	0	0	0
9.062	1	1	907	3	1	22	1383	0	0	1
9.063	1	1	907	4	1	22	1383	0	0	0
9.063	1	1	907	4	1	22	1383	0	0	1
9.064	1	1	907	5	1	24	1620	0	0	0
9.064	1	1	907	5	1	24	1620	0	0	1
9.065	1	1	907	6	1	24	1620	0	0	0
9.065	1	1	907	6	1	24	1620	0	0	1
9.066	1	1	907	7	1	22	1383	0	0	0
9.066	1	1	907	7	1	22	1383	0	0	1
9.067	1	1	907	8	1	22	1383	0	0	0
9.067	1	1	907	8	1	22	1383	0	0	1
9.068	1	1	907	9	1	24	1620	0	0	0
9.068	1	1	907	9	1	24	1620	0	0	1
9.069	1	1	907	10	1	24	1620	0	0	0
9.069	1	1	907	10	1	24	1620	0	0	1
9.071	1	1	908	2	1	24	1620	0	0	0
9.071	1	1	908	2	1	24	1620	0	0	1
9.072	1	1	908	3	1	24	1620	0	0	0
9.072	1	1	908	3	1	24	1620	0	0	1
9.073	1	1	908	4	1	24	1620	0	0	0
9.073	1	1	908	4	1	24	1620	0	0	1
9.074	1	1	908	5	1	24	1620	0	0	0
9.074	1	1	908	5	1	24	1620	0	0	1
9.075	1	1	908	6	1	24	1620	0	0	0
9.075	1	1	908	6	1	24	1620	0	0	1
9.076	1	1	908	7	1	24	1620	0	0	0
9.076	1	1	908	7	1	24	1620	0	0	1
9.077	1	1	908	8	1	24	1620	0	0	0
9.078	1	1	908	9	1	24	1620	0	0	0
9.079	1	1	908	10	1	24	1620	0	0	0
9.08	1	1	909	1	1	24	1620	0	0	0
9.08	1	1	909	1	1	24	1620	0	0	1
9.081	1	1	909	2	1	24	1620	0	0	0
9.081	1	1	909	2	1	24	1620	0	0	1
9.082	1	1	909	3	1	24	1620	0	0	0
9.083	1	1	909	4	1	24	1620	0	0	0
9.083	1	1	909	4	1	24	1620	0	0	1
9.084	1	1	909	5	1	24	1620	0	0	0
9.084	1	1	909	5	1	24	1620	0	0	1
9.085	1	1	909	6	1	24	1620	0	0	0
9.085	1	1	909	6	1	24	1620	0	0	1
9.086	1	1	909	7	1	24	1620	0	0	0
9.086	1	1	909	7	1	24	1620	0	0	1
9.087	1	1	909	8	1	24	1620	0	0	0
9.087	1	1	909	8	1	24	1620	0	0	1
9.089	1	1	909	10	1	24	1620	0	0	0
9.089	1	1	909	10	1	24	1620	0	0	1
9.09	1	1	910	1	1	24	1620	0	0	0
9.09	1	1	910	1	1	24	1620	0	0	1
9.091	1	1	910	2	1	24	1620	0	0	0
9.091	1	1	910	2	1	24	1620	0	0	1
9.092	1	1	910	3	1	24	1620	0	0	0
9.092	1	1	910	3	1	24	1620	0	0	1
9.093	1	1	910	4	1	24	1620	0	0	0
9.093	1	1	910	4	1	24	1620	0	0	1
9.094	1	1	910	5	1	24	1620	0	0	0
9.095	1	1	910	6	1	24	1620	0	0	0
9.096	1	1	910	7	1	24	1620	0	0	0
9.097	1	1	910	8	1	24	1620	0	0	0
9.097	1	1	910	8	1	24	1620	0	0	1
9.098	1	1	910	9	1	24	1620	0	0	0
9.098	1	1	910	9	1	24	1620	0	0	1
9.099	1	1	910	10	1	24	1620	0	0	0
9.099	1	1	910	10	1	24	1620	0	0	1
9.1	1	1	911	1	1	24	1620	0	0	0
9.101	1	1	911	2	1	24	1620	0	0	0
9.101	1	1	911	2	1	24	1620	0	0	1
9.102	1	1	911	3	1	24	1620	0	0	0
9.102	1	1	911	3	1	24	1620	0	0	1
9.103	1	1	911	4	1	24	1620	0	0	0
9.103	1	1	911	4	1	24	1620	0	0	1
9.104	1	1	911	5	1	24	1620	0	0	0
9.104	1	1	911	5	1	24	1620	0	0	1
9.105	1	1	911	6	1	24	1620	0	0	0
9.105	1	1	911	6	1	24	1620	0	0	1
9.106	1	1	911	7	1	24	1620	0	0	0
9.106	1	1	911	7	1	24	1620	0	0	1
9.108	1	1	911	9	1	24	1620	0	0	0
9.108	1	1	911	9	1	24	1620	0	0	1
9.109	1	1	911	10	1	24	1620	0	0	0
9.109	1	1	911	10	1	24	1620	0	0	1
9.11	1	1	912	1	1	24	1620	0	0	0
9.111	1	1	912	2	1	24	1620	0	0	0
9.112	1	1	912	3	1	24	1620	0	0	0
9.113	1	1	912	4	1	24	1620	0	0	0
9.113	1	1	912	4	1	24	1620	0	0	1
9.114	1	1	912	5	1	24	1620	0	0	0
9.114	1	1	912	5	1	24	1620	0	0	1
9.115	1	1	912	6	1	24	1620	0	0	0
9.115	1	1	912	6	1	24	1620	0	0	1
9.116	1	1	912	7	1	24	1620	0	0	0
9.116	1	1	912	7	1	24	1620	0	0	1
9.117	1	1	912	8	1	24	1620	0	0	0
9.117	1	1	912	8	1	24	1620	0	0	1
9.118	1	1	912	9	1	24	1620	0	0	0
9.118	1	1	912	9	1	24	1620	0	0	1
9.119	1	1	912	10	1	24	1620	0	0	0
9.12	1	1	913	1	1	24	1620	0	0	0
9.12	1	1	913	1	1	24	1620	0	0	1
9.121	1	1	913	2	1	24	1620	0	0	0
9.121	1	1	913	2	1	24	1620	0	0	1
9.122	1	1	913	3	1	24	1620	0	0	0
9.122	1	1	913	3	1	24	1620	0	0	1
9.123	1	1	913	4	1	24	1620	0	0	0
9.123	1	1	913	4	1	24	1620	0	0	1
9.124	1	1	913	5	1	24	1620	0	0	0
9.124	1	1	913	5	1	24	1620	0	0	1
9.125	1	1	913	6	1	24	1620	0	0	0
9.125	1	1	913	6	1	24	1620	0	0	1
9.127	1	1	913	8	1	22	1383	0	0	0
9.128	1	1	913	9	1	22	1383	0	0	0
9.129	1	1	913	10	1	22	1383	0	0	0
9.129	1	1	913	10	1	22	1383	0	0	1
9.13	1	1	914	1	1	22	1383	0	0	0
9.13	1	1	914	1	1	22	1383	0	0	1
9.131	1	1	914	2	1	22	1383	0	0	0
9.132	1	1	914	3	1	22	1383	0	0	0
9.132	1	1	914	3	1	22	1383	0	0	1
9.133	1	1	914	4	1	22	1383	0	0	0
9.133	1	1	914	4	1	22	1383	0	0	1
9.134	1	1	914	5	1	22	1383	0	0	0
9.134	1	1	914	5	1	22	1383	0	0	1
9.135	1	1	914	6	1	22	1383	0	0	0
9.135	1	1	914	6	1	22	1383	0	0	1
9.136	1	1	914	7	1	22	1383	0	0	0
9.136	1	1	914	7	1	22	1383	0	0	1
9.137	1	1	914	8	1	22	1383	0	0	0
9.137	1	1	914	8	1	22	1383	0	0	1
9.138	1	1	914	9	1	22	1383	0	0	0
9.138	1	1	914	9	1	22	1383	0	0	1
9.139	1	1	914	10	1	22	1383	0	0	0
9.139	1	1	914	10	1	22	1383	0	0	1
9.14	1	1	915	1	1	22	1383	0	0	0
9.14	1	1	915	1	1	22	1383	0	0	1
9.141	1	1	915	2	1	22	1383	0	0	0
9.141	1	1	915	2	1	22	1383	0	0	1
9.142	1	1	915	3	1	22	1383	0	0	0
9.142	1	1	915	3	1	22	1383	0	0	1
9.143	1	1	915	4	1	22	1383	0	0	0
9.143	1	1	915	4	1	22	1383	0	0	1
9.144	1	1	915	5	1	22	1383	0	0	0
9.144	1	1	915	5	1	22	1383	0	0	1
9.145	1	1	915	6	1	22	1383	0	0	0
9.145	1	1	915	6	1	22	1383	0	0	1
9.146	1	1	915	7	1	22	1383	0	0	0
9.146	1	1	915	7	1	22	1383	0	0	1
9.147	1	1	915	8	1	22	1383	0	0	0
9.147	1	1	915	8	1	22	1383	0	0	1
9.148	1	1	915	9	1	22	1383	0	0	0
9.148	1	1	915	9	1	22	1383	0	0	1
9.149	1	1	915	10	1	22	1383	0	0	0
9.149	1	1	915	10	1	22	1383	0	0	1
9.15	1	1	916	1	1	22	1383	0	0	0
9.15	1	1	916	1	1	22	1383	0	0	1
9.151	1	1	916	2	1	22	1383	0	0	0
9.151	1	1	916	2	1	22	1383	0	0	1
9.152	1	1	916	3	1	22	1383	0	0	0
9.152	1	1	916	3	1	22	1383	0	0	1
9.153	1	1	916	4	1	22	1383	0	0	0
9.153	1	1	916	4	1	22	1383	0	0	1
9.155	1	1	916	6	1	22	1383	0	0	0
9.155	1	1	916	6	1	22	1383	0	0	1
9.156	1	1	916	7	1	22	1383	0	0	0
9.156	1	1	916	7	1	22	1383	0	0	1
9.157	1	1	916	8	1	22	1383	0	0	0
9.157	1	1	916	8	1	22	1383	0	0	1
9.158	1	1	916	9	1	22	1383	0	0	0
9.158	1	1	916	9	1	22	1383	0	0	1
9.159	1	1	916	10	1	22	1383	0	0	0
9.159	1	1	916	10	1	22	1383	0	0	1
9.16	1	1	917	1	1	22	1383	0	0	0
9.16	1	1	917	1	1	22	1383	0	0	1
9.161	1	1	917	2	1	22	1383	0	0	0
9.161	1	1	917	2	1	22	1383	0	0	1
9.162	1	1	917	3	1	22	1383	0	0	0
9.162	1	1	917	3	1	22	1383	0	0	1
9.164	1	1	917	5	1	22	1383	0	0	0
9.164	1	1	917	5	1	22	1383	0	0	1
9.165	1	1	917	6	1	22	1383	0	0	0
9.165	1	1	917	6	1	22	1383	0	0	1
9.166	1	1	917	7	1	22	1383	0	0	0
9.166	1	1	917	7	1	22	1383	0	0	1
9.167	1	1	917	8	1	22	1383	0	0	0
9.167	1	1	917	8	1	22	1383	0	0	1
9.168	1	1	917	9	1	22	1383	0	0	0
9.168	1	1	917	9	1	22	1383	0	0	1
9.169	1	1	917	10	1	22	1383	0	0	0
9.169	1	1	917	10	1	22	1383	0	0	1
9.17	1	1	918	1	1	22	1383	0	0	0
9.17	1	1	918	1	1	22	1383	0	0	1
9.171	1	1	918	2	1	22	1383	0	0	0
9.171	1	1	918	2	1	22	1383	0	0	1
9.173	1	1	918	4	1	22	1383	0	0	0
9.173	1	1	918	4	1	22	1383	0	0	1
9.174	1	1	918	5	1	22	1383	0	0	0
9.174	1	1	918	5	1	22	1383	0	0	1
9.175	1	1	918	6	1	22	1383	0	0	0
9.175	1	1	918	6	1	22	1383	0	0	1
9.176	1	1	918	7	1	22	1383	0	0	0
9.176	1	1	918	7	1	22	1383	0	0	1
9.177	1	1	918	8	1	22	1383	0	0	0
9.177	1	1	918	8	1	22	1383	0	0	1
9.178	1	1	918	9	1	20	1191	0	0	0
9.178	1	1	918	9	1	20	1191	0	0	1
9.179	1	1	918	10	1	20	1191	0	0	0
9.179	1	1	918	10	1	20	1191	0	0	1
9.18	1	1	919	1	1	20	1191	0	0	0
9.18	1	1	919	1	1	20	1191	0	0	1
9.181	1	1	919	2	1	20	1191	0	0	0
9.181	1	1	919	2	1	20	1191	0	0	1
9.183	1	1	919	4	1	20	1191	0	0	0
9.183	1	1	919	4	1	20	1191	0	0	1
9.184	1	1	919	5	1	20	1191	0	0	0
9.184	1	1	919	5	1	20	1191	0	0	1
9.185	1	1	919	6	1	20	1191	0	0	0
9.185	1	1	919	6	1	20	1191	0	0	1
9.186	1	1	919	7	1	20	1191	0	0	0
9.186	1	1	919	7	1	20	1191	0	0	1
9.187	1	1	919	8	1	20	1191	0	0	0
9.187	1	1	919	8	1	20	1191	0	0	1
9.188	1	1	919	9	1	20	1191	0	0	0
9.188	1	1	919	9	1	20	1191	0	0	1
9.189	1	1	919	10	1	20	1191	0	0	0
9.189	1	1	919	10	1	20	1191	0	0	1
9.19	1	1	920	1	1	20	1191	0	0	0
9.19	1	1	920	1	1	20	1191	0	0	1
9.192	1	1	920	3	1	20	1191	0	0	0
9.192	1	1	920	3	1	20	1191	0	0	1
9.193	1	1	920	4	1	20	1191	0	0	0
9.193	1	1	920	4	1	20	1191	0	0	1
9.194	1	1	920	5	1	20	1191	0	0	0
9.194	1	1	920	5	1	20	1191	0	0	1
9.195	1	1	920	6	1	20	1191	0	0	0
9.195	1	1	920	6	1	20	1191	0	0	1
9.196	1	1	920	7	1	18	967	0	0	0
9.196	1	1	920	7	1	18	967	0	0	1
9.197	1	1	920	8	1	18	967	0	0	0
9.197	1	1	920	8	1	18	967	0	0	1
9.198	1	1	920	9	1	20	1191	0	0	0
9.198	1	1	920	9	1	20	1191	0	0	1
9.199	1	1	920	10	1	20	1191	0	0	0
9.199	1	1	920	10	1	20	1191	0	0	1
9.201	1	1	921	2	1	18	967	0	0	0
9.201	1	1	921	2	1	18	967	0	0	1
9.202	1	1	921	3	1	18	967	0	0	0
9.202	1	1	921	3	1	18	967	0	0	1
9.203	1	1	921	4	1	18	967	0	0	0
9.203	1	1	921	4	1	18	967	0	0	1
9.204	1	1	921	5	1	18	967	0	0	0
9.204	1	1	921	5	1	18	967	0	0	1
9.205	1	1	921	6	1	18	967	0	0	0
9.205	1	1	921	6	1	18	967	0	0	1
9.206	1	1	921	7	1	18	967	0	0	0
9.206	1	1	921	7	1	18	967	0	0	1
9.207	1	1	921	8	1	18	967	0	0	0
9.207	1	1	921	8	1	18	967	0	0	1
9.208	1	1	921	9	1	18	967	0	0	0
9.208	1	1	921	9	1	18	967	0	0	1
9.209	1	1	921	10	1	18	967	0	0	0
9.209	1	1	921	10	1	18	967	0	0	1
9.21	1	1	922	1	1	18	967	0	0	0
9.21	1	1	922	1	1	18	967	0	0	1
9.211	1	1	922	2	1	18	967	0	0	0
9.211	1	1	922	2	1	18	967	0	0	1
9.212	1	1	922	3	1	18	967	0	0	0
9.212	1	1	922	3	1	18	967	0	0	1
9.213	1	1	922	4	1	18	967	0	0	0
9.213	1	1	922	4	1	18	967	0	0	1
9.214	1	1	922	5	1	18	967	0	0	0
9.214	1	1	922	5	1	18	967	0	0	1
9.215	1	1	922	6	1	18	967	0	0	0
9.215	1	1	922	6	1	18	967	0	0	1
9.216	1	1	922	7	1	18	967	0	0	0
9.216	1	1	922	7	1	18	967	0	0	1
9.217	1	1	922	8	1	18	967	0	0	0
9.217	1	1	922	8	1	18	967	0	0	1
9.218	1	1	922	9	1	16	903	0	0	0
9.218	1	1	922	9	1	16	903	0	0	1
9.22	1	1	923	1	1	16	903	0	0	0
9.22	1	1	923	1	1	16	903	0	0	1
9.221	1	1	923	2	1	16	903	0	0	0
9.221	1	1	923	2	1	16	903	0	0	1
9.222	1	1	923	3	1	16	903	0	0	0
9.222	1	1	923	3	1	16	903	0	0	1
9.223	1	1	923	4	1	16	903	0	0	0
9.223	1	1	923	4	1	16	903	0	0	1
9.224	1	1	923	5	1	16	903	0	0	0
9.224	1	1	923	5	1	16	903	0	0	1
9.225	1	1	923	6	1	16	903	0	0	0
9.225	1	1	923	6	1	16	903	0	0	1
9.226	1	1	923	7	1	16	903	0	0	0
9.226	1	1	923	7	1	16	903	0	0	1
9.227	1	1	923	8	1	16	903	0	0	0
9.227	1	1	923	8	1	16	903	0	0	1
9.228	1	1	923	9	1	16	903	0	0	0
9.228	1	1	923	9	1	16	903	0	0	1
9.229	1	1	923	10	1	16	903	0	0	0
9.229	1	1	923	10	1	16	903	0	0	1
9.23	1	1	924	1	1	16	903	0	0	0
9.23	1	1	924	1	1	16	903	0	0	1
9.231	1	1	924	2	1	16	903	0	0	0
9.231	1	1	924	2	1	16	903	0	0	1
9.232	1	1	924	3	1	16	903	0	0	0
9.232	1	1	924	3	1	16	903	0	0	1
9.233	1	1	924	4	1	16	903	0	0	0
9.233	1	1	924	4	1	16	903	0	0	1
9.234	1	1	924	5	1	16	903	0	0	0
9.234	1	1	924	5	1	16	903	0	0	1
9.235	1	1	924	6	1	16	903	0	0	0
9.235	1	1	924	6	1	16	903	0	0	1
9.236	1	1	924	7	1	14	775	0	0	0
9.236	1	1	924	7	1	14	775	0	0	1
9.237	1	1	924	8	1	14	775	0	0	0
9.237	1	1	924	8	1	14	775	0	0	1
9.239	1	1	924	10	1	14	775	0	0	0
9.239	1	1	924	10	1	14	775	0	0	1
9.24	1	1	925	1	1	14	775	0	0	0
9.24	1	1	925	1	1	14	775	0	0	1
9.241	1	1	925	2	1	14	775	0	0	0
9.241	1	1	925	2	1	14	775	0	0	1
9.242	1	1	925	3	1	16	903	0	0	0
9.242	1	1	925	3	1	16	903	0	0	1
9.243	1	1	925	4	1	16	903	0	0	0
9.243	1	1	925	4	1	16	903	0	0	1
9.244	1	1	925	5	1	16	903	0	0	0
9.244	1	1	925	5	1	16	903	0	0	1
9.245	1	1	925	6	1	16	903	0	0	0
9.245	1	1	925	6	1	16	903	0	0	1
9.246	1	1	925	7	1	16	903	0	0	0
9.246	1	1	925	7	1	16	903	0	0	1
9.247	1	1	925	8	1	16	903	0	0	0
9.247	1	1	925	8	1	16	903	0	0	1
9.248	1	1	925	9	1	16	903	0	0	0
9.248	1	1	925	9	1	16	903	0	0	1
9.249	1	1	925	10	1	16	903	0	0	0
9.249	1	1	925	10	1	16	903	0	0	1
9.25	1	1	926	1	1	16	903	0	0	0
9.25	1	1	926	1	1	16	903	0	0	1
9.251	1	1	926	2	1	16	903	0	0	0
9.251	1	1	926	2	1	16	903	0	0	1
9.252	1	1	926	3	1	16	903	0	0	0
9.252	1	1	926	3	1	16	903	0	0	1
9.253	1	1	926	4	1	16	903	0	0	0
9.253	1	1	926	4	1	16	903	0	0	1
9.254	1	1	926	5	1	14	775	0	0	0
9.254	1	1	926	5	1	14	775	0	0	1
9.255	1	1	926	6	1	14	775	0	0	0
9.255	1	1	926	6	1	14	775	0	0	1
9.257	1	1	926	8	1	14	775	0	0	0
9.257	1	1	926	8	1	14	775	0	0	1
9.258	1	1	926	9	1	14	775	0	0	0
9.258	1	1	926	9	1	14	775	0	0	1
9.259	1	1	926	10	1	14	775	0	0	0
9.259	1	1	926	10	1	14	775	0	0	1
9.26	1	1	927	1	1	14	775	0	0	0
9.26	1	1	927	1	1	14	775	0	0	1
9.261	1	1	927	2	1	14	775	0	0	0
9.261	1	1	927	2	1	14	775	0	0	1
9.262	1	1	927	3	1	14	775	0	0	0
9.262	1	1	927	3	1	14	775	0	0	1
9.263	1	1	927	4	1	14	775	0	0	0
9.263	1	1	927	4	1	14	775	0	0	1
9.264	1	1	927	5	1	14	775	0	0	0
9.264	1	1	927	5	1	14	775	0	0	1
9.265	1	1	927	6	1	14	775	0	0	0
9.265	1	1	927	6	1	14	775	0	0	1
9.266	1	1	927	7	1	14	775	0	0	0
9.266	1	1	927	7	1	14	775	0	0	1
9.267	1	1	927	8	1	14	775	0	0	0
9.267	1	1	927	8	1	14	775	0	0	1
9.268	1	1	927	9	1	14	775	0	0	0
9.268	1	1	927	9	1	14	775	0	0	1
9.269	1	1	927	10	1	14	775	0	0	0
9.269	1	1	927	10	1	14	775	0	0	1
9.27	1	1	928	1	1	14	775	0	0	0
9.27	1	1	928	1	1	14	775	0	0	1
9.271	1	1	928	2	1	14	775	0	0	0
9.271	1	1	928	2	1	14	775	0	0	1
9.272	1	1	928	3	1	14	775	0	0	0
9.272	1	1	928	3	1	14	775	0	0	1
9.273	1	1	928	4	1	14	775	0	0	0
9.273	1	1	928	4	1	14	775	0	0	1
9.274	1	1	928	5	1	14	775	0	0	0
9.274	1	1	928	5	1	14	775	0	0	1
9.275	1	1	928	6	1	14	775	0	0	0
9.275	1	1	928	6	1	14	775	0	0	1
9.276	1	1	928	7	1	14	775	0	0	0
9.276	1	1	928	7	1	14	775	0	0	1
9.277	1	1	928	8	1	14	775	0	0	0
9.277	1	1	928	8	1	14	775	0	0	1
9.278	1	1	928	9	1	14	775	0	0	0
9.278	1	1	928	9	1	14	775	0	0	1
9.279	1	1	928	10	1	14	775	0	0	0
9.279	1	1	928	10	1	14	775	0	0	1
9.28	1	1	929	1	1	14	775	0	0	0
9.28	1	1	929	1	1	14	775	0	0	1
9.281	1	1	929	2	1	14	775	0	0	0
9.281	1	1	929	2	1	14	775	0	0	1
9.282	1	1	929	3	1	14	775	0	0	0
9.282	1	1	929	3	1	14	775	0	0	1
9.283	1	1	929	4	1	14	775	0	0	0
9.283	1	1	929	4	1	14	775	0	0	1
9.284	1	1	929	5	1	14	775	0	0	0
9.284	1	1	929	5	1	14	775	0	0	1
9.285	1	1	929	6	1	14	775	0	0	0
9.285	1	1	929	6	1	14	775	0	0	1
9.286	1	1	929	7	1	14	775	0	0	0
9.286	1	1	929	7	1	14	775	0	0	1
9.287	1	1	929	8	1	14	775	0	0	0
9.287	1	1	929	8	1	14	775	0	0	1
9.288	1	1	929	9	1	14	775	0	0	0
9.288	1	1	929	9	1	14	775	0	0	1
9.289	1	1	929	10	1	14	775	0	0	0
9.289	1	1	929	10	1	14	775	0	0	1
9.29	1	1	930	1	1	14	775	0	0	0
9.29	1	1	930	1	1	14	775	0	0	1
9.291	1	1	930	2	1	14	775	0	0	0
9.291	1	1	930	2	1	14	775	0	0	1
9.292	1	1	930	3	1	14	775	0	0	0
9.292	1	1	930	3	1	14	775	0	0	1
9.293	1	1	930	4	1	14	775	0	0	0
9.293	1	1	930	4	1	14	775	0	0	1
9.294	1	1	930	5	1	14	775	0	0	0
9.294	1	1	930	5	1	14	775	0	0	1
9.295	1	1	930	6	1	14	775	0	0	0
9.295	1	1	930	6	1	14	775	0	0	1
9.296	1	1	930	7	1	14	775	0	0	0
9.296	1	1	930	7	1	14	775	0	0	1
9.297	1	1	930	8	1	14	775	0	0	0
9.297	1	1	930	8	1	14	775	0	0	1
9.298	1	1	930	9	1	14	775	0	0	0
9.298	1	1	930	9	1	14	775	0	0	1
9.299	1	1	930	10	1	14	775	0	0	0
9.299	1	1	930	10	1	14	775	0	0	1
9.3	1	1	931	1	1	14	775	0	0	0
9.3	1	1	931	1	1	14	775	0	0	1
9.301	1	1	931	2	1	14	775	0	0	0
9.301	1	1	931	2	1	14	775	0	0	1
9.302	1	1	931	3	1	14	775	0	0	0
9.302	1	1	931	3	1	14	775	0	0	1
9.303	1	1	931	4	1	14	775	0	0	0
9.303	1	1	931	4	1	14	775	0	0	1
9.304	1	1	931	5	1	16	903	0	0	0
9.304	1	1	931	5	1	16	903	0	0	1
9.305	1	1	931	6	1	16	903	0	0	0
9.305	1	1	931	6	1	16	903	0	0	1
9.306	1	1	931	7	1	16	903	0	0	0
9.306	1	1	931	7	1	16	903	0	0	1
9.307	1	1	931	8	1	16	903	0	0	0
9.307	1	1	931	8	1	16	903	0	0	1
9.308	1	1	931	9	1	16	903	0	0	0
9.308	1	1	931	9	1	16	903	0	0	1
9.309	1	1	931	10	1	16	903	0	0	0
9.309	1	1	931	10	1	16	903	0	0	1
9.31	1	1	932	1	1	16	903	0	0	0
9.31	1	1	932	1	1	16	903	0	0	1
9.311	1	1	932	2	1	16	903	0	0	0
9.311	1	1	932	2	1	16	903	0	0	1
9.312	1	1	932	3	1	16	903	0	0	0
9.312	1	1	932	3	1	16	903	0	0	1
9.313	1	1	932	4	1	16	903	0	0	0
9.313	1	1	932	4	1	16	903	0	0	1
9.314	1	1	932	5	1	18	967	0	0	0
9.314	1	1	932	5	1	18	967	0	0	1
9.315	1	1	932	6	1	18	967	0	0	0
9.315	1	1	932	6	1	18	967	0	0	1
9.316	1	1	932	7	1	18	967	0	0	0
9.316	1	1	932	7	1	18	967	0	0	1
9.317	1	1	932	8	1	18	967	0	0	0
9.317	1	1	932	8	1	18	967	0	0	1
9.318	1	1	932	9	1	18	967	0	0	0
9.318	1	1	932	9	1	18	967	0	0	1
9.319	1	1	932	10	1	18	967	0	0	0
9.319	1	1	932	10	1	18	967	0	0	1
9.32	1	1	933	1	1	18	967	0	0	0
9.32	1	1	933	1	1	18	967	0	0	1
9.321	1	1	933	2	1	18	967	0	0	0
9.321	1	1	933	2	1	18	967	0	0	1
9.322	1	1	933	3	1	20	1191	0	0	0
9.322	1	1	933	3	1	20	1191	0	0	1
9.323	1	1	933	4	1	20	1191	0	0	0
9.323	1	1	933	4	1	20	1191	0	0	1
9.324	1	1	933	5	1	20	1191	0	0	0
9.324	1	1	933	5	1	20	1191	0	0	1
9.325	1	1	933	6	1	20	1191	0	0	0
9.325	1	1	933	6	1	20	1191	0	0	1
9.326	1	1	933	7	1	20	1191	0	0	0
9.326	1	1	933	7	1	20	1191	0	0	1
9.327	1	1	933	8	1	20	1191	0	0	0
9.327	1	1	933	8	1	20	1191	0	0	1
9.328	1	1	933	9	1	20	1191	0	0	0
9.328	1	1	933	9	1	20	1191	0	0	1
9.329	1	1	933	10	1	20	1191	0	0	0
9.329	1	1	933	10	1	20	1191	0	0	1
9.33	1	1	934	1	1	22	1383	0	0	0
9.33	1	1	934	1	1	22	1383	0	0	1
9.331	1	1	934	2	1	22	1383	0	0	0
9.331	1	1	934	2	1	22	1383	0	0	1
9.332	1	1	934	3	1	22	1383	0	0	0
9.332	1	1	934	3	1	22	1383	0	0	1
9.333	1	1	934	4	1	22	1383	0	0	0
9.333	1	1	934	4	1	22	1383	0	0	1
9.334	1	1	934	5	1	22	1383	0	0	0
9.334	1	1	934	5	1	22	1383	0	0	1
9.335	1	1	934	6	1	22	1383	0	0	0
9.335	1	1	934	6	1	22	1383	0	0	1
9.336	1	1	934	7	1	22	1383	0	0	0
9.336	1	1	934	7	1	22	1383	0	0	1
9.337	1	1	934	8	1	22	1383	0	0	0
9.337	1	1	934	8	1	22	1383	0	0	1
9.338	1	1	934	9	1	22	1383	0	0	0
9.338	1	1	934	9	1	22	1383	0	0	1
9.339	1	1	934	10	1	22	1383	0	0	0
9.339	1	1	934	10	1	22	1383	0	0	1
9.341	1	1	935	2	1	22	1383	0	0	0
9.341	1	1	935	2	1	22	1383	0	0	1
9.342	1	1	935	3	1	24	1620	0	0	0
9.342	1	1	935	3	1	24	1620	0	0	1
9.343	1	1	935	4	1	24	1620	0	0	0
9.343	1	1	935	4	1	24	1620	0	0	1
9.344	1	1	935	5	1	24	1620	0	0	0
9.344	1	1	935	5	1	24	1620	0	0	1
9.345	1	1	935	6	1	24	1620	0	0	0
9.345	1	1	935	6	1	24	1620	0	0	1
9.346	1	1	935	7	1	24	1620	0	0	0
9.346	1	1	935	7	1	24	1620	0	0	1
9.347	1	1	935	8	1	24	1620	0	0	0
9.347	1	1	935	8	1	24	1620	0	0	1
9.348	1	1	935	9	1	24	1620	0	0	0
9.348	1	1	935	9	1	24	1620	0	0	1
9.349	1	1	935	10	1	24	1620	0	0	0
9.349	1	1	935	10	1	24	1620	0	0	1
9.351	1	1	936	2	1	24	1620	0	0	0
9.351	1	1	936	2	1	24	1620	0	0	1
9.352	1	1	936	3	1	24	1620	0	0	0
9.352	1	1	936	3	1	24	1620	0	0	1
9.353	1	1	936	4	1	24	1620	0	0	0
9.353	1	1	936	4	1	24	1620	0	0	1
9.354	1	1	936	5	1	24	1620	0	0	0
9.354	1	1	936	5	1	24	1620	0	0	1
9.355	1	1	936	6	1	24	1620	0	0	0
9.355	1	1	936	6	1	24	1620	0	0	1
9.356	1	1	936	7	1	24	1620	0	0	0
9.356	1	1	936	7	1	24	1620	0	0	1
9.357	1	1	936	8	1	24	1620	0	0	0
9.357	1	1	936	8	1	24	1620	0	0	1
9.358	1	1	936	9	1	24	1620	0	0	0
9.36	1	1	937	1	1	24	1620	0	0	0
9.361	1	1	937	2	1	24	1620	0	0	0
9.361	1	1	937	2	1	24	1620	0	0	1
9.362	1	1	937	3	1	24	1620	0	0	0
9.363	1	1	937	4	1	24	1620	0	0	0
9.363	1	1	937	4	1	24	1620	0	0	1
9.364	1	1	937	5	1	24	1620	0	0	0
9.364	1	1	937	5	1	24	1620	0	0	1
9.365	1	1	937	6	1	24	1620	0	0	0
9.365	1	1	937	6	1	24	1620	0	0	1
9.366	1	1	937	7	1	24	1620	0	0	0
9.366	1	1	937	7	1	24	1620	0	0	1
9.367	1	1	937	8	1	24	1620	0	0	0
9.367	1	1	937	8	1	24	1620	0	0	1
9.369	1	1	937	10	1	24	1620	0	0	0
9.369	1	1	937	10	1	24	1620	0	0	1
9.37	1	1	938	1	1	24	1620	0	0	0
9.37	1	1	938	1	1	24	1620	0	0	1
9.371	1	1	938	2	1	24	1620	0	0	0
9.371	1	1	938	2	1	24	1620	0	0	1
9.372	1	1	938	3	1	24	1620	0	0	0
9.372	1	1	938	3	1	24	1620	0	0	1
9.373	1	1	938	4	1	24	1620	0	0	0
9.373	1	1	938	4	1	24	1620	0	0	1
9.374	1	1	938	5	1	24	1620	0	0	0
9.374	1	1	938	5	1	24	1620	0	0	1
9.375	1	1	938	6	1	24	1620	0	0	0
9.376	1	1	938	7	1	24	1620	0	0	0
9.377	1	1	938	8	1	24	1620	0	0	0
9.378	1	1	938	9	1	24	1620	0	0	0
9.378	1	1	938	9	1	24	1620	0	0	1
9.379	1	1	938	10	1	24	1620	0	0	0
9.379	1	1	938	10	1	24	1620	0	0	1
9.38	1	1	939	1	1	24	1620	0	0	0
9.381	1	1	939	2	1	24	1620	0	0	0
9.381	1	1	939	2	1	24	1620	0	0	1
9.382	1	1	939	3	1	24	1620	0	0	0
9.382	1	1	939	3	1	24	1620	0	0	1
9.383	1	1	939	4	1	24	1620	0	0	0
9.383	1	1	939	4	1	24	1620	0	0	1
9.384	1	1	939	5	1	24	1620	0	0	0
9.384	1	1	939	5	1	24	1620	0	0	1
9.385	1	1	939	6	1	24	1620	0	0	0
9.385	1	1	939	6	1	24	1620	0	0	1
9.386	1	1	939	7	1	24	1620	0	0	0
9.386	1	1	939	7	1	24	1620	0	0	1
9.388	1	1	939	9	1	22	1383	0	0	0
9.388	1	1	939	9	1	22	1383	0	0	1
9.389	1	1	939	10	1	22	1383	0	0	0
9.389	1	1	939	10	1	22	1383	0	0	1
9.39	1	1	940	1	1	22	1383	0	0	0
9.39	1	1	940	1	1	22	1383	0	0	1
9.391	1	1	940	2	1	22	1383	0	0	0
9.392	1	1	940	3	1	22	1383	0	0	0
9.393	1	1	940	4	1	22	1383	0	0	0
9.394	1	1	940	5	1	20	1191	0	0	0
9.394	1	1	940	5	1	20	1191	0	0	1
9.395	1	1	940	6	1	20	1191	0	0	0
9.395	1	1	940	6	1	20	1191	0	0	1
9.396	1	1	940	7	1	20	1191	0	0	0
9.396	1	1	940	7	1	20	1191	0	0	1
9.397	1	1	940	8	1	20	1191	0	0	0
9.397	1	1	940	8	1	20	1191	0	0	1
9.398	1	1	940	9	1	20	1191	0	0	0
9.398	1	1	940	9	1	20	1191	0	0	1
9.399	1	1	940	10	1	20	1191	0	0	0
9.399	1	1	940	10	1	20	1191	0	0	1
9.4	1	1	941	1	1	20	1191	0	0	0
9.4	1	1	941	1	1	20	1191	0	0	1
9.401	1	1	941	2	1	20	1191	0	0	0
9.401	1	1	941	2	1	20	1191	0	0	1
9.402	1	1	941	3	1	20	1191	0	0	0
9.402	1	1	941	3	1	20	1191	0	0	1
9.403	1	1	941	4	1	20	1191	0	0	0
9.403	1	1	941	4	1	20	1191	0	0	1
9.404	1	1	941	5	1	20	1191	0	0	0
9.404	1	1	941	5	1	20	1191	0	0	1
9.405	1	1	941	6	1	20	1191	0	0	0
9.405	1	1	941	6	1	20	1191	0	0	1
9.407	1	1	941	8	1	20	1191	0	0	0
9.407	1	1	941	8	1	20	1191	0	0	1
9.408	1	1	941	9	1	20	1191	0	0	0
9.408	1	1	941	9	1	20	1191	0	0	1
9.409	1	1	941	10	1	20	1191	0	0	0
9.409	1	1	941	10	1	20	1191	0	0	1
9.41	1	1	942	1	1	20	1191	0	0	0
9.41	1	1	942	1	1	20	1191	0	0	1
9.411	1	1	942	2	1	20	1191	0	0	0
9.411	1	1	942	2	1	20	1191	0	0	1
9.412	1	1	942	3	1	20	1191	0	0	0
9.412	1	1	942	3	1	20	1191	0	0	1
9.413	1	1	942	4	1	20	1191	0	0	0
9.413	1	1	942	4	1	20	1191	0	0	1
9.414	1	1	942	5	1	20	1191	0	0	0
9.414	1	1	942	5	1	20	1191	0	0	1
9.415	1	1	942	6	1	20	1191	0	0	0
9.415	1	1	942	6	1	20	1191	0	0	1
9.416	1	1	942	7	1	20	1191	0	0	0
9.416	1	1	942	7	1	20	1191	0	0	1
9.417	1	1	942	8	1	20	1191	0	0	0
9.417	1	1	942	8	1	20	1191	0	0	1
9.418	1	1	942	9	1	22	1383	0	0	0
9.418	1	1	942	9	1	22	1383	0	0	1
9.419	1	1	942	10	1	22	1383	0	0	0
9.419	1	1	942	10	1	22	1383	0	0	1
9.42	1	1	943	1	1	22	1383	0	0	0
9.42	1	1	943	1	1	22	1383	0	0	1
9.421	1	1	943	2	1	22	1383	0	0	0
9.421	1	1	943	2	1	22	1383	0	0	1
9.422	1	1	943	3	1	22	1383	0	0	0
9.422	1	1	943	3	1	22	1383	0	0	1
9.423	1	1	943	4	1	22	1383	0	0	0
9.423	1	1	943	4	1	22	1383	0	0	1
9.425	1	1	943	6	1	22	1383	0	0	0
9.425	1	1	943	6	1	22	1383	0	0	1
9.426	1	1	943	7	1	22	1383	0	0	0
9.426	1	1	943	7	1	22	1383	0	0	1
9.427	1	1	943	8	1	22	1383	0	0	0
9.427	1	1	943	8	1	22	1383	0	0	1
9.428	1	1	943	9	1	22	1383	0	0	0
9.428	1	1	943	9	1	22	1383	0	0	1
9.429	1	1	943	10	1	22	1383	0	0	0
9.429	1	1	943	10	1	22	1383	0	0	1
9.43	1	1	944	1	1	22	1383	0	0	0
9.43	1	1	944	1	1	22	1383	0	0	1
9.431	1	1	944	2	1	22	1383	0	0	0
9.431	1	1	944	2	1	22	1383	0	0	1
9.432	1	1	944	3	1	22	1383	0	0	0
9.432	1	1	944	3	1	22	1383	0	0	1
9.433	1	1	944	4	1	22	1383	0	0	0
9.433	1	1	944	4	1	22	1383	0	0	1
9.435	1	1	944	6	1	22	1383	0	0	0
9.435	1	1	944	6	1	22	1383	0	0	1
9.436	1	1	944	7	1	24	1620	0	0	0
9.436	1	1	944	7	1	24	1620	0	0	1
9.437	1	1	944	8	1	24	1620	0	0	0
9.437	1	1	944	8	1	24	1620	0	0	1
9.438	1	1	944	9	1	24	1620	0	0	0
9.438	1	1	944	9	1	24	1620	0	0	1
9.439	1	1	944	10	1	24	1620	0	0	0
9.439	1	1	944	10	1	24	1620	0	0	1
9.44	1	1	945	1	1	24	1620	0	0	0
9.44	1	1	945	1	1	24	1620	0	0	1
9.441	1	1	945	2	1	24	1620	0	0	0
9.441	1	1	945	2	1	24	1620	0	0	1
9.442	1	1	945	3	1	24	1620	0	0	0
9.442	1	1	945	3	1	24	1620	0	0	1
9.443	1	1	945	4	1	24	1620	0	0	0
9.443	1	1	945	4	1	24	1620	0	0	1
9.444	1	1	945	5	1	24	1620	0	0	0
9.445	1	1	945	6	1	24	1620	0	0	0
9.446	1	1	945	7	1	24	1620	0	0	0
9.447	1	1	945	8	1	24	1620	0	0	0
9.448	1	1	945	9	1	24	1620	0	0	0
9.448	1	1	945	9	1	24	1620	0	0	1
9.449	1	1	945	10	1	24	1620	0	0	0
9.449	1	1	945	10	1	24	1620	0	0	1
9.45	1	1	946	1	1	24	1620	0	0	0
9.45	1	1	946	1	1	24	1620	0	0	1
9.451	1	1	946	2	1	24	1620	0	0	0
9.451	1	1	946	2	1	24	1620	0	0	1
9.453	1	1	946	4	1	24	1620	0	0	0
9.453	1	1	946	4	1	24	1620	0	0	1
9.454	1	1	946	5	1	24	1620	0	0	0
9.454	1	1	946	5	1	24	1620	0	0	1
9.455	1	1	946	6	1	24	1620	0	0	0
9.455	1	1	946	6	1	24	1620	0	0	1
9.456	1	1	946	7	1	24	1620	0	0	0
9.456	1	1	946	7	1	24	1620	0	0	1
9.457	1	1	946	8	1	24	1620	0	0	0
9.458	1	1	946	9	1	24	1620	0	0	0
9.459	1	1	946	10	1	24	1620	0	0	0
9.46	1	1	947	1	1	24	1620	0	0	0
9.46	1	1	947	1	1	24	1620	0	0	1
9.461	1	1	947	2	1	24	1620	0	0	0
9.461	1	1	947	2	1	24	1620	0	0	1
9.462	1	1	947	3	1	24	1620	0	0	0
9.462	1	1	947	3	1	24	1620	0	0	1
9.463	1	1	947	4	1	24	1620	0	0	0
9.463	1	1	947	4	1	24	1620	0	0	1
9.464	1	1	947	5	1	24	1620	0	0	0
9.464	1	1	947	5	1	24	1620	0	0	1
9.465	1	1	947	6	1	24	1620	0	0	0
9.465	1	1	947	6	1	24	1620	0	0	1
9.466	1	1	947	7	1	24	1620	0	0	0
9.466	1	1	947	7	1	24	1620	0	0	1
9.467	1	1	947	8	1	24	1620	0	0	0
9.467	1	1	947	8	1	24	1620	0	0	1
9.468	1	1	947	9	1	24	1620	0	0	0
9.468	1	1	947	9	1	24	1620	0	0	1
9.469	1	1	947	10	1	24	1620	0	0	0
9.469	1	1	947	10	1	24	1620	0	0	1
9.47	1	1	948	1	1	24	1620	0	0	0
9.472	1	1	948	3	1	24	1620	0	0	0
9.473	1	1	948	4	1	24	1620	0	0	0
9.474	1	1	948	5	1	24	1620	0	0	0
9.474	1	1	948	5	1	24	1620	0	0	1
9.475	1	1	948	6	1	24	1620	0	0	0
9.475	1	1	948	6	1	24	1620	0	0	1
9.476	1	1	948	7	1	24	1620	0	0	0
9.476	1	1	948	7	1	24	1620	0	0	1
9.477	1	1	948	8	1	24	1620	0	0	0
9.477	1	1	948	8	1	24	1620	0	0	1
9.478	1	1	948	9	1	24	1620	0	0	0
9.478	1	1	948	9	1	24	1620	0	0	1
9.479	1	1	948	10	1	24	1620	0	0	0
9.479	1	1	948	10	1	24	1620	0	0	1
9.481	1	1	949	2	1	24	1620	0	0	0
9.481	1	1	949	2	1	24	1620	0	0	1
9.482	1	1	949	3	1	24	1620	0	0	0
9.482	1	1	949	3	1	24	1620	0	0	1
9.483	1	1	949	4	1	24	1620	0	0	0
9.483	1	1	949	4	1	24	1620	0	0	1
9.484	1	1	949	5	1	24	1620	0	0	0
9.484	1	1	949	5	1	24	1620	0	0	1
9.485	1	1	949	6	1	24	1620	0	0	0
9.485	1	1	949	6	1	24	1620	0	0	1
9.486	1	1	949	7	1	24	1620	0	0	0
9.486	1	1	949	7	1	24	1620	0	0	1
9.487	1	1	949	8	1	24	1620	0	0	0
9.488	1	1	949	9	1	24	1620	0	0	0
9.489	1	1	949	10	1	24	1620	0	0	0
9.49	1	1	950	1	1	24	1620	0	0	1
9.491	1	1	950	2	1	24	1620	0	0	0
9.491	1	1	950	2	1	24	1620	0	0	1
9.492	1	1	950	3	1	24	1620	0	0	0
9.493	1	1	950	4	1	24	1620	0	0	0
9.493	1	1	950	4	1	24	1620	0	0	1
9.494	1	1	950	5	1	24	1620	0	0	0
9.494	1	1	950	5	1	24	1620	0	0	1
9.495	1	1	950	6	1	24	1620	0	0	0
9.495	1	1	950	6	1	24	1620	0	0	1
9.496	1	1	950	7	1	24	1620	0	0	0
9.496	1	1	950	7	1	24	1620	0	0	1
9.497	1	1	950	8	1	24	1620	0	0	0
9.497	1	1	950	8	1	24	1620	0	0	1
9.498	1	1	950	9	1	22	1383	0	0	0
9.498	1	1	950	9	1	22	1383	0	0	1
9.5	1	1	951	1	1	22	1383	0	0	0
9.501	1	1	951	2	1	22	1383	0	0	0
9.502	1	1	951	3	1	22	1383	0	0	0
9.502	1	1	951	3	1	22	1383	0	0	1
9.503	1	1	951	4	1	22	1383	0	0	0
9.503	1	1	951	4	1	22	1383	0	0	1
9.504	1	1	951	5	1	22	1383	0	0	0
9.505	1	1	951	6	1	22	1383	0	0	0
9.505	1	1	951	6	1	22	1383	0	0	1
9.506	1	1	951	7	1	20	1191	0	0	0
9.506	1	1	951	7	1	20	1191	0	0	1
9.507	1	1	951	8	1	20	1191	0	0	0
9.507	1	1	951	8	1	20	1191	0	0	1
9.509	1	1	951	10	1	20	1191	0	0	0
9.509	1	1	951	10	1	20	1191	0	0	1
9.51	1	1	952	1	1	20	1191	0	0	0
9.51	1	1	952	1	1	20	1191	0	0	1
9.511	1	1	952	2	1	20	1191	0	0	0
9.511	1	1	952	2	1	20	1191	0	0	1
9.512	1	1	952	3	1	22	1383	0	0	0
9.512	1	1	952	3	1	22	1383	0	0	1
9.513	1	1	952	4	1	22	1383	0	0	0
9.513	1	1	952	4	1	22	1383	0	0	1
9.514	1	1	952	5	1	22	1383	0	0	0
9.514	1	1	952	5	1	22	1383	0	0	1
9.515	1	1	952	6	1	22	1383	0	0	0
9.515	1	1	952	6	1	22	1383	0	0	1
9.516	1	1	952	7	1	22	1383	0	0	0
9.516	1	1	952	7	1	22	1383	0	0	1
9.517	1	1	952	8	1	22	1383	0	0	0
9.517	1	1	952	8	1	22	1383	0	0	1
9.519	1	1	952	10	1	22	1383	0	0	0
9.519	1	1	952	10	1	22	1383	0	0	1
9.52	1	1	953	1	1	22	1383	0	0	0
9.52	1	1	953	1	1	22	1383	0	0	1
9.521	1	1	953	2	1	22	1383	0	0	0
9.521	1	1	953	2	1	22	1383	0	0	1
9.522	1	1	953	3	1	22	1383	0	0	0
9.522	1	1	953	3	1	22	1383	0	0	1
9.523	1	1	953	4	1	22	1383	0	0	0
9.523	1	1	953	4	1	22	1383	0	0	1
9.524	1	1	953	5	1	22	1383	0	0	0
9.524	1	1	953	5	1	22	1383	0	0	1
9.525	1	1	953	6	1	22	1383	0	0	0
9.525	1	1	953	6	1	22	1383	0	0	1
9.526	1	1	953	7	1	22	1383	0	0	0
9.526	1	1	953	7	1	22	1383	0	0	1
9.528	1	1	953	9	1	22	1383	0	0	0
9.528	1	1	953	9	1	22	1383	0	0	1
9.529	1	1	953	10	1	22	1383	0	0	0
9.529	1	1	953	10	1	22	1383	0	0	1
9.53	1	1	954	1	1	24	1620	0	0	0
9.53	1	1	954	1	1	24	1620	0	0	1
9.531	1	1	954	2	1	24	1620	0	0	0
9.531	1	1	954	2	1	24	1620	0	0	1
9.532	1	1	954	3	1	24	1620	0	0	0
9.532	1	1	954	3	1	24	1620	0	0	1
9.533	1	1	954	4	1	24	1620	0	0	0
9.533	1	1	954	4	1	24	1620	0	0	1
9.534	1	1	954	5	1	24	1620	0	0	0
9.534	1	1	954	5	1	24	1620	0	0	1
9.535	1	1	954	6	1	24	1620	0	0	0
9.535	1	1	954	6	1	24	1620	0	0	1
9.537	1	1	954	8	1	24	1620	0	0	0
9.537	1	1	954	8	1	24	1620	0	0	1
9.538	1	1	954	9	1	24	1620	0	0	0
9.538	1	1	954	9	1	24	1620	0	0	1
9.539	1	1	954	10	1	24	1620	0	0	0
9.539	1	1	954	10	1	24	1620	0	0	1
9.54	1	1	955	1	1	24	1620	0	0	0
9.54	1	1	955	1	1	24	1620	0	0	1
9.541	1	1	955	2	1	24	1620	0	0	0
9.542	1	1	955	3	1	24	1620	0	0	0
9.543	1	1	955	4	1	24	1620	0	0	0
9.544	1	1	955	5	1	24	1620	0	0	0
9.544	1	1	955	5	1	24	1620	0	0	1
9.545	1	1	955	6	1	24	1620	0	0	0
9.545	1	1	955	6	1	24	1620	0	0	1
9.546	1	1	955	7	1	24	1620	0	0	0
9.546	1	1	955	7	1	24	1620	0	0	1
9.547	1	1	955	8	1	24	1620	0	0	0
9.547	1	1	955	8	1	24	1620	0	0	1
9.548	1	1	955	9	1	24	1620	0	0	0
9.549	1	1	955	10	1	24	1620	0	0	0
9.549	1	1	955	10	1	24	1620	0	0	1
9.55	1	1	956	1	1	24	1620	0	0	0
9.55	1	1	956	1	1	24	1620	0	0	1
9.551	1	1	956	2	1	24	1620	0	0	0
9.551	1	1	956	2	1	24	1620	0	0	1
9.552	1	1	956	3	1	24	1620	0	0	0
9.552	1	1	956	3	1	24	1620	0	0	1
9.553	1	1	956	4	1	24	1620	0	0	0
9.553	1	1	956	4	1	24	1620	0	0	1
9.554	1	1	956	5	1	24	1620	0	0	0
9.554	1	1	956	5	1	24	1620	0	0	1
9.556	1	1	956	7	1	24	1620	0	0	0
9.556	1	1	956	7	1	24	1620	0	0	1
9.557	1	1	956	8	1	24	1620	0	0	0
9.557	1	1	956	8	1	24	1620	0	0	1
9.558	1	1	956	9	1	24	1620	0	0	0
9.559	1	1	956	10	1	24	1620	0	0	0
9.56	1	1	957	1	1	24	1620	0	0	0
9.561	1	1	957	2	1	24	1620	0	0	0
9.561	1	1	957	2	1	24	1620	0	0	1
9.562	1	1	957	3	1	24	1620	0	0	0
9.562	1	1	957	3	1	24	1620	0	0	1
9.563	1	1	957	4	1	24	1620	0	0	0
9.563	1	1	957	4	1	24	1620	0	0	1
9.564	1	1	957	5	1	24	1620	0	0	0
9.564	1	1	957	5	1	24	1620	0	0	1
9.565	1	1	957	6	1	24	1620	0	0	0
9.565	1	1	957	6	1	24	1620	0	0	1
9.566	1	1	957	7	1	24	1620	0	0	0
9.566	1	1	957	7	1	24	1620	0	0	1
9.567	1	1	957	8	1	24	1620	0	0	0
9.568	1	1	957	9	1	24	1620	0	0	0
9.568	1	1	957	9	1	24	1620	0	0	1
9.569	1	1	957	10	1	24	1620	0	0	0
9.569	1	1	957	10	1	24	1620	0	0	1
9.57	1	1	958	1	1	24	1620	0	0	0
9.57	1	1	958	1	1	24	1620	0	0	1
9.571	1	1	958	2	1	24	1620	0	0	0
9.571	1	1	958	2	1	24	1620	0	0	1
9.572	1	1	958	3	1	24	1620	0	0	0
9.572	1	1	958	3	1	24	1620	0	0	1
9.573	1	1	958	4	1	24	1620	0	0	0
9.573	1	1	958	4	1	24	1620	0	0	1
9.575	1	1	958	6	1	24	1620	0	0	0
9.576	1	1	958	7	1	24	1620	0	0	0
9.577	1	1	958	8	1	24	1620	0	0	0
9.577	1	1	958	8	1	24	1620	0	0	1
9.578	1	1	958	9	1	24	1620	0	0	0
9.578	1	1	958	9	1	24	1620	0	0	1
9.579	1	1	958	10	1	24	1620	0	0	0
9.58	1	1	959	1	1	24	1620	0	0	0
9.58	1	1	959	1	1	24	1620	0	0	1
9.581	1	1	959	2	1	24	1620	0	0	0
9.581	1	1	959	2	1	24	1620	0	0	1
9.582	1	1	959	3	1	24	1620	0	0	0
9.582	1	1	959	3	1	24	1620	0	0	1
9.584	1	1	959	5	1	24	1620	0	0	0
9.584	1	1	959	5	1	24	1620	0	0	1
9.585	1	1	959	6	1	24	1620	0	0	0
9.585	1	1	959	6	1	24	1620	0	0	1
9.586	1	1	959	7	1	24	1620	0	0	0
9.586	1	1	959	7	1	24	1620	0	0	1
9.587	1	1	959	8	1	24	1620	0	0	0
9.587	1	1	959	8	1	24	1620	0	0	1
9.588	1	1	959	9	1	24	1620	0	0	0
9.588	1	1	959	9	1	24	1620	0	0	1
9.589	1	1	959	10	1	24	1620	0	0	0
9.589	1	1	959	10	1	24	1620	0	0	1
9.59	1	1	960	1	1	22	1383	0	0	0
9.59	1	1	960	1	1	22	1383	0	0	1
9.591	1	1	960	2	1	22	1383	0	0	0
9.592	1	1	960	3	1	22	1383	0	0	0
9.593	1	1	960	4	1	22	1383	0	0	0
9.594	1	1	960	5	1	22	1383	0	0	0
9.594	1	1	960	5	1	22	1383	0	0	1
9.595	1	1	960	6	1	22	1383	0	0	0
9.596	1	1	960	7	1	22	1383	0	0	0
9.596	1	1	960	7	1	22	1383	0	0	1
9.597	1	1	960	8	1	22	1383	0	0	0
9.597	1	1	960	8	1	22	1383	0	0	1
9.598	1	1	960	9	1	22	1383	0	0	0
9.598	1	1	960	9	1	22	1383	0	0	1
9.599	1	1	960	10	1	22	1383	0	0	0
9.599	1	1	960	10	1	22	1383	0	0	1
9.6	1	1	961	1	1	22	1383	0	0	0
9.6	1	1	961	1	1	22	1383	0	0	1
9.601	1	1	961	2	1	22	1383	0	0	0
9.601	1	1	961	2	1	22	1383	0	0	1
9.603	1	1	961	4	1	22	1383	0	0	0
9.603	1	1	961	4	1	22	1383	0	0	1
9.604	1	1	961	5	1	22	1383	0	0	0
9.604	1	1	961	5	1	22	1383	0	0	1
9.605	1	1	961	6	1	22	1383	0	0	0
9.605	1	1	961	6	1	22	1383	0	0	1
9.606	1	1	961	7	1	22	1383	0	0	0
9.606	1	1	961	7	1	22	1383	0	0	1
9.607	1	1	961	8	1	22	1383	0	0	0
9.607	1	1	961	8	1	22	1383	0	0	1
9.608	1	1	961	9	1	22	1383	0	0	0
9.608	1	1	961	9	1	22	1383	0	0	1
9.609	1	1	961	10	1	22	1383	0	0	0
9.609	1	1	961	10	1	22	1383	0	0	1
9.61	1	1	962	1	1	22	1383	0	0	0
9.61	1	1	962	1	1	22	1383	0	0	1
9.611	1	1	962	2	1	22	1383	0	0	0
9.611	1	1	962	2	1	22	1383	0	0	1
9.612	1	1	962	3	1	22	1383	0	0	0
9.612	1	1	962	3	1	22	1383	0	0	1
9.613	1	1	962	4	1	22	1383	0	0	0
9.613	1	1	962	4	1	22	1383	0	0	1
9.614	1	1	962	5	1	22	1383	0	0	0
9.614	1	1	962	5	1	22	1383	0	0	1
9.615	1	1	962	6	1	22	1383	0	0	0
9.615	1	1	962	6	1	22	1383	0	0	1
9.616	1	1	962	7	1	22	1383	0	0	0
9.616	1	1	962	7	1	22	1383	0	0	1
9.617	1	1	962	8	1	22	1383	0	0	0
9.617	1	1	962	8	1	22	1383	0	0	1
9.618	1	1	962	9	1	22	1383	0	0	0
9.618	1	1	962	9	1	22	1383	0	0	1
9.619	1	1	962	10	1	22	1383	0	0	0
9.619	1	1	962	10	1	22	1383	0	0	1
9.621	1	1	963	2	1	22	1383	0	0	0
9.621	1	1	963	2	1	22	1383	0	0	1
9.622	1	1	963	3	1	22	1383	0	0	0
9.622	1	1	963	3	1	22	1383	0	0	1
9.623	1	1	963	4	1	22	1383	0	0	0
9.623	1	1	963	4	1	22	1383	0	0	1
9.624	1	1	963	5	1	24	1620	0	0	0
9.624	1	1	963	5	1	24	1620	0	0	1
9.625	1	1	963	6	1	24	1620	0	0	0
9.625	1	1	963	6	1	24	1620	0	0	1
9.626	1	1	963	7	1	24	1620	0	0	0
9.626	1	1	963	7	1	24	1620	0	0	1
9.627	1	1	963	8	1	24	1620	0	0	0
9.627	1	1	963	8	1	24	1620	0	0	1
9.628	1	1	963	9	1	24	1620	0	0	0
9.628	1	1	963	9	1	24	1620	0	0	1
9.629	1	1	963	10	1	24	1620	0	0	0
9.629	1	1	963	10	1	24	1620	0	0	1
9.631	1	1	964	2	1	24	1620	0	0	0
9.631	1	1	964	2	1	24	1620	0	0	1
9.632	1	1	964	3	1	24	1620	0	0	0
9.632	1	1	964	3	1	24	1620	0	0	1
9.633	1	1	964	4	1	24	1620	0	0	0
9.633	1	1	964	4	1	24	1620	0	0	1
9.634	1	1	964	5	1	24	1620	0	0	0
9.634	1	1	964	5	1	24	1620	0	0	1
9.635	1	1	964	6	1	24	1620	0	0	0
9.635	1	1	964	6	1	24	1620	0	0	1
9.636	1	1	964	7	1	24	1620	0	0	0
9.637	1	1	964	8	1	24	1620	0	0	0
9.638	1	1	964	9	1	24	1620	0	0	0
9.639	1	1	964	10	1	24	1620	0	0	0
9.639	1	1	964	10	1	24	1620	0	0	1
9.64	1	1	965	1	1	24	1620	0	0	0
9.64	1	1	965	1	1	24	1620	0	0	1
9.641	1	1	965	2	1	24	1620	0	0	0
9.641	1	1	965	2	1	24	1620	0	0	1
9.642	1	1	965	3	1	24	1620	0	0	0
9.643	1	1	965	4	1	24	1620	0	0	0
9.643	1	1	965	4	1	24	1620	0	0	1
9.644	1	1	965	5	1	24	1620	0	0	0
9.644	1	1	965	5	1	24	1620	0	0	1
9.645	1	1	965	6	1	24	1620	0	0	0
9.645	1	1	965	6	1	24	1620	0	0	1
9.646	1	1	965	7	1	24	1620	0	0	0
9.646	1	1	965	7	1	24	1620	0	0	1
9.647	1	1	965	8	1	24	1620	0	0	0
9.647	1	1	965	8	1	24	1620	0	0	1
9.649	1	1	965	10	1	24	1620	0	0	0
9.649	1	1	965	10	1	24	1620	0	0	1
9.65	1	1	966	1	1	24	1620	0	0	0
9.65	1	1	966	1	1	24	1620	0	0	1
9.651	1	1	966	2	1	24	1620	0	0	0
9.651	1	1	966	2	1	24	1620	0	0	1
9.652	1	1	966	3	1	24	1620	0	0	0
9.653	1	1	966	4	1	24	1620	0	0	0
9.654	1	1	966	5	1	24	1620	0	0	0
9.655	1	1	966	6	1	24	1620	0	0	0
9.655	1	1	966	6	1	24	1620	0	0	1
9.656	1	1	966	7	1	24	1620	0	0	0
9.656	1	1	966	7	1	24	1620	0	0	1
9.657	1	1	966	8	1	24	1620	0	0	0
9.657	1	1	966	8	1	24	1620	0	0	1
9.658	1	1	966	9	1	24	1620	0	0	0
9.658	1	1	966	9	1	24	1620	0	0	1
9.659	1	1	966	10	1	24	1620	0	0	0
9.659	1	1	966	10	1	24	1620	0	0	1
9.66	1	1	967	1	1	24	1620	0	0	0
9.661	1	1	967	2	1	24	1620	0	0	0
9.661	1	1	967	2	1	24	1620	0	0	1
9.662	1	1	967	3	1	24	1620	0	0	0
9.662	1	1	967	3	1	24	1620	0	0	1
9.663	1	1	967	4	1	24	1620	0	0	0
9.663	1	1	967	4	1	24	1620	0	0	1
9.664	1	1	967	5	1	24	1620	0	0	0
9.664	1	1	967	5	1	24	1620	0	0	1
9.665	1	1	967	6	1	24	1620	0	0	0
9.665	1	1	967	6	1	24	1620	0	0	1
9.666	1	1	967	7	1	24	1620	0	0	0
9.666	1	1	967	7	1	24	1620	0	0	1
9.668	1	1	967	9	1	24	1620	0	0	0
9.669	1	1	967	10	1	24	1620	0	0	0
9.67	1	1	968	1	1	24	1620	0	0	0
9.67	1	1	968	1	1	24	1620	0	0	1
9.671	1	1	968	2	1	24	1620	0	0	0
9.671	1	1	968	2	1	24	1620	0	0	1
9.672	1	1	968	3	1	24	1620	0	0	0
9.673	1	1	968	4	1	24	1620	0	0	0
9.673	1	1	968	4	1	24	1620	0	0	1
9.674	1	1	968	5	1	24	1620	0	0	0
9.674	1	1	968	5	1	24	1620	0	0	1
9.675	1	1	968	6	1	24	1620	0	0	0
9.675	1	1	968	6	1	24	1620	0	0	1
9.677	1	1	968	8	1	24	1620	0	0	0
9.677	1	1	968	8	1	24	1620	0	0	1
9.678	1	1	968	9	1	22	1383	0	0	0
9.678	1	1	968	9	1	22	1383	0	0	1
9.679	1	1	968	10	1	22	1383	0	0	0
9.679	1	1	968	10	1	22	1383	0	0	1
9.68	1	1	969	1	1	22	1383	0	0	0
9.68	1	1	969	1	1	22	1383	0	0	1
9.681	1	1	969	2	1	22	1383	0	0	0
9.681	1	1	969	2	1	22	1383	0	0	1
9.682	1	1	969	3	1	22	1383	0	0	0
9.682	1	1	969	3	1	22	1383	0	0	1
9.683	1	1	969	4	1	22	1383	0	0	0
9.683	1	1	969	4	1	22	1383	0	0	1
9.684	1	1	969	5	1	22	1383	0	0	0
9.685	1	1	969	6	1	22	1383	0	0	0
9.685	1	1	969	6	1	22	1383	0	0	1
9.686	1	1	969	7	1	22	1383	0	0	0
9.686	1	1	969	7	1	22	1383	0	0	1
9.687	1	1	969	8	1	22	1383	0	0	0
9.687	1	1	969	8	1	22	1383	0	0	1
9.688	1	1	969	9	1	22	1383	0	0	0
9.688	1	1	969	9	1	22	1383	0	0	1
9.689	1	1	969	10	1	22	1383	0	0	0
9.689	1	1	969	10	1	22	1383	0	0	1
9.69	1	1	970	1	1	22	1383	0	0	0
9.69	1	1	970	1	1	22	1383	0	0	1
9.691	1	1	970	2	1	22	1383	0	0	0
9.691	1	1	970	2	1	22	1383	0	0	1
9.692	1	1	970	3	1	20	1191	0	0	0
9.692	1	1	970	3	1	20	1191	0	0	1
9.693	1	1	970	4	1	20	1191	0	0	0
9.693	1	1	970	4	1	20	1191	0	0	1
9.694	1	1	970	5	1	20	1191	0	0	0
9.694	1	1	970	5	1	20	1191	0	0	1
9.696	1	1	970	7	1	20	1191	0	0	0
9.696	1	1	970	7	1	20	1191	0	0	1
9.697	1	1	970	8	1	20	1191	0	0	0
9.697	1	1	970	8	1	20	1191	0	0	1
9.698	1	1	970	9	1	20	1191	0	0	0
9.698	1	1	970	9	1	20	1191	0	0	1
9.699	1	1	970	10	1	20	1191	0	0	0
9.699	1	1	970	10	1	20	1191	0	0	1
9.7	1	1	971	1	1	20	1191	0	0	0
9.7	1	1	971	1	1	20	1191	0	0	1
9.701	1	1	971	2	1	20	1191	0	0	0
9.701	1	1	971	2	1	20	1191	0	0	1
9.702	1	1	971	3	1	20	1191	0	0	0
9.702	1	1	971	3	1	20	1191	0	0	1
9.703	1	1	971	4	1	20	1191	0	0	0
9.703	1	1	971	4	1	20	1191	0	0	1
9.704	1	1	971	5	1	20	1191	0	0	0
9.704	1	1	971	5	1	20	1191	0	0	1
9.705	1	1	971	6	1	20	1191	0	0	0
9.705	1	1	971	6	1	20	1191	0	0	1
9.706	1	1	971	7	1	20	1191	0	0	0
9.706	1	1	971	7	1	20	1191	0	0	1
9.707	1	1	971	8	1	20	1191	0	0	0
9.707	1	1	971	8	1	20	1191	0	0	1
9.708	1	1	971	9	1	22	1383	0	0	0
9.708	1	1	971	9	1	22	1383	0	0	1
9.709	1	1	971	10	1	22	1383	0	0	0
9.709	1	1	971	10	1	22	1383	0	0	1
9.71	1	1	972	1	1	22	1383	0	0	0
9.71	1	1	972	1	1	22	1383	0	0	1
9.711	1	1	972	2	1	22	1383	0	0	0
9.711	1	1	972	2	1	22	1383	0	0	1
9.712	1	1	972	3	1	22	1383	0	0	0
9.712	1	1	972	3	1	22	1383	0	0	1
9.713	1	1	972	4	1	22	1383	0	0	0
9.713	1	1	972	4	1	22	1383	0	0	1
9.715	1	1	972	6	1	22	1383	0	0	0
9.715	1	1	972	6	1	22	1383	0	0	1
9.716	1	1	972	7	1	22	1383	0	0	0
9.716	1	1	972	7	1	22	1383	0	0	1
9.717	1	1	972	8	1	22	1383	0	0	0
9.717	1	1	972	8	1	22	1383	0	0	1
9.718	1	1	972	9	1	24	1620	0	0	0
9.718	1	1	972	9	1	24	1620	0	0	1
9.719	1	1	972	10	1	24	1620	0	0	0
9.719	1	1	972	10	1	24	1620	0	0	1
9.72	1	1	973	1	1	24	1620	0	0	0
9.72	1	1	973	1	1	24	1620	0	0	1
9.721	1	1	973	2	1	24	1620	0	0	0
9.721	1	1	973	2	1	24	1620	0	0	1
9.722	1	1	973	3	1	24	1620	0	0	0
9.722	1	1	973	3	1	24	1620	0	0	1
9.724	1	1	973	5	1	24	1620	0	0	0
9.724	1	1	973	5	1	24	1620	0	0	1
9.725	1	1	973	6	1	24	1620	0	0	0
9.725	1	1	973	6	1	24	1620	0	0	1
9.726	1	1	973	7	1	24	1620	0	0	0
9.726	1	1	973	7	1	24	1620	0	0	1
9.727	1	1	973	8	1	24	1620	0	0	0
9.727	1	1	973	8	1	24	1620	0	0	1
9.728	1	1	973	9	1	24	1620	0	0	0
9.728	1	1	973	9	1	24	1620	0	0	1
9.729	1	1	973	10	1	24	1620	0	0	0
9.729	1	1	973	10	1	24	1620	0	0	1
9.73	1	1	974	1	1	26	1836	0	0	0
9.73	1	1	974	1	1	26	1836	0	0	1
9.731	1	1	974	2	1	26	1836	0	0	0
9.733	1	1	974	4	1	26	1836	0	0	0
9.734	1	1	974	5	1	26	1836	0	0	0
9.734	1	1	974	5	1	26	1836	0	0	1
9.735	1	1	974	6	1	26	1836	0	0	0
9.736	1	1	974	7	1	26	1836	0	0	0
9.736	1	1	974	7	1	26	1836	0	0	1
9.737	1	1	974	8	1	26	1836	0	0	0
9.737	1	1	974	8	1	26	1836	0	0	1
9.738	1	1	974	9	1	26	1836	0	0	0
9.738	1	1	974	9	1	26	1836	0	0	1
9.739	1	1	974	10	1	26	1836	0	0	0
9.739	1	1	974	10	1	26	1836	0	0	1
9.74	1	1	975	1	1	26	1836	0	0	0
9.74	1	1	975	1	1	26	1836	0	0	1
9.741	1	1	975	2	1	26	1836	0	0	0
9.741	1	1	975	2	1	26	1836	0	0	1
9.743	1	1	975	4	1	26	1836	0	0	0
9.743	1	1	975	4	1	26	1836	0	0	1
9.744	1	1	975	5	1	26	1836	0	0	0
9.744	1	1	975	5	1	26	1836	0	0	1
9.745	1	1	975	6	1	26	1836	0	0	0
9.745	1	1	975	6	1	26	1836	0	0	1
9.746	1	1	975	7	1	26	1836	0	0	0
9.746	1	1	975	7	1	26	1836	0	0	1
9.747	1	1	975	8	1	26	1836	0	0	0
9.748	1	1	975	9	1	26	1836	0	0	0
9.749	1	1	975	10	1	26	1836	0	0	0
9.75	1	1	976	1	1	26	1836	0	0	0
9.75	1	1	976	1	1	26	1836	0	0	1
9.751	1	1	976	2	1	26	1836	0	0	0
9.751	1	1	976	2	1	26	1836	0	0	1
9.752	1	1	976	3	1	26	1836	0	0	0
9.752	1	1	976	3	1	26	1836	0	0	1
9.753	1	1	976	4	1	26	1836	0	0	0
9.753	1	1	976	4	1	26	1836	0	0	1
9.754	1	1	976	5	1	26	1836	0	0	0
9.755	1	1	976	6	1	26	1836	0	0	0
9.755	1	1	976	6	1	26	1836	0	0	1
9.756	1	1	976	7	1	26	1836	0	0	0
9.756	1	1	976	7	1	26	1836	0	0	1
9.757	1	1	976	8	1	26	1836	0	0	0
9.757	1	1	976	8	1	26	1836	0	0	1
9.758	1	1	976	9	1	26	1836	0	0	0
9.758	1	1	976	9	1	26	1836	0	0	1
9.759	1	1	976	10	1	26	1836	0	0	0
9.759	1	1	976	10	1	26	1836	0	0	1
9.761	1	1	977	2	1	26	1836	0	0	0
9.761	1	1	977	2	1	26	1836	0	0	1
9.762	1	1	977	3	1	26	1836	0	0	0
9.762	1	1	977	3	1	26	1836	0	0	1
9.763	1	1	977	4	1	26	1836	0	0	0
9.763	1	1	977	4	1	26	1836	0	0	1
9.764	1	1	977	5	1	26	1836	0	0	0
9.765	1	1	977	6	1	26	1836	0	0	0
9.766	1	1	977	7	1	26	1836	0	0	0
9.767	1	1	977	8	1	26	1836	0	0	0
9.767	1	1	977	8	1	26	1836	0	0	1
9.768	1	1	977	9	1	26	1836	0	0	0
9.768	1	1	977	9	1	26	1836	0	0	1
9.769	1	1	977	10	1	26	1836	0	0	0
9.769	1	1	977	10	1	26	1836	0	0	1
9.771	1	1	978	2	1	26	1836	0	0	0
9.771	1	1	978	2	1	26	1836	0	0	1
9.772	1	1	978	3	1	26	1836	0	0	0
9.772	1	1	978	3	1	26	1836	0	0	1
9.773	1	1	978	4	1	26	1836	0	0	0
9.773	1	1	978	4	1	26	1836	0	0	1
9.774	1	1	978	5	1	26	1836	0	0	0
9.774	1	1	978	5	1	26	1836	0	0	1
9.775	1	1	978	6	1	26	1836	0	0	0
9.775	1	1	978	6	1	26	1836	0	0	1
9.776	1	1	978	7	1	26	1836	0	0	0
9.776	1	1	978	7	1	26	1836	0	0	1
9.777	1	1	978	8	1	26	1836	0	0	0
9.777	1	1	978	8	1	26	1836	0	0	1
9.778	1	1	978	9	1	26	1836	0	0	0
9.778	1	1	978	9	1	26	1836	0	0	1
9.78	1	1	979	1	1	26	1836	0	0	0
9.781	1	1	979	2	1	26	1836	0	0	0
9.782	1	1	979	3	1	26	1836	0	0	0
9.783	1	1	979	4	1	26	1836	0	0	0
9.783	1	1	979	4	1	26	1836	0	0	1
9.784	1	1	979	5	1	24	1620	0	0	0
9.784	1	1	979	5	1	24	1620	0	0	1
9.785	1	1	979	6	1	24	1620	0	0	0
9.785	1	1	979	6	1	24	1620	0	0	1
9.786	1	1	979	7	1	24	1620	0	0	0
9.786	1	1	979	7	1	24	1620	0	0	1
9.787	1	1	979	8	1	24	1620	0	0	0
9.787	1	1	979	8	1	24	1620	0	0	1
9.789	1	1	979	10	1	24	1620	0	0	0
9.789	1	1	979	10	1	24	1620	0	0	1
9.79	1	1	980	1	1	24	1620	0	0	0
9.79	1	1	980	1	1	24	1620	0	0	1
9.791	1	1	980	2	1	24	1620	0	0	0
9.791	1	1	980	2	1	24	1620	0	0	1
9.792	1	1	980	3	1	22	1383	0	0	0
9.792	1	1	980	3	1	22	1383	0	0	1
9.793	1	1	980	4	1	22	1383	0	0	0
9.793	1	1	980	4	1	22	1383	0	0	1
9.794	1	1	980	5	1	22	1383	0	0	0
9.795	1	1	980	6	1	22	1383	0	0	0
9.796	1	1	980	7	1	22	1383	0	0	0
9.797	1	1	980	8	1	22	1383	0	0	0
9.797	1	1	980	8	1	22	1383	0	0	1
9.798	1	1	980	9	1	20	1191	0	0	0
9.798	1	1	980	9	1	20	1191	0	0	1
9.799	1	1	980	10	1	20	1191	0	0	0
9.799	1	1	980	10	1	20	1191	0	0	1
9.8	1	1	981	1	1	20	1191	0	0	0
9.8	1	1	981	1	1	20	1191	0	0	1
9.801	1	1	981	2	1	20	1191	0	0	0
9.801	1	1	981	2	1	20	1191	0	0	1
9.802	1	1	981	3	1	20	1191	0	0	0
9.802	1	1	981	3	1	20	1191	0	0	1
9.803	1	1	981	4	1	20	1191	0	0	0
9.803	1	1	981	4	1	20	1191	0	0	1
9.804	1	1	981	5	1	20	1191	0	0	0
9.804	1	1	981	5	1	20	1191	0	0	1
9.805	1	1	981	6	1	20	1191	0	0	0
9.805	1	1	981	6	1	20	1191	0	0	1
9.806	1	1	981	7	1	20	1191	0	0	0
9.806	1	1	981	7	1	20	1191	0	0	1
9.808	1	1	981	9	1	18	967	0	0	0
9.808	1	1	981	9	1	18	967	0	0	1
9.809	1	1	981	10	1	18	967	0	0	0
9.809	1	1	981	10	1	18	967	0	0	1
9.81	1	1	982	1	1	20	1191	0	0	0
9.81	1	1	982	1	1	20	1191	0	0	1
9.811	1	1	982	2	1	20	1191	0	0	0
9.811	1	1	982	2	1	20	1191	0	0	1
9.812	1	1	982	3	1	20	1191	0	0	0
9.812	1	1	982	3	1	20	1191	0	0	1
9.813	1	1	982	4	1	20	1191	0	0	0
9.813	1	1	982	4	1	20	1191	0	0	1
9.814	1	1	982	5	1	20	1191	0	0	0
9.814	1	1	982	5	1	20	1191	0	0	1
9.815	1	1	982	6	1	20	1191	0	0	0
9.815	1	1	982	6	1	20	1191	0	0	1
9.817	1	1	982	8	1	20	1191	0	0	0
9.817	1	1	982	8	1	20	1191	0	0	1
9.818	1	1	982	9	1	20	1191	0	0	0
9.818	1	1	982	9	1	20	1191	0	0	1
9.819	1	1	982	10	1	20	1191	0	0	0
9.819	1	1	982	10	1	20	1191	0	0	1
9.82	1	1	983	1	1	20	1191	0	0	0
9.82	1	1	983	1	1	20	1191	0	0	1
9.821	1	1	983	2	1	20	1191	0	0	0
9.821	1	1	983	2	1	20	1191	0	0	1
9.822	1	1	983	3	1	22	1383	0	0	0
9.822	1	1	983	3	1	22	1383	0	0	1
9.823	1	1	983	4	1	22	1383	0	0	0
9.823	1	1	983	4	1	22	1383	0	0	1
9.824	1	1	983	5	1	22	1383	0	0	0
9.824	1	1	983	5	1	22	1383	0	0	1
9.825	1	1	983	6	1	22	1383	0	0	0
9.825	1	1	983	6	1	22	1383	0	0	1
9.827	1	1	983	8	1	22	1383	0	0	0
9.827	1	1	983	8	1	22	1383	0	0	1
9.828	1	1	983	9	1	22	1383	0	0	0
9.828	1	1	983	9	1	22	1383	0	0	1
9.829	1	1	983	10	1	22	1383	0	0	0
9.829	1	1	983	10	1	22	1383	0	0	1
9.83	1	1	984	1	1	22	1383	0	0	0
9.83	1	1	984	1	1	22	1383	0	0	1
9.831	1	1	984	2	1	22	1383	0	0	0
9.831	1	1	984	2	1	22	1383	0	0	1
9.832	1	1	984	3	1	22	1383	0	0	0
9.832	1	1	984	3	1	22	1383	0	0	1
9.833	1	1	984	4	1	22	1383	0	0	0
9.833	1	1	984	4	1	22	1383	0	0	1
9.834	1	1	984	5	1	24	1620	0	0	0
9.834	1	1	984	5	1	24	1620	0	0	1
9.836	1	1	984	7	1	24	1620	0	0	0
9.836	1	1	984	7	1	24	1620	0	0	1
9.837	1	1	984	8	1	24	1620	0	0	0
9.837	1	1	984	8	1	24	1620	0	0	1
9.838	1	1	984	9	1	24	1620	0	0	0
9.838	1	1	984	9	1	24	1620	0	0	1
9.839	1	1	984	10	1	24	1620	0	0	0
9.839	1	1	984	10	1	24	1620	0	0	1
9.84	1	1	985	1	1	24	1620	0	0	0
9.84	1	1	985	1	1	24	1620	0	0	1
9.841	1	1	985	2	1	24	1620	0	0	0
9.841	1	1	985	2	1	24	1620	0	0	1
9.842	1	1	985	3	1	24	1620	0	0	0
9.842	1	1	985	3	1	24	1620	0	0	1
9.843	1	1	985	4	1	24	1620	0	0	0
9.845	1	1	985	6	1	24	1620	0	0	0
9.846	1	1	985	7	1	24	1620	0	0	0
9.846	1	1	985	7	1	24	1620	0	0	1
9.847	1	1	985	8	1	24	1620	0	0	0
9.848	1	1	985	9	1	24	1620	0	0	0
9.848	1	1	985	9	1	24	1620	0	0	1
9.849	1	1	985	10	1	24	1620	0	0	0
9.849	1	1	985	10	1	24	1620	0	0	1
9.85	1	1	986	1	1	24	1620	0	0	0
9.85	1	1	986	1	1	24	1620	0	0	1
9.851	1	1	986	2	1	24	1620	0	0	0
9.851	1	1	986	2	1	24	1620	0	0	1
9.852	1	1	986	3	1	24	1620	0	0	0
9.852	1	1	986	3	1	24	1620	0	0	1
9.853	1	1	986	4	1	24	1620	0	0	0
9.853	1	1	986	4	1	24	1620	0	0	1
9.855	1	1	986	6	1	24	1620	0	0	0
9.855	1	1	986	6	1	24	1620	0	0	1
9.856	1	1	986	7	1	24	1620	0	0	0
9.856	1	1	986	7	1	24	1620	0	0	1
9.857	1	1	986	8	1	24	1620	0	0	0
9.857	1	1	986	8	1	24	1620	0	0	1
9.858	1	1	986	9	1	24	1620	0	0	0
9.858	1	1	986	9	1	24	1620	0	0	1
9.859	1	1	986	10	1	24	1620	0	0	0
9.859	1	1	986	10	1	24	1620	0	0	1
9.86	1	1	987	1	1	24	1620	0	0	0
9.86	1	1	987	1	1	24	1620	0	0	1
9.861	1	1	987	2	1	24	1620	0	0	0
9.862	1	1	987	3	1	24	1620	0	0	0
9.864	1	1	987	5	1	24	1620	0	0	0
9.864	1	1	987	5	1	24	1620	0	0	1
9.865	1	1	987	6	1	24	1620	0	0	0
9.865	1	1	987	6	1	24	1620	0	0	1
9.866	1	1	987	7	1	24	1620	0	0	0
9.867	1	1	987	8	1	24	1620	0	0	0
9.867	1	1	987	8	1	24	1620	0	0	1
9.868	1	1	987	9	1	24	1620	0	0	0
9.868	1	1	987	9	1	24	1620	0	0	1
9.869	1	1	987	10	1	24	1620	0	0	0
9.869	1	1	987	10	1	24	1620	0	0	1
9.87	1	1	988	1	1	24	1620	0	0	0
9.87	1	1	988	1	1	24	1620	0	0	1
9.871	1	1	988	2	1	24	1620	0	0	0
9.871	1	1	988	2	1	24	1620	0	0	1
9.873	1	1	988	4	1	24	1620	0	0	0
9.873	1	1	988	4	1	24	1620	0	0	1
9.874	1	1	988	5	1	24	1620	0	0	0
9.874	1	1	988	5	1	24	1620	0	0	1
9.875	1	1	988	6	1	24	1620	0	0	0
9.875	1	1	988	6	1	24	1620	0	0	1
9.876	1	1	988	7	1	24	1620	0	0	0
9.876	1	1	988	7	1	24	1620	0	0	1
9.877	1	1	988	8	1	24	1620	0	0	0
9.877	1	1	988	8	1	24	1620	0	0	1
9.878	1	1	988	9	1	24	1620	0	0	0
9.879	1	1	988	10	1	24	1620	0	0	0
9.88	1	1	989	1	1	24	1620	0	0	0
9.881	1	1	989	2	1	24	1620	0	0	0
9.881	1	1	989	2	1	24	1620	0	0	1
9.882	1	1	989	3	1	24	1620	0	0	0
9.882	1	1	989	3	1	24	1620	0	0	1
9.883	1	1	989	4	1	24	1620	0	0	0
9.883	1	1	989	4	1	24	1620	0	0	1
9.884	1	1	989	5	1	24	1620	0	0	0
9.885	1	1	989	6	1	24	1620	0	0	0
9.885	1	1	989	6	1	24	1620	0	0	1
9.886	1	1	989	7	1	24	1620	0	0	0
9.886	1	1	989	7	1	24	1620	0	0	1
9.887	1	1	989	8	1	24	1620	0	0	0
9.887	1	1	989	8	1	24	1620	0	0	1
9.888	1	1	989	9	1	24	1620	0	0	0
9.888	1	1	989	9	1	24	1620	0	0	1
9.889	1	1	989	10	1	24	1620	0	0	0
9.889	1	1	989	10	1	24	1620	0	0	1
9.89	1	1	990	1	1	24	1620	0	0	0
9.89	1	1	990	1	1	24	1620	0	0	1
9.892	1	1	990	3	1	24	1620	0	0	0
9.892	1	1	990	3	1	24	1620	0	0	1
9.893	1	1	990	4	1	24	1620	0	0	0
9.893	1	1	990	4	1	24	1620	0	0	1
9.894	1	1	990	5	1	24	1620	0	0	0
9.895	1	1	990	6	1	24	1620	0	0	0
9.896	1	1	990	7	1	24	1620	0	0	0
9.897	1	1	990	8	1	24	1620	0	0	0
9.897	1	1	990	8	1	24	1620	0	0	1
9.898	1	1	990	9	1	22	1383	0	0	0
9.898	1	1	990	9	1	22	1383	0	0	1
9.899	1	1	990	10	1	22	1383	0	0	0
9.899	1	1	990	10	1	22	1383	0	0	1
9.9	1	1	991	1	1	22	1383	0	0	0
9.9	1	1	991	1	1	22	1383	0	0	1
9.901	1	1	991	2	1	22	1383	0	0	0
9.901	1	1	991	2	1	22	1383	0	0	1
9.902	1	1	991	3	1	22	1383	0	0	0
9.902	1	1	991	3	1	22	1383	0	0	1
9.903	1	1	991	4	1	22	1383	0	0	0
9.904	1	1	991	5	1	22	1383	0	0	0
9.904	1	1	991	5	1	22	1383	0	0	1
9.905	1	1	991	6	1	22	1383	0	0	0
9.905	1	1	991	6	1	22	1383	0	0	1
9.906	1	1	991	7	1	22	1383	0	0	0
9.906	1	1	991	7	1	22	1383	0	0	1
9.907	1	1	991	8	1	22	1383	0	0	0
9.907	1	1	991	8	1	22	1383	0	0	1
9.908	1	1	991	9	1	22	1383	0	0	0
9.908	1	1	991	9	1	22	1383	0	0	1
9.909	1	1	991	10	1	22	1383	0	0	0
9.909	1	1	991	10	1	22	1383	0	0	1
9.911	1	1	992	2	1	22	1383	0	0	0
9.911	1	1	992	2	1	22	1383	0	0	1
9.912	1	1	992	3	1	22	1383	0	0	0
9.912	1	1	992	3	1	22	1383	0	0	1
9.913	1	1	992	4	1	22	1383	0	0	0
9.913	1	1	992	4	1	22	1383	0	0	1
9.914	1	1	992	5	1	22	1383	0	0	0
9.914	1	1	992	5	1	22	1383	0	0	1
9.915	1	1	992	6	1	22	1383	0	0	0
9.915	1	1	992	6	1	22	1383	0	0	1
9.916	1	1	992	7	1	22	1383	0	0	0
9.916	1	1	992	7	1	22	1383	0	0	1
9.917	1	1	992	8	1	22	1383	0	0	0
9.917	1	1	992	8	1	22	1383	0	0	1
9.918	1	1	992	9	1	22	1383	0	0	0
9.918	1	1	992	9	1	22	1383	0	0	1
9.92	1	1	993	1	1	22	1383	0	0	0
9.92	1	1	993	1	1	22	1383	0	0	1
9.921	1	1	993	2	1	22	1383	0	0	0
9.921	1	1	993	2	1	22	1383	0	0	1
9.922	1	1	993	3	1	22	1383	0	0	0
9.922	1	1	993	3	1	22	1383	0	0	1
9.923	1	1	993	4	1	22	1383	0	0	0
9.923	1	1	993	4	1	22	1383	0	0	1
9.924	1	1	993	5	1	22	1383	0	0	0
9.924	1	1	993	5	1	22	1383	0	0	1
9.925	1	1	993	6	1	22	1383	0	0	0
9.925	1	1	993	6	1	22	1383	0	0	1
9.926	1	1	993	7	1	22	1383	0	0	0
9.926	1	1	993	7	1	22	1383	0	0	1
9.927	1	1	993	8	1	22	1383	0	0	0
9.927	1	1	993	8	1	22	1383	0	0	1
9.928	1	1	993	9	1	22	1383	0	0	0
9.928	1	1	993	9	1	22	1383	0	0	1
9.929	1	1	993	10	1	22	1383	0	0	0
9.929	1	1	993	10	1	22	1383	0	0	1
9.93	1	1	994	1	1	22	1383	0	0	0
9.93	1	1	994	1	1	22	1383	0	0	1
9.931	1	1	994	2	1	22	1383	0	0	0
9.931	1	1	994	2	1	22	1383	0	0	1
9.932	1	1	994	3	1	24	1620	0	0	0
9.932	1	1	994	3	1	24	1620	0	0	1
9.933	1	1	994	4	1	24	1620	0	0	0
9.933	1	1	994	4	1	24	1620	0	0	1
9.934	1	1	994	5	1	24	1620	0	0	0
9.934	1	1	994	5	1	24	1620	0	0	1
9.935	1	1	994	6	1	24	1620	0	0	0
9.935	1	1	994	6	1	24	1620	0	0	1
9.936	1	1	994	7	1	24	1620	0	0	0
9.936	1	1	994	7	1	24	1620	0	0	1
9.937	1	1	994	8	1	24	1620	0	0	0
9.937	1	1	994	8	1	24	1620	0	0	1
9.939	1	1	994	10	1	24	1620	0	0	0
9.939	1	1	994	10	1	24	1620	0	0	1
9.94	1	1	995	1	1	24	1620	0	0	0
9.94	1	1	995	1	1	24	1620	0	0	1
9.941	1	1	995	2	1	24	1620	0	0	0
9.941	1	1	995	2	1	24	1620	0	0	1
9.942	1	1	995	3	1	24	1620	0	0	0
9.943	1	1	995	4	1	24	1620	0	0	0
9.944	1	1	995	5	1	24	1620	0	0	0
9.945	1	1	995	6	1	24	1620	0	0	0
9.945	1	1	995	6	1	24	1620	0	0	1
9.946	1	1	995	7	1	24	1620	0	0	0
9.946	1	1	995	7	1	24	1620	0	0	1
9.947	1	1	995	8	1	24	1620	0	0	0
9.947	1	1	995	8	1	24	1620	0	0	1
9.948	1	1	995	9	1	24	1620	0	0	0
9.948	1	1	995	9	1	24	1620	0	0	1
9.949	1	1	995	10	1	24	1620	0	0	0
9.949	1	1	995	10	1	24	1620	0	0	1
9.95	1	1	996	1	1	24	1620	0	0	0
9.951	1	1	996	2	1	24	1620	0	0	0
9.951	1	1	996	2	1	24	1620	0	0	1
9.952	1	1	996	3	1	24	1620	0	0	0
9.952	1	1	996	3	1	24	1620	0	0	1
9.953	1	1	996	4	1	24	1620	0	0	0
9.953	1	1	996	4	1	24	1620	0	0	1
9.954	1	1	996	5	1	24	1620	0	0	0
9.954	1	1	996	5	1	24	1620	0	0	1
9.955	1	1	996	6	1	24	1620	0	0	0
9.955	1	1	996	6	1	24	1620	0	0	1
9.957	1	1	996	8	1	24	1620	0	0	0
9.957	1	1	996	8	1	24	1620	0	0	1
9.958	1	1	996	9	1	24	1620	0	0	0
9.958	1	1	996	9	1	24	1620	0	0	1
9.959	1	1	996	10	1	24	1620	0	0	0
9.96	1	1	997	1	1	24	1620	0	0	0
9.961	1	1	997	2	1	24	1620	0	0	0
9.961	1	1	997	2	1	24	1620	0	0	1
9.962	1	1	997	3	1	24	1620	0	0	0
9.963	1	1	997	4	1	24	1620	0	0	0
9.963	1	1	997	4	1	24	1620	0	0	1
9.964	1	1	997	5	1	24	1620	0	0	0
9.964	1	1	997	5	1	24	1620	0	0	1
9.965	1	1	997	6	1	24	1620	0	0	0
9.965	1	1	997	6	1	24	1620	0	0	1
9.967	1	1	997	8	1	22	1383	0	0	0
9.967	1	1	997	8	1	22	1383	0	0	1
9.968	1	1	997	9	1	22	1383	0	0	0
9.968	1	1	997	9	1	22	1383	0	0	1
9.969	1	1	997	10	1	22	1383	0	0	0
9.969	1	1	997	10	1	22	1383	0	0	1
9.97	1	1	998	1	1	22	1383	0	0	0
9.97	1	1	998	1	1	22	1383	0	0	1
9.971	1	1	998	2	1	22	1383	0	0	0
9.971	1	1	998	2	1	22	1383	0	0	1
9.972	1	1	998	3	1	22	1383	0	0	0
9.972	1	1	998	3	1	22	1383	0	0	1
9.973	1	1	998	4	1	22	1383	0	0	0
9.973	1	1	998	4	1	22	1383	0	0	1
9.974	1	1	998	5	1	22	1383	0	0	0
9.974	1	1	998	5	1	22	1383	0	0	1
9.975	1	1	998	6	1	22	1383	0	0	0
9.975	1	1	998	6	1	22	1383	0	0	1
9.976	1	1	998	7	1	20	1191	0	0	0
9.976	1	1	998	7	1	20	1191	0	0	1
9.977	1	1	998	8	1	20	1191	0	0	0
9.977	1	1	998	8	1	20	1191	0	0	1
9.978	1	1	998	9	1	20	1191	0	0	0
9.978	1	1	998	9	1	20	1191	0	0	1
9.979	1	1	998	10	1	20	1191	0	0	0
9.979	1	1	998	10	1	20	1191	0	0	1
9.98	1	1	999	1	1	20	1191	0	0	0
9.98	1	1	999	1	1	20	1191	0	0	1
9.981	1	1	999	2	1	20	1191	0	0	0
9.981	1	1	999	2	1	20	1191	0	0	1
9.982	1	1	999	3	1	18	967	0	0	0
9.982	1	1	999	3	1	18	967	0	0	1
9.983	1	1	999	4	1	18	967	0	0	0
9.983	1	1	999	4	1	18	967	0	0	1
9.985	1	1	999	6	1	18	967	0	0	0
9.985	1	1	999	6	1	18	967	0	0	1
9.986	1	1	999	7	1	18	967	0	0	0
9.986	1	1	999	7	1	18	967	0	0	1
9.987	1	1	999	8	1	18	967	0	0	0
9.987	1	1	999	8	1	18	967	0	0	1
9.988	1	1	999	9	1	18	967	0	0	0
9.988	1	1	999	9	1	18	967	0	0	1
9.989	1	1	999	10	1	18	967	0	0	0
9.989	1	1	999	10	1	18	967	0	0	1
9.99	1	1	1000	1	1	18	967	0	0	0
9.99	1	1	1000	1	1	18	967	0	0	1
9.991	1	1	1000	2	1	18	967	0	0	0
9.991	1	1	1000	2	1	18	967	0	0	1
9.992	1	1	1000	3	1	18	967	0	0	0
9.992	1	1	1000	3	1	18	967	0	0	1
9.993	1	1	1000	4	1	18	967	0	0	0
9.993	1	1	1000	4	1	18	967	0	0	1
9.994	1	1	1000	5	1	18	967	0	0	0
9.994	1	1	1000	5	1	18	967	0	0	1
9.995	1	1	1000	6	1	18	967	0	0	0
9.995	1	1	1000	6	1	18	967	0	0	1
9.996	1	1	1000	7	1	18	967	0	0	0
9.996	1	1	1000	7	1	18	967	0	0	1
9.997	1	1	1000	8	1	18	967	0	0	0
9.997	1	1	1000	8	1	18	967	0	0	1
9.998	1	1	1000	9	1	18	967	0	0	0
9.998	1	1	1000	9	1	18	967	0	0	1
9.999	1	1	1000	10	1	18	967	0	0	0
9.999	1	1	1000	10	1	18	967	0	0	1
