% start	end	CellId	IMSI	RNTI	LCID	nTxPDUs	TxBytes	nRxPDUs	RxBytes	delay	stdDev	min	max	PduSize	stdDev	min	max
0.1	0.15	1	1	6	4	49	36796	48	36611	0.003	0	0.003	0.003	762.729	600.163	60	2052	
0.1	0.15	1	2	4	4	31	36094	31	36094	0.003	0	0.003	0.003	1164.32	731.203	60	2196	
0.1	0.15	1	3	1	4	42	39392	38	34629	0.00318421	0.00113555	0.003	0.01	911.289	513.526	60	1692	
0.1	0.15	1	4	3	4	31	33653	29	31809	0.00324138	0.00129987	0.003	0.01	1096.86	581.204	60	2196	
0.1	0.15	1	5	2	4	49	40381	48	38329	0.003	0	0.003	0.003	798.521	607.982	60	2196	
0.15	0.2	1	1	6	4	39	40909	37	38803	0.00318919	0.00115079	0.003	0.01	1048.73	640.838	185	2196	
0.15	0.2	1	2	4	4	32	35154	30	33634	0.003	0	0.003	0.003	1121.13	495.834	185	2196	
0.15	0.2	1	3	1	4	41	38096	44	42674	0.003	0	0.003	0.003	969.864	607.444	149	2196	
0.15	0.2	1	4	3	4	29	35603	30	37074	0.00323333	0.00127802	0.003	0.01	1235.8	656.164	149	2196	
0.15	0.2	1	5	2	4	39	36868	39	36868	0.00371795	0.00215148	0.003	0.01	945.333	665.028	185	2196	
0.2	0.25	1	1	6	4	36	39352	39	41643	0.00335897	0.00156419	0.003	0.01	1067.77	737.723	133	2196	
0.2	0.25	1	2	4	4	29	36403	29	35714	0.00324138	0.00129987	0.003	0.01	1231.52	715.044	185	2196	
0.2	0.25	1	3	1	4	40	38744	40	37237	0.003	0	0.003	0.003	930.925	738.897	185	2196	
0.2	0.25	1	4	3	4	28	35390	28	34236	0.003	0	0.003	0.003	1222.71	672.389	185	2196	
0.2	0.25	1	5	2	4	39	38771	38	38442	0.003	0	0.003	0.003	1011.63	614.246	185	2196	
0.25	0.3	1	1	6	4	37	37759	36	37574	0.00319444	0.00116667	0.003	0.01	1043.72	652.668	149	2196	
0.25	0.3	1	2	4	4	27	34151	28	34164	0.003	0	0.003	0.003	1220.14	651.107	149	2196	
0.25	0.3	1	3	1	4	48	39279	46	36538	0.00315217	0.00103209	0.003	0.01	794.304	602.182	149	2196	
0.25	0.3	1	4	3	4	31	37185	31	37020	0.003	0	0.003	0.003	1194.19	662.919	185	2196	
0.25	0.3	1	5	2	4	41	40586	43	42967	0.00348837	0.00180439	0.003	0.01	999.233	709.515	185	2196	
0.3	0.35	1	1	6	4	45	41905	46	42090	0.003	0	0.003	0.003	915	724.293	185	2196	
0.3	0.35	1	2	4	4	30	39682	29	39256	0.00372414	0.00216954	0.003	0.01	1353.66	597.46	185	2196	
0.3	0.35	1	3	1	4	40	40100	42	44080	0.0035	0.00182463	0.003	0.01	1049.52	750.862	185	2196	
0.3	0.35	1	4	3	4	26	32393	25	33527	0.00328	0.0014	0.003	0.01	1341.08	711.916	185	2196	
0.3	0.35	1	5	2	4	35	40086	33	36198	0.00321212	0.00121854	0.003	0.01	1096.91	675.686	185	2196	
0.35	0.4	1	1	6	4	41	44084	37	40257	0.00337838	0.0016047	0.003	0.01	1088.03	713.281	149	2196	
0.35	0.4	1	2	4	4	28	32560	29	34997	0.003	0	0.003	0.003	1206.79	579.61	185	2052	
0.35	0.4	1	3	1	4	42	39298	43	39751	0.00316279	0.00106749	0.003	0.01	924.442	767.11	185	2196	
0.35	0.4	1	4	3	4	30	39950	30	38940	0.003	0	0.003	0.003	1298	583.186	185	2196	
0.35	0.4	1	5	2	4	44	36648	44	40166	0.00315909	0.00105529	0.003	0.01	912.864	721.403	185	2196	
0.4	0.45	1	1	6	4	38	37950	40	40279	0.00335	0.00154505	0.003	0.01	1006.98	624.209	149	2196	
0.4	0.45	1	2	4	4	33	39057	32	37365	0.00321875	0.00123744	0.003	0.01	1167.66	651.069	149	2052	
0.4	0.45	1	3	1	4	42	40069	38	36573	0.003	0	0.003	0.003	962.447	761.32	185	2196	
0.4	0.45	1	4	3	4	23	32738	25	34306	0.00328	0.0014	0.003	0.01	1372.24	606.179	185	2196	
0.4	0.45	1	5	2	4	40	42399	40	40892	0.003175	0.0011068	0.003	0.01	1022.3	723.37	185	2196	
0.45	0.5	1	1	6	4	38	41634	38	41067	0.00318421	0.00113555	0.003	0.01	1080.71	723.709	185	2196	
0.45	0.5	1	2	4	4	30	36593	30	36085	0.00323333	0.00127802	0.003	0.01	1202.83	723.71	149	2196	
0.45	0.5	1	3	1	4	38	37001	40	36969	0.003525	0.00186723	0.003	0.01	924.225	725.095	185	2196	
0.45	0.5	1	4	3	4	32	36352	32	36352	0.003	0	0.003	0.003	1136	657.338	185	2196	
0.45	0.5	1	5	2	4	35	35598	36	37290	0.00319444	0.00116667	0.003	0.01	1035.83	676.915	185	2196	
0.5	0.55	1	1	6	4	37	40293	38	41263	0.00318421	0.00113555	0.003	0.01	1085.87	691.83	149	2196	
0.5	0.55	1	2	4	4	30	35774	31	36680	0.003	0	0.003	0.003	1183.23	644.597	185	2196	
0.5	0.55	1	3	1	4	44	41448	43	42601	0.00316279	0.00106749	0.003	0.01	990.721	695.96	133	2196	
0.5	0.55	1	4	3	4	32	39100	31	36904	0.003	0	0.003	0.003	1190.45	687.652	185	2196	
0.5	0.55	1	5	2	4	40	41336	40	40426	0.00335	0.00154505	0.003	0.01	1010.65	587.627	185	2196	
0.55	0.6	1	1	6	4	39	41815	40	42910	0.003	0	0.003	0.003	1072.75	593	185	2196	
0.55	0.6	1	2	4	4	28	37981	28	37264	0.003	0	0.003	0.003	1330.86	742.034	185	2196	
0.55	0.6	1	3	1	4	37	37534	37	37343	0.003	0	0.003	0.003	1009.27	655.069	185	2196	
0.55	0.6	1	4	3	4	27	34308	27	34812	0.003	0	0.003	0.003	1289.33	695.74	185	2196	
0.55	0.6	1	5	2	4	39	40733	39	39632	0.00335897	0.00156419	0.003	0.01	1016.21	704.053	185	2196	
0.6	0.65	1	1	6	4	35	41443	33	41109	0.003	0	0.003	0.003	1245.73	711.149	149	2196	
0.6	0.65	1	2	4	4	28	38234	28	38234	0.003	0	0.003	0.003	1365.5	741.033	185	2196	
0.6	0.65	1	3	1	4	34	41045	36	42548	0.00319444	0.00116667	0.003	0.01	1181.89	805.23	185	2196	
0.6	0.65	1	4	3	4	27	41724	26	40285	0.003	0	0.003	0.003	1549.42	688.745	149	2196	
0.6	0.65	1	5	2	4	43	45987	41	43674	0.003	0	0.003	0.003	1065.22	709.21	185	2196	
0.65	0.7	1	1	6	4	43	41588	43	41016	0.00332558	0.00149158	0.003	0.01	953.86	657.319	149	2196	
0.65	0.7	1	2	4	4	25	33485	25	33845	0.00328	0.0014	0.003	0.01	1353.8	681.606	185	2196	
0.65	0.7	1	3	1	4	42	43364	41	40683	0.00317073	0.00109322	0.003	0.01	992.268	550.534	133	1836	
0.65	0.7	1	4	3	4	30	36078	31	37826	0.00322581	0.00125724	0.003	0.01	1220.19	774.181	183	2196	
0.65	0.7	1	5	2	4	38	37208	39	41383	0.00335897	0.00156419	0.003	0.01	1061.1	657.028	149	2196	
0.7	0.75	1	1	6	4	37	43394	37	40772	0.00337838	0.0016047	0.003	0.01	1101.95	614.002	185	2196	
0.7	0.75	1	2	4	4	29	39449	28	38327	0.003	0	0.003	0.003	1368.82	565.596	185	2052	
0.7	0.75	1	3	1	4	38	35717	40	39461	0.003	0	0.003	0.003	986.525	595.626	185	2052	
0.7	0.75	1	4	3	4	33	33836	32	34849	0.00321875	0.00123744	0.003	0.01	1089.03	732.209	185	2196	
0.7	0.75	1	5	2	4	45	40618	46	40403	0.00315217	0.00103209	0.003	0.01	878.326	627.576	149	2196	
0.75	0.8	1	1	6	4	34	38217	36	41745	0.00377778	0.00223109	0.003	0.01	1159.58	697.859	149	2196	
0.75	0.8	1	2	4	4	30	36136	30	37972	0.00323333	0.00127802	0.003	0.01	1265.73	592.474	185	2052	
0.75	0.8	1	3	1	4	35	37788	33	36220	0.003	0	0.003	0.003	1097.58	729.688	185	2196	
0.75	0.8	1	4	3	4	33	37484	33	34848	0.00321212	0.00121854	0.003	0.01	1056	666.632	185	2196	
0.75	0.8	1	5	2	4	45	41870	44	40391	0.00331818	0.00147495	0.003	0.01	917.977	730.274	149	2196	
0.8	0.85	1	1	6	4	40	43636	39	43451	0.003	0	0.003	0.003	1114.13	670.206	185	2196	
0.8	0.85	1	2	4	4	32	37640	32	35900	0.003	0	0.003	0.003	1121.88	685.43	185	2196	
0.8	0.85	1	3	1	4	46	42016	44	40005	0.003	0	0.003	0.003	909.205	716.692	185	2196	
0.8	0.85	1	4	3	4	28	36706	30	39712	0.003	0	0.003	0.003	1323.73	589.023	185	2196	
0.8	0.85	1	5	2	4	35	38126	35	38490	0.0036	0.0019882	0.003	0.01	1099.71	700.759	185	2196	
0.85	0.9	1	1	6	4	39	36998	40	37183	0.003525	0.00186723	0.003	0.01	929.575	651.627	133	2196	
0.85	0.9	1	2	4	4	29	37163	29	38365	0.00324138	0.00129987	0.003	0.01	1322.93	631.053	185	2196	
0.85	0.9	1	3	1	4	47	41222	49	42564	0.003	0	0.003	0.003	868.653	617.237	185	2196	
0.85	0.9	1	4	3	4	30	36847	28	34406	0.003	0	0.003	0.003	1228.79	567.644	185	2196	
0.85	0.9	1	5	2	4	49	42285	48	41743	0.003	0	0.003	0.003	869.646	643.407	133	2052	
0.9	0.95	1	1	6	4	37	41194	36	39955	0.003	0	0.003	0.003	1109.86	742.956	185	2196	
0.9	0.95	1	2	4	4	28	36826	28	36029	0.00325	0.00132288	0.003	0.01	1286.75	566.965	185	2052	
0.9	0.95	1	3	1	4	45	40646	44	39331	0.00315909	0.00105529	0.003	0.01	893.886	740.264	185	2196	
0.9	0.95	1	4	3	4	31	37994	33	40435	0.003	0	0.003	0.003	1225.3	722.446	185	2196	
0.9	0.95	1	5	2	4	48	39902	50	41923	0.00314	0.000989949	0.003	0.01	838.46	618.946	149	2196	
0.95	1	1	1	6	4	36	41951	37	43190	0.003	0	0.003	0.003	1167.3	640.906	185	2196	
0.95	1	1	2	4	4	30	38718	31	38979	0.003	0	0.003	0.003	1257.39	494.639	185	2052	
0.95	1	1	3	1	4	45	39620	46	39860	0.00315217	0.00103209	0.003	0.01	866.522	634.394	185	2196	
0.95	1	1	4	3	4	28	33501	27	31665	0.00325926	0.00134715	0.003	0.01	1172.78	731.734	185	2196	
0.95	1	1	5	2	4	41	38725	38	36304	0.00318421	0.00113555	0.003	0.01	955.368	588.034	185	2052	
1	1.05	1	1	6	4	37	40999	36	39520	0.00319444	0.00116667	0.003	0.01	1097.78	666.168	185	2196	
1	1.05	1	2	4	4	27	33702	28	35898	0.003	0	0.003	0.003	1282.07	716.016	185	2196	
1	1.05	1	3	1	4	43	42328	41	40126	0.003	0	0.003	0.003	978.683	779.664	185	2196	
1	1.05	1	4	3	4	28	37367	28	37367	0.003	0	0.003	0.003	1334.54	608.794	185	2196	
1	1.05	1	5	2	4	43	42259	47	44865	0.00344681	0.00172965	0.003	0.01	954.574	622.398	185	2196	
1.05	1.1	1	1	6	4	41	43582	38	38005	0.00373684	0.00217708	0.003	0.01	1000.13	762.155	185	2196	
1.05	1.1	1	2	4	4	32	36227	32	36227	0.003	0	0.003	0.003	1132.09	581.987	185	2196	
1.05	1.1	1	3	1	4	36	38616	36	42286	0.003	0	0.003	0.003	1174.61	709.759	185	2196	
1.05	1.1	1	4	3	4	27	33681	28	35517	0.00325	0.00132288	0.003	0.01	1268.46	602.537	185	2196	
1.05	1.1	1	5	2	4	37	40630	36	38938	0.00319444	0.00116667	0.003	0.01	1081.61	691.902	185	2196	
1.1	1.15	1	1	6	4	34	37410	38	44466	0.003	0	0.003	0.003	1170.16	651.831	149	2196	
1.1	1.15	1	2	4	4	36	36653	36	36653	0.003	0	0.003	0.003	1018.14	670.629	149	2052	
1.1	1.15	1	3	1	4	35	38723	35	35656	0.003	0	0.003	0.003	1018.74	681.14	185	2196	
1.1	1.15	1	4	3	4	34	36492	32	34111	0.0034375	0.00172154	0.003	0.01	1065.97	605.827	185	2196	
1.1	1.15	1	5	2	4	45	41162	44	42120	0.00331818	0.00147495	0.003	0.01	957.273	707.129	185	2196	
1.15	1.2	1	1	6	4	33	41434	33	41434	0.00384848	0.00232004	0.003	0.01	1255.58	662.597	149	2196	
1.15	1.2	1	2	4	4	32	41844	29	37079	0.003	0	0.003	0.003	1278.59	680.681	185	2196	
1.15	1.2	1	3	1	4	43	40859	45	41378	0.00331111	0.00145886	0.003	0.01	919.511	660.049	185	2196	
1.15	1.2	1	4	3	4	26	33419	28	35800	0.0035	0.00183586	0.003	0.01	1278.57	659.679	185	2196	
1.15	1.2	1	5	2	4	38	37565	40	38299	0.003525	0.00186723	0.003	0.01	957.475	659.995	185	2196	
1.2	1.25	1	1	6	4	38	42484	36	40103	0.003	0	0.003	0.003	1113.97	707.284	185	2052	
1.2	1.25	1	2	4	4	28	33330	29	35681	0.00348276	0.00180517	0.003	0.01	1230.38	725.299	185	2196	
1.2	1.25	1	3	1	4	33	37478	35	41870	0.003	0	0.003	0.003	1196.29	737.871	185	2196	
1.2	1.25	1	4	3	4	33	39629	32	38566	0.003	0	0.003	0.003	1205.19	664.702	149	2196	
1.2	1.25	1	5	2	4	50	44186	49	41990	0.00328571	0.0013994	0.003	0.01	856.939	681.553	185	2196	
1.25	1.3	1	1	6	4	38	38725	38	39438	0.00318421	0.00113555	0.003	0.01	1037.84	694.427	149	2196	
1.25	1.3	1	2	4	4	29	36633	30	37904	0.0037	0.0021359	0.003	0.01	1263.47	648.577	185	2196	
1.25	1.3	1	3	1	4	38	41599	37	40312	0.00318919	0.00115079	0.003	0.01	1089.51	613.902	185	2196	
1.25	1.3	1	4	3	4	26	34665	25	33519	0.003	0	0.003	0.003	1340.76	654.537	185	2196	
1.25	1.3	1	5	2	4	41	38083	41	39184	0.00317073	0.00109322	0.003	0.01	955.707	645.541	185	2196	
1.3	1.35	1	1	6	4	38	42819	40	44487	0.003	0	0.003	0.003	1112.17	718.588	185	2196	
1.3	1.35	1	2	4	4	32	36709	31	35427	0.00322581	0.00125724	0.003	0.01	1142.81	629.823	185	2196	
1.3	1.35	1	3	1	4	37	38703	36	36750	0.00338889	0.00162617	0.003	0.01	1020.83	647.646	185	2196	
1.3	1.35	1	4	3	4	29	37727	29	38416	0.003	0	0.003	0.003	1324.69	666.582	185	2196	
1.3	1.35	1	5	2	4	37	38798	37	39520	0.00318919	0.00115079	0.003	0.01	1068.11	592.681	185	2196	
1.35	1.4	1	1	6	4	39	38886	36	37205	0.00338889	0.00162617	0.003	0.01	1033.47	653.481	149	2196	
1.35	1.4	1	2	4	4	32	38951	32	38807	0.00365625	0.00207301	0.003	0.01	1212.72	566.353	185	2196	
1.35	1.4	1	3	1	4	42	37004	41	37017	0.003	0	0.003	0.003	902.854	693.809	185	2196	
1.35	1.4	1	4	3	4	31	34357	33	35877	0.00342424	0.00169614	0.003	0.01	1087.18	606.877	185	2196	
1.35	1.4	1	5	2	4	42	41344	42	41344	0.00333333	0.00150878	0.003	0.01	984.381	707.259	185	2196	
1.4	1.45	1	1	6	4	34	42070	35	42279	0.003	0	0.003	0.003	1207.97	611.373	149	2196	
1.4	1.45	1	2	4	4	28	35677	29	36554	0.00324138	0.00129987	0.003	0.01	1260.48	651.191	185	2196	
1.4	1.45	1	3	1	4	46	40193	49	43420	0.00328571	0.0013994	0.003	0.01	886.122	673.867	185	2196	
1.4	1.45	1	4	3	4	31	39357	30	37161	0.003	0	0.003	0.003	1238.7	704.167	185	2196	
1.4	1.45	1	5	2	4	38	39273	37	37091	0.003	0	0.003	0.003	1002.46	724.265	185	2196	
1.45	1.5	1	1	6	4	36	42496	35	39835	0.0034	0.00164853	0.003	0.01	1138.14	638.512	185	2052	
1.45	1.5	1	2	4	4	27	35520	27	36839	0.003	0	0.003	0.003	1364.41	655.377	185	2196	
1.45	1.5	1	3	1	4	44	41517	42	41147	0.00316667	0.00108012	0.003	0.01	979.69	746.312	149	2196	
1.45	1.5	1	4	3	4	29	37756	28	37931	0.00325	0.00132288	0.003	0.01	1354.68	710.296	185	2196	
1.45	1.5	1	5	2	4	42	40893	43	41969	0.003	0	0.003	0.003	976.023	675.339	133	2196	
1.5	1.55	1	1	6	4	37	41505	38	43257	0.00318421	0.00113555	0.003	0.01	1138.34	712.267	185	2196	
1.5	1.55	1	2	4	4	30	41002	30	39539	0.003	0	0.003	0.003	1317.97	780.23	185	2196	
1.5	1.55	1	3	1	4	38	38592	40	38962	0.00335	0.00154505	0.003	0.01	974.05	675.09	185	2196	
1.5	1.55	1	4	3	4	27	34277	27	35740	0.003	0	0.003	0.003	1323.7	741.461	185	2196	
1.5	1.55	1	5	2	4	36	43969	35	41344	0.0032	0.00118322	0.003	0.01	1181.26	681.819	185	2196	
1.55	1.6	1	1	6	4	39	39330	41	41711	0.003	0	0.003	0.003	1017.34	751.063	149	2196	
1.55	1.6	1	2	4	4	26	34212	26	35863	0.003	0	0.003	0.003	1379.35	652.52	185	2196	
1.55	1.6	1	3	1	4	39	40919	36	38160	0.003	0	0.003	0.003	1060	692.157	185	2196	
1.55	1.6	1	4	3	4	32	38297	32	37933	0.003	0	0.003	0.003	1185.41	752.686	185	2196	
1.55	1.6	1	5	2	4	40	40812	38	39874	0.00318421	0.00113555	0.003	0.01	1049.32	695.261	185	2196	
1.6	1.65	1	1	6	4	42	44295	40	42058	0.003175	0.0011068	0.003	0.01	1051.45	733.839	149	2196	
1.6	1.65	1	2	4	4	26	40297	26	38430	0.003	0	0.003	0.003	1478.08	797.853	185	2196	
1.6	1.65	1	3	1	4	43	39747	45	42321	0.003	0	0.003	0.003	940.467	679.138	185	2196	
1.6	1.65	1	4	3	4	28	37244	30	38166	0.00323333	0.00127802	0.003	0.01	1272.2	797	185	2196	
1.6	1.65	1	5	2	4	39	41523	41	42173	0.00317073	0.00109322	0.003	0.01	1028.61	729.285	75	2196	
1.65	1.7	1	1	6	4	37	41864	39	44101	0.00317949	0.0011209	0.003	0.01	1130.79	684.885	185	2196	
1.65	1.7	1	2	4	4	27	35794	27	36154	0.003	0	0.003	0.003	1339.04	627.165	133	2196	
1.65	1.7	1	3	1	4	37	42470	36	40274	0.003	0	0.003	0.003	1118.72	797.116	185	2196	
1.65	1.7	1	4	3	4	29	36776	28	34724	0.00325	0.00132288	0.003	0.01	1240.14	746.602	185	2196	
1.65	1.7	1	5	2	4	36	40434	36	42805	0.00319444	0.00116667	0.003	0.01	1189.03	847.448	149	2196	
1.7	1.75	1	1	6	4	41	40598	39	37640	0.00317949	0.0011209	0.003	0.01	965.128	699.31	149	2196	
1.7	1.75	1	2	4	4	26	35684	27	37376	0.00325926	0.00134715	0.003	0.01	1384.3	526.049	185	2052	
1.7	1.75	1	3	1	4	35	41870	35	42330	0.0032	0.00118322	0.003	0.01	1209.43	671.653	185	2196	
1.7	1.75	1	4	3	4	28	39602	28	40127	0.003	0	0.003	0.003	1433.11	606.776	185	2196	
1.7	1.75	1	5	2	4	35	38789	35	39312	0.003	0	0.003	0.003	1123.2	694.56	185	2196	
1.75	1.8	1	1	6	4	40	39583	42	42541	0.003	0	0.003	0.003	1012.88	714.303	149	2196	
1.75	1.8	1	2	4	4	34	35940	32	34842	0.00321875	0.00123744	0.003	0.01	1088.81	547.481	185	2052	
1.75	1.8	1	3	1	4	36	38684	36	40235	0.003	0	0.003	0.003	1117.64	697.499	185	2196	
1.75	1.8	1	4	3	4	34	35832	33	35489	0.00321212	0.00121854	0.003	0.01	1075.42	528.723	149	2196	
1.75	1.8	1	5	2	4	41	44056	39	42622	0.003	0	0.003	0.003	1092.87	669.815	185	2196	
1.8	1.85	1	1	6	4	41	43031	38	39462	0.003	0	0.003	0.003	1038.47	638.531	185	2196	
1.8	1.85	1	2	4	4	33	39659	34	39470	0.003	0	0.003	0.003	1160.88	665.898	185	2196	
1.8	1.85	1	3	1	4	36	36780	36	36780	0.003	0	0.003	0.003	1021.67	686.036	185	2196	
1.8	1.85	1	4	3	4	28	35395	28	35244	0.003	0	0.003	0.003	1258.71	709.152	185	2196	
1.8	1.85	1	5	2	4	39	40175	43	43107	0.003	0	0.003	0.003	1002.49	634.401	185	2196	
1.85	1.9	1	1	6	4	43	40485	44	40883	0.00315909	0.00105529	0.003	0.01	929.159	645.32	185	1836	
1.85	1.9	1	2	4	4	29	35116	28	34835	0.003	0	0.003	0.003	1244.11	583.741	185	2196	
1.85	1.9	1	3	1	4	42	41250	44	41620	0.003	0	0.003	0.003	945.909	544.031	133	1836	
1.85	1.9	1	4	3	4	32	39151	34	41172	0.003	0	0.003	0.003	1210.94	707.724	185	2196	
1.85	1.9	1	5	2	4	46	39932	42	36902	0.003	0	0.003	0.003	878.619	722.896	183	2196	
1.9	1.95	1	1	6	4	35	39863	36	42849	0.00319444	0.00116667	0.003	0.01	1190.25	749.841	185	2196	
1.9	1.95	1	2	4	4	25	37495	26	38514	0.00380769	0.00228069	0.003	0.01	1481.31	742.171	185	2196	
1.9	1.95	1	3	1	4	44	40998	43	39306	0.003	0	0.003	0.003	914.093	714.858	185	2196	
1.9	1.95	1	4	3	4	26	36429	25	34809	0.003	0	0.003	0.003	1392.36	724.827	185	2196	
1.9	1.95	1	5	2	4	30	42977	31	42287	0.003	0	0.003	0.003	1364.1	695.038	149	2196	
1.95	2	1	1	6	4	40	43475	40	42911	0.003175	0.0011068	0.003	0.01	1072.77	684.093	185	2196	
1.95	2	1	2	4	4	28	39923	27	38091	0.003	0	0.003	0.003	1410.78	694.555	185	2196	
1.95	2	1	3	1	4	47	42349	45	39127	0.00331111	0.00145886	0.003	0.01	869.489	747.106	185	2196	
1.95	2	1	4	3	4	29	36400	30	38020	0.003	0	0.003	0.003	1267.33	699.429	149	2196	
1.95	2	1	5	2	4	36	39154	39	42874	0.003	0	0.003	0.003	1099.33	699.683	149	2196	
2	2.05	1	1	6	4	41	41505	40	40064	0.003	0	0.003	0.003	1001.6	705.41	185	2196	
2	2.05	1	2	4	4	30	35798	32	38179	0.003	0	0.003	0.003	1193.09	586.151	185	2196	
2	2.05	1	3	1	4	32	35217	33	37941	0.00321212	0.00121854	0.003	0.01	1149.73	679.107	185	2196	
2	2.05	1	4	3	4	31	37064	31	37064	0.003	0	0.003	0.003	1195.61	767.496	149	2196	
2	2.05	1	5	2	4	43	42600	41	38208	0.00317073	0.00109322	0.003	0.01	931.902	759.071	149	2196	
2.05	2.1	1	1	6	4	34	37149	32	36655	0.003	0	0.003	0.003	1145.47	620.369	185	2196	
2.05	2.1	1	2	4	4	29	37160	28	36065	0.00325	0.00132288	0.003	0.01	1288.04	518.071	185	2196	
2.05	2.1	1	3	1	4	47	44137	47	43897	0.00329787	0.00142821	0.003	0.01	933.979	676.814	185	2196	
2.05	2.1	1	4	3	4	28	36567	27	34515	0.003	0	0.003	0.003	1278.33	692.761	185	2196	
2.05	2.1	1	5	2	4	34	36641	34	37361	0.00341176	0.00167183	0.003	0.01	1098.85	741.421	185	2196	
2.1	2.15	1	1	6	4	38	40700	39	40250	0.00335897	0.00156419	0.003	0.01	1032.05	703.55	185	2196	
2.1	2.15	1	2	4	4	36	36840	35	36511	0.0032	0.00118322	0.003	0.01	1043.17	653.999	185	2196	
2.1	2.15	1	3	1	4	30	35189	32	37619	0.00321875	0.00123744	0.003	0.01	1175.59	721.059	149	2196	
2.1	2.15	1	4	3	4	31	34858	30	35412	0.003	0	0.003	0.003	1180.4	696.301	149	2196	
2.1	2.15	1	5	2	4	48	42644	48	44088	0.00329167	0.00141359	0.003	0.01	918.5	685.1	185	2196	
2.15	2.2	1	1	6	4	45	41146	48	44280	0.0034375	0.00171236	0.003	0.01	922.5	696.536	149	2196	
2.15	2.2	1	2	4	4	31	36862	31	36288	0.00322581	0.00125724	0.003	0.01	1170.58	783.133	185	2196	
2.15	2.2	1	3	1	4	44	40734	40	37742	0.003175	0.0011068	0.003	0.01	943.55	653.155	185	2196	
2.15	2.2	1	4	3	4	28	35236	30	36734	0.00323333	0.00127802	0.003	0.01	1224.47	586.648	185	2052	
2.15	2.2	1	5	2	4	43	37631	41	36727	0.00317073	0.00109322	0.003	0.01	895.78	602.602	185	2196	
2.2	2.25	1	1	6	4	51	39311	49	38035	0.00328571	0.0013994	0.003	0.01	776.224	526.716	133	2196	
2.2	2.25	1	2	4	4	31	34607	33	36605	0.00384848	0.00232004	0.003	0.01	1109.24	611.503	185	2196	
2.2	2.25	1	3	1	4	41	38853	43	39636	0.003	0	0.003	0.003	921.767	613.786	149	2196	
2.2	2.25	1	4	3	4	34	37381	32	34018	0.00321875	0.00123744	0.003	0.01	1063.06	629.849	185	2052	
2.2	2.25	1	5	2	4	38	39757	41	41794	0.003	0	0.003	0.003	1019.37	714.024	185	2196	
2.25	2.3	1	1	6	4	35	42264	35	41475	0.0032	0.00118322	0.003	0.01	1185	623.391	185	2196	
2.25	2.3	1	2	4	4	31	35939	30	34103	0.00323333	0.00127802	0.003	0.01	1136.77	619.451	185	2052	
2.25	2.3	1	3	1	4	35	38644	35	40119	0.0032	0.00118322	0.003	0.01	1146.26	845.094	185	2196	
2.25	2.3	1	4	3	4	32	36220	33	38056	0.003	0	0.003	0.003	1153.21	695.675	185	2196	
2.25	2.3	1	5	2	4	34	41816	33	40846	0.003	0	0.003	0.003	1237.76	768.194	185	2196	
2.3	2.35	1	1	6	4	38	40840	38	40840	0.00318421	0.00113555	0.003	0.01	1074.74	672.813	185	2196	
2.3	2.35	1	2	4	4	29	35590	28	36118	0.003	0	0.003	0.003	1289.93	652.228	185	2196	
2.3	2.35	1	3	1	4	46	44030	47	44579	0.00314894	0.00102105	0.003	0.01	948.489	709.224	149	2196	
2.3	2.35	1	4	3	4	30	36745	29	35996	0.003	0	0.003	0.003	1241.24	670.423	185	2196	
2.3	2.35	1	5	2	4	37	40136	37	39456	0.00318919	0.00115079	0.003	0.01	1066.38	697.017	185	2196	
2.35	2.4	1	1	6	4	38	39226	38	38722	0.00336842	0.00158406	0.003	0.01	1019	656.09	185	2052	
2.35	2.4	1	2	4	4	35	36784	36	36256	0.00319444	0.00116667	0.003	0.01	1007.11	635.622	185	2052	
2.35	2.4	1	3	1	4	43	37415	42	36478	0.00333333	0.00150878	0.003	0.01	868.524	766.228	185	2196	
2.35	2.4	1	4	3	4	32	36483	33	37376	0.003	0	0.003	0.003	1132.61	644.433	185	2196	
2.35	2.4	1	5	2	4	40	41131	40	41062	0.003175	0.0011068	0.003	0.01	1026.55	699.978	113	2196	
2.4	2.45	1	1	6	4	47	39063	48	41083	0.00358333	0.00195517	0.003	0.01	855.896	615.16	149	2196	
2.4	2.45	1	2	4	4	32	35334	31	36072	0.003	0	0.003	0.003	1163.61	577.116	185	2196	
2.4	2.45	1	3	1	4	39	37053	41	38175	0.00351219	0.00184556	0.003	0.01	931.098	646.064	185	2052	
2.4	2.45	1	4	3	4	27	37087	26	35086	0.00353846	0.00190223	0.003	0.01	1349.46	595.975	373	2196	
2.4	2.45	1	5	2	4	43	40713	43	39639	0.00316279	0.00106749	0.003	0.01	921.837	649.493	185	2196	
2.45	2.5	1	1	6	4	39	42876	36	38545	0.00319444	0.00116667	0.003	0.01	1070.69	617.004	185	2196	
2.45	2.5	1	2	4	4	33	34657	34	35206	0.003	0	0.003	0.003	1035.47	624.574	185	2196	
2.45	2.5	1	3	1	4	36	39492	36	39492	0.003	0	0.003	0.003	1097	753.474	149	2196	
2.45	2.5	1	4	3	4	26	35211	26	36367	0.00380769	0.00228069	0.003	0.01	1398.73	483.962	373	2196	
2.45	2.5	1	5	2	4	32	35852	34	39740	0.00320588	0.00120049	0.003	0.01	1168.82	678.342	185	2196	
2.5	2.55	1	1	6	4	32	37568	32	37784	0.003	0	0.003	0.003	1180.75	683.136	185	2196	
2.5	2.55	1	2	4	4	27	39065	27	37562	0.003	0	0.003	0.003	1391.19	502.833	373	2196	
2.5	2.55	1	3	1	4	35	39291	35	39291	0.0032	0.00118322	0.003	0.01	1122.6	740.739	149	2196	
2.5	2.55	1	4	3	4	29	34269	30	36312	0.003	0	0.003	0.003	1210.4	694.424	185	2196	
2.5	2.55	1	5	2	4	44	42327	41	40310	0.00317073	0.00109322	0.003	0.01	983.171	659.698	149	2052	
2.55	2.6	1	1	6	4	40	39973	44	44637	0.00315909	0.00105529	0.003	0.01	1014.48	673.545	185	2196	
2.55	2.6	1	2	4	4	23	34341	24	36393	0.003	0	0.003	0.003	1516.38	535.865	301	2196	
2.55	2.6	1	3	1	4	40	42545	38	38153	0.00318421	0.00113555	0.003	0.01	1004.03	758.802	149	2196	
2.55	2.6	1	4	3	4	32	39728	32	38434	0.003	0	0.003	0.003	1201.06	731.599	185	2196	
2.55	2.6	1	5	2	4	37	41691	38	41327	0.003	0	0.003	0.003	1087.55	731.526	185	2196	
2.6	2.65	1	1	6	4	33	40730	30	37971	0.003	0	0.003	0.003	1265.7	622.015	185	2196	
2.6	2.65	1	2	4	4	28	37797	27	36177	0.003	0	0.003	0.003	1339.89	725.983	185	2196	
2.6	2.65	1	3	1	4	38	39127	39	41467	0.00317949	0.0011209	0.003	0.01	1063.26	794.756	149	2196	
2.6	2.65	1	4	3	4	27	32273	27	33567	0.00351852	0.00186816	0.003	0.01	1243.22	640.103	133	2196	
2.6	2.65	1	5	2	4	32	41000	33	43196	0.003	0	0.003	0.003	1308.97	833.813	185	2196	
2.65	2.7	1	1	6	4	36	38370	38	40194	0.003	0	0.003	0.003	1057.74	703.527	185	2196	
2.65	2.7	1	2	4	4	27	34996	27	34564	0.00351852	0.00186816	0.003	0.01	1280.15	658.748	185	2196	
2.65	2.7	1	3	1	4	34	38365	35	40417	0.003	0	0.003	0.003	1154.77	736.361	185	2196	
2.65	2.7	1	4	3	4	33	37747	33	35736	0.003	0	0.003	0.003	1082.91	533.296	185	1692	
2.65	2.7	1	5	2	4	42	38314	40	35407	0.003	0	0.003	0.003	885.175	727.164	149	2196	
2.7	2.75	1	1	6	4	48	41651	44	38804	0.00315909	0.00105529	0.003	0.01	881.909	639.091	149	2196	
2.7	2.75	1	2	4	4	28	36388	27	35056	0.003	0	0.003	0.003	1298.37	702.573	185	2196	
2.7	2.75	1	3	1	4	34	39533	34	39533	0.003	0	0.003	0.003	1162.74	573.241	185	2196	
2.7	2.75	1	4	3	4	30	34372	31	36568	0.00322581	0.00125724	0.003	0.01	1179.61	599.807	185	2196	
2.7	2.75	1	5	2	4	40	40120	41	41312	0.00351219	0.00184556	0.003	0.01	1007.61	651.607	185	2196	
2.75	2.8	1	1	6	4	40	41004	43	42916	0.00348837	0.00180439	0.003	0.01	998.047	684.684	185	2196	
2.75	2.8	1	2	4	4	30	34460	32	37844	0.00321875	0.00123744	0.003	0.01	1182.62	604.099	185	2196	
2.75	2.8	1	3	1	4	38	39936	34	36848	0.003	0	0.003	0.003	1083.76	730.448	185	2196	
2.75	2.8	1	4	3	4	33	35066	32	34693	0.003	0	0.003	0.003	1084.16	578.904	149	2196	
2.75	2.8	1	5	2	4	44	42908	44	42618	0.00331818	0.00147495	0.003	0.01	968.591	745.932	185	2196	
2.8	2.85	1	1	6	4	40	41764	38	39516	0.00336842	0.00158406	0.003	0.01	1039.89	594.834	149	2196	
2.8	2.85	1	2	4	4	30	37254	27	35269	0.003	0	0.003	0.003	1306.26	586.545	373	2196	
2.8	2.85	1	3	1	4	40	39995	44	43083	0.003	0	0.003	0.003	979.159	699.423	185	2196	
2.8	2.85	1	4	3	4	31	38601	31	37282	0.003	0	0.003	0.003	1202.65	638.814	373	2196	
2.8	2.85	1	5	2	4	37	37347	36	38618	0.00319444	0.00116667	0.003	0.01	1072.72	712.885	133	2196	
2.85	2.9	1	1	6	4	30	38699	32	40580	0.00321875	0.00123744	0.003	0.01	1268.12	778.52	185	2196	
2.85	2.9	1	2	4	4	30	40194	33	42179	0.00342424	0.00169614	0.003	0.01	1278.15	729.885	185	2196	
2.85	2.9	1	3	1	4	37	40420	37	40420	0.003	0	0.003	0.003	1092.43	819.628	185	2196	
2.85	2.9	1	4	3	4	34	37251	33	34839	0.003	0	0.003	0.003	1055.73	715.856	185	2196	
2.85	2.9	1	5	2	4	37	41647	37	40813	0.003	0	0.003	0.003	1103.05	756.247	185	2196	
2.9	2.95	1	1	6	4	37	40388	37	39814	0.003	0	0.003	0.003	1076.05	721.168	149	2196	
2.9	2.95	1	2	4	4	28	33334	27	32785	0.003	0	0.003	0.003	1214.26	730.774	185	2196	
2.9	2.95	1	3	1	4	38	47993	38	47993	0.003	0	0.003	0.003	1262.97	767.732	185	2196	
2.9	2.95	1	4	3	4	28	35034	30	39138	0.003	0	0.003	0.003	1304.6	515.243	185	2052	
2.9	2.95	1	5	2	4	37	41755	38	39116	0.00318421	0.00113555	0.003	0.01	1029.37	755.661	185	2196	
2.95	3	1	1	6	4	42	42386	42	42628	0.003	0	0.003	0.003	1014.95	623.366	185	2196	
2.95	3	1	2	4	4	31	40692	30	37353	0.003	0	0.003	0.003	1245.1	673.601	185	2196	
2.95	3	1	3	1	4	35	37714	35	37714	0.003	0	0.003	0.003	1077.54	608.22	185	2196	
2.95	3	1	4	3	4	29	37238	27	34857	0.003	0	0.003	0.003	1291	506.436	185	2052	
2.95	3	1	5	2	4	41	40669	42	43225	0.00316667	0.00108012	0.003	0.01	1029.17	727.359	185	2196	
3	3.05	1	1	6	4	40	39467	40	40728	0.003175	0.0011068	0.003	0.01	1018.2	735.261	185	2196	
3	3.05	1	2	4	4	30	34194	30	36726	0.003	0	0.003	0.003	1224.2	642.529	185	2196	
3	3.05	1	3	1	4	41	41243	39	38429	0.00317949	0.0011209	0.003	0.01	985.359	718.571	185	2196	
3	3.05	1	4	3	4	30	37708	29	37430	0.00324138	0.00129987	0.003	0.01	1290.69	657.964	185	2196	
3	3.05	1	5	2	4	40	42281	41	44117	0.003	0	0.003	0.003	1076.02	705.841	185	2196	
3.05	3.1	1	1	6	4	37	40504	38	40333	0.003	0	0.003	0.003	1061.39	735.558	185	2196	
3.05	3.1	1	2	4	4	31	37547	31	36702	0.003	0	0.003	0.003	1183.94	580.28	185	2196	
3.05	3.1	1	3	1	4	47	40779	46	40099	0.00330435	0.00144329	0.003	0.01	871.717	673.91	149	2196	
3.05	3.1	1	4	3	4	28	33840	29	34501	0.00324138	0.00129987	0.003	0.01	1189.69	686.996	185	2196	
3.05	3.1	1	5	2	4	39	39557	39	39557	0.003	0	0.003	0.003	1014.28	665.296	185	2196	
3.1	3.15	1	1	6	4	41	39033	40	38131	0.003175	0.0011068	0.003	0.01	953.275	696.937	185	2196	
3.1	3.15	1	2	4	4	29	34478	30	34843	0.0037	0.0021359	0.003	0.01	1161.43	600.158	149	2196	
3.1	3.15	1	3	1	4	32	37988	34	39646	0.00320588	0.00120049	0.003	0.01	1166.06	673.721	185	2196	
3.1	3.15	1	4	3	4	31	38540	32	38702	0.0034375	0.00172154	0.003	0.01	1209.44	681.574	185	2196	
3.1	3.15	1	5	2	4	42	40211	41	40026	0.00334146	0.00152659	0.003	0.01	976.244	687.254	133	2196	
3.15	3.2	1	1	6	4	41	45312	41	44378	0.00368293	0.00210284	0.003	0.01	1082.39	713.556	185	2196	
3.15	3.2	1	2	4	4	28	36148	27	33592	0.003	0	0.003	0.003	1244.15	666.447	185	2196	
3.15	3.2	1	3	1	4	39	43177	38	43891	0.00318421	0.00113555	0.003	0.01	1155.03	792.973	185	2196	
3.15	3.2	1	4	3	4	29	34274	30	36110	0.00323333	0.00127802	0.003	0.01	1203.67	669.183	185	2052	
3.15	3.2	1	5	2	4	32	39892	33	40077	0.003	0	0.003	0.003	1214.45	823.092	185	2196	
3.2	3.25	1	1	6	4	41	40185	39	41444	0.003	0	0.003	0.003	1062.67	580.572	185	2196	
3.2	3.25	1	2	4	4	24	34426	25	37723	0.003	0	0.003	0.003	1508.92	649.852	185	2196	
3.2	3.25	1	3	1	4	35	40554	36	41491	0.003	0	0.003	0.003	1152.53	670.252	185	2196	
3.2	3.25	1	4	3	4	27	37186	25	34255	0.003	0	0.003	0.003	1370.2	661.364	185	2196	
3.2	3.25	1	5	2	4	42	43266	39	39805	0.003	0	0.003	0.003	1020.64	621.402	185	2196	
3.25	3.3	1	1	6	4	44	42326	45	41969	0.00315555	0.0010435	0.003	0.01	932.644	643.39	149	2196	
3.25	3.3	1	2	4	4	28	34963	29	36058	0.00324138	0.00129987	0.003	0.01	1243.38	656.039	185	2052	
3.25	3.3	1	3	1	4	44	39501	44	39501	0.00347727	0.0017848	0.003	0.01	897.75	678.888	185	2196	
3.25	3.3	1	4	3	4	36	38337	36	37164	0.00319444	0.00116667	0.003	0.01	1032.33	684.121	185	2196	
3.25	3.3	1	5	2	4	36	40493	37	42290	0.00356757	0.00193707	0.003	0.01	1142.97	685.554	185	2196	
3.3	3.35	1	1	6	4	37	42273	38	42477	0.00318421	0.00113555	0.003	0.01	1117.82	785.228	185	2196	
3.3	3.35	1	2	4	4	29	39492	28	38109	0.003	0	0.003	0.003	1361.04	548.705	185	2196	
3.3	3.35	1	3	1	4	37	39609	38	39794	0.00355263	0.00191293	0.003	0.01	1047.21	675.031	185	2196	
3.3	3.35	1	4	3	4	28	33885	28	36184	0.003	0	0.003	0.003	1292.29	756.204	185	2196	
3.3	3.35	1	5	2	4	30	40286	31	40330	0.003	0	0.003	0.003	1300.97	762.362	185	2196	
3.35	3.4	1	1	6	4	36	37325	37	38985	0.00337838	0.0016047	0.003	0.01	1053.65	700.52	185	2196	
3.35	3.4	1	2	4	4	27	35295	27	34482	0.00325926	0.00134715	0.003	0.01	1277.11	674.786	185	2052	
3.35	3.4	1	3	1	4	32	42382	30	39070	0.003	0	0.003	0.003	1302.33	702.274	149	2196	
3.35	3.4	1	4	3	4	31	40371	32	39980	0.003	0	0.003	0.003	1249.37	663.161	185	2196	
3.35	3.4	1	5	2	4	35	38134	36	39754	0.003	0	0.003	0.003	1104.28	747.536	185	2196	
3.4	3.45	1	1	6	4	36	42799	34	40578	0.00341176	0.00167183	0.003	0.01	1193.47	655.911	185	2196	
3.4	3.45	1	2	4	4	30	37139	29	36329	0.003	0	0.003	0.003	1252.72	761.5	185	2196	
3.4	3.45	1	3	1	4	39	37715	39	39034	0.00335897	0.00156419	0.003	0.01	1000.87	710.464	185	2196	
3.4	3.45	1	4	3	4	27	32910	28	35106	0.003	0	0.003	0.003	1253.79	756.147	149	2196	
3.4	3.45	1	5	2	4	43	43832	42	43459	0.00333333	0.00150878	0.003	0.01	1034.74	605.125	185	2052	
3.45	3.5	1	1	6	4	39	43470	38	42552	0.00318421	0.00113555	0.003	0.01	1119.79	633.274	185	2052	
3.45	3.5	1	2	4	4	28	35670	29	37293	0.003	0	0.003	0.003	1285.97	682.64	185	2196	
3.45	3.5	1	3	1	4	35	38964	36	40656	0.00338889	0.00162617	0.003	0.01	1129.33	773.156	185	2196	
3.45	3.5	1	4	3	4	28	35277	27	35092	0.003	0	0.003	0.003	1299.7	690.082	185	2196	
3.45	3.5	1	5	2	4	38	39491	38	38529	0.00318421	0.00113555	0.003	0.01	1013.92	717.74	149	2196	
3.5	3.55	1	1	6	4	36	37093	40	40781	0.0037	0.00212675	0.003	0.01	1019.52	595.972	185	2196	
3.5	3.55	1	2	4	4	24	35329	24	34660	0.003	0	0.003	0.003	1444.17	724.199	185	2196	
3.5	3.55	1	3	1	4	42	39932	40	37277	0.003175	0.0011068	0.003	0.01	931.925	604.758	185	2196	
3.5	3.55	1	4	3	4	34	37840	34	35829	0.00341176	0.00167183	0.003	0.01	1053.79	699.255	185	2196	
3.5	3.55	1	5	2	4	32	41245	32	41293	0.00321875	0.00123744	0.003	0.01	1290.41	634.263	185	2196	
3.55	3.6	1	1	6	4	41	42828	38	39513	0.003	0	0.003	0.003	1039.82	646.381	185	2196	
3.55	3.6	1	2	4	4	27	37032	27	37893	0.003	0	0.003	0.003	1403.44	600.026	185	2196	
3.55	3.6	1	3	1	4	38	40182	41	43138	0.00317073	0.00109322	0.003	0.01	1052.15	642.482	185	2196	
3.55	3.6	1	4	3	4	32	37034	31	37298	0.00322581	0.00125724	0.003	0.01	1203.16	640.18	185	2196	
3.55	3.6	1	5	2	4	33	40022	34	41309	0.003	0	0.003	0.003	1214.97	789.657	185	2196	
3.6	3.65	1	1	6	4	41	42239	44	45554	0.00315909	0.00105529	0.003	0.01	1035.32	609.208	185	2196	
3.6	3.65	1	2	4	4	29	34695	30	35886	0.003	0	0.003	0.003	1196.2	583.96	185	2196	
3.6	3.65	1	3	1	4	41	43339	38	38574	0.003	0	0.003	0.003	1015.11	801.88	185	2196	
3.6	3.65	1	4	3	4	30	36985	31	37630	0.003	0	0.003	0.003	1213.87	586.224	185	2052	
3.6	3.65	1	5	2	4	43	40143	41	37372	0.003	0	0.003	0.003	911.512	641.833	133	2196	
3.65	3.7	1	1	6	4	33	38758	30	33703	0.0037	0.0021359	0.003	0.01	1123.43	720.029	185	2196	
3.65	3.7	1	2	4	4	26	36635	24	34066	0.00329167	0.00142887	0.003	0.01	1419.42	557.878	349	2196	
3.65	3.7	1	3	1	4	35	35411	38	40176	0.00318421	0.00113555	0.003	0.01	1057.26	749.865	149	2196	
3.65	3.7	1	4	3	4	30	36230	31	37517	0.003	0	0.003	0.003	1210.23	633.81	149	2196	
3.65	3.7	1	5	2	4	44	38289	44	40138	0.003	0	0.003	0.003	912.227	697.59	184	2052	
3.7	3.75	1	1	6	4	39	39181	40	42524	0.003175	0.0011068	0.003	0.01	1063.1	606.177	185	2196	
3.7	3.75	1	2	4	4	29	36381	30	38577	0.00323333	0.00127802	0.003	0.01	1285.9	686.916	185	2196	
3.7	3.75	1	3	1	4	42	38368	42	38368	0.00333333	0.00150878	0.003	0.01	913.524	626.383	185	2196	
3.7	3.75	1	4	3	4	28	37075	26	33187	0.00326923	0.00137281	0.003	0.01	1276.42	683.436	185	2196	
3.7	3.75	1	5	2	4	40	40882	40	39235	0.003	0	0.003	0.003	980.875	653.889	185	2196	
3.75	3.8	1	1	6	4	40	38247	38	37738	0.00336842	0.00158406	0.003	0.01	993.105	636.137	185	2052	
3.75	3.8	1	2	4	4	30	35749	30	34595	0.00346667	0.00177596	0.003	0.01	1153.17	641.318	185	2052	
3.75	3.8	1	3	1	4	33	38575	31	35191	0.00345161	0.00174812	0.003	0.01	1135.19	724.521	185	2196	
3.75	3.8	1	4	3	4	34	34702	36	38590	0.00319444	0.00116667	0.003	0.01	1071.94	719.576	185	2196	
3.75	3.8	1	5	2	4	37	40507	38	42891	0.003	0	0.003	0.003	1128.71	676.233	185	2196	
3.8	3.85	1	1	6	4	37	40963	39	40947	0.003	0	0.003	0.003	1049.92	762.319	185	2196	
3.8	3.85	1	2	4	4	32	38082	31	37184	0.003	0	0.003	0.003	1199.48	540.347	185	2196	
3.8	3.85	1	3	1	4	39	42381	41	45765	0.003	0	0.003	0.003	1116.22	725.468	185	2196	
3.8	3.85	1	4	3	4	29	36912	29	36912	0.00324138	0.00129987	0.003	0.01	1272.83	601.378	373	2196	
3.8	3.85	1	5	2	4	42	41827	40	38371	0.0037	0.00212675	0.003	0.01	959.275	749.133	97	2196	
3.85	3.9	1	1	6	4	39	38831	41	41068	0.00334146	0.00152659	0.003	0.01	1001.66	679.904	185	2196	
3.85	3.9	1	2	4	4	30	36909	32	39334	0.003	0	0.003	0.003	1229.19	568.551	185	2196	
3.85	3.9	1	3	1	4	40	37581	38	36659	0.003	0	0.003	0.003	964.711	749.775	185	2196	
3.85	3.9	1	4	3	4	30	39901	28	36847	0.003	0	0.003	0.003	1315.96	664.072	185	2196	
3.85	3.9	1	5	2	4	40	44610	39	43617	0.003	0	0.003	0.003	1118.38	668.132	133	2196	
3.9	3.95	1	1	6	4	44	40846	43	39010	0.00332558	0.00149158	0.003	0.01	907.209	601.763	185	2196	
3.9	3.95	1	2	4	4	32	39020	30	36955	0.003	0	0.003	0.003	1231.83	580.957	185	2196	
3.9	3.95	1	3	1	4	52	42049	52	40253	0.00353846	0.00188348	0.003	0.01	774.096	603.89	185	2196	
3.9	3.95	1	4	3	4	27	34484	28	36989	0.00325	0.00132288	0.003	0.01	1321.04	581.27	185	2196	
3.9	3.95	1	5	2	4	40	35613	43	39874	0.00316279	0.00106749	0.003	0.01	927.302	650.467	185	2196	
3.95	4	1	1	6	4	38	41540	39	43376	0.00317949	0.0011209	0.003	0.01	1112.21	755.769	184	2196	
3.95	4	1	2	4	4	27	36475	27	34148	0.00325926	0.00134715	0.003	0.01	1264.74	718.082	185	2196	
3.95	4	1	3	1	4	40	39714	40	38040	0.003	0	0.003	0.003	951	675.212	133	2196	
3.95	4	1	4	3	4	27	34578	28	35127	0.003	0	0.003	0.003	1254.54	758.437	149	2196	
3.95	4	1	5	2	4	36	42036	36	40213	0.00358333	0.00196214	0.003	0.01	1117.03	728.088	185	2196	
4	4.05	1	1	6	4	34	39919	32	38042	0.003	0	0.003	0.003	1188.81	743.481	185	2196	
4	4.05	1	2	4	4	26	33574	28	37966	0.0035	0.00183586	0.003	0.01	1355.93	642.032	185	2196	
4	4.05	1	3	1	4	43	38455	43	42477	0.003	0	0.003	0.003	987.837	717.054	133	2196	
4	4.05	1	4	3	4	35	41202	33	37767	0.003	0	0.003	0.003	1144.45	733.003	185	2196	
4	4.05	1	5	2	4	40	41462	40	41462	0.00335	0.00154505	0.003	0.01	1036.55	767.344	133	2196	
4.05	4.1	1	1	6	4	35	40444	35	41951	0.0032	0.00118322	0.003	0.01	1198.6	668.655	133	2196	
4.05	4.1	1	2	4	4	32	39098	32	39098	0.003	0	0.003	0.003	1221.81	669.98	185	2196	
4.05	4.1	1	3	1	4	43	39732	42	39547	0.00316667	0.00108012	0.003	0.01	941.595	753.226	185	2196	
4.05	4.1	1	4	3	4	31	36093	32	37692	0.00321875	0.00123744	0.003	0.01	1177.88	668.99	185	2196	
4.05	4.1	1	5	2	4	46	40997	43	39121	0.003	0	0.003	0.003	909.791	638.004	149	2196	
4.1	4.15	1	1	6	4	43	43770	41	41294	0.00317073	0.00109322	0.003	0.01	1007.17	707.774	185	2196	
4.1	4.15	1	2	4	4	31	37054	29	33923	0.003	0	0.003	0.003	1169.76	702.495	185	2196	
4.1	4.15	1	3	1	4	38	41279	38	39421	0.00318421	0.00113555	0.003	0.01	1037.39	714.662	185	2196	
4.1	4.15	1	4	3	4	27	37391	28	39227	0.00325	0.00132288	0.003	0.01	1400.96	688.096	185	2196	
4.1	4.15	1	5	2	4	38	41028	39	43063	0.00317949	0.0011209	0.003	0.01	1104.18	689.414	185	2196	
4.15	4.2	1	1	6	4	41	40754	44	42665	0.00315909	0.00105529	0.003	0.01	969.659	643.054	185	2196	
4.15	4.2	1	2	4	4	30	34435	31	35874	0.00322581	0.00125724	0.003	0.01	1157.23	599.708	185	2196	
4.15	4.2	1	3	1	4	41	36724	44	39137	0.00331818	0.00147495	0.003	0.01	889.477	648.415	185	2196	
4.15	4.2	1	4	3	4	31	33404	30	32855	0.00346667	0.00177596	0.003	0.01	1095.17	622.265	185	2052	
4.15	4.2	1	5	2	4	41	42371	40	40744	0.003525	0.00186723	0.003	0.01	1018.6	761.043	149	2196	
4.2	4.25	1	1	6	4	41	39903	40	39366	0.003175	0.0011068	0.003	0.01	984.15	625.304	185	2052	
4.2	4.25	1	2	4	4	28	37352	27	36619	0.00325926	0.00134715	0.003	0.01	1356.26	667.649	185	2196	
4.2	4.25	1	3	1	4	42	41593	41	41044	0.003	0	0.003	0.003	1001.07	685.012	149	2196	
4.2	4.25	1	4	3	4	30	38415	30	37437	0.00323333	0.00127802	0.003	0.01	1247.9	636.942	185	2196	
4.2	4.25	1	5	2	4	33	39294	35	40389	0.0032	0.00118322	0.003	0.01	1153.97	772.001	149	2196	
4.25	4.3	1	1	6	4	43	39074	44	39259	0.00347727	0.0017848	0.003	0.01	892.25	641.598	185	2196	
4.25	4.3	1	2	4	4	32	37693	32	36899	0.0034375	0.00172154	0.003	0.01	1153.09	785.031	185	2196	
4.25	4.3	1	3	1	4	41	41063	39	39241	0.00335897	0.00156419	0.003	0.01	1006.18	636.716	149	2052	
4.25	4.3	1	4	3	4	29	35844	28	36813	0.003	0	0.003	0.003	1314.75	719.336	185	2196	
4.25	4.3	1	5	2	4	41	38891	42	40711	0.003	0	0.003	0.003	969.31	705.828	97	2196	
4.3	4.35	1	1	6	4	43	38952	42	37068	0.003	0	0.003	0.003	882.571	603.13	149	2196	
4.3	4.35	1	2	4	4	27	36040	29	39259	0.003	0	0.003	0.003	1353.76	576.326	185	2196	
4.3	4.35	1	3	1	4	43	36359	46	38730	0.00315217	0.00103209	0.003	0.01	841.957	574.876	185	2196	
4.3	4.35	1	4	3	4	29	35282	29	33459	0.003	0	0.003	0.003	1153.76	734.735	185	2196	
4.3	4.35	1	5	2	4	45	42861	43	40624	0.00316279	0.00106749	0.003	0.01	944.744	578.009	133	2196	
4.35	4.4	1	1	6	4	47	41115	48	43351	0.0034375	0.00171236	0.003	0.01	903.146	561.337	149	2196	
4.35	4.4	1	2	4	4	28	35117	28	35117	0.003	0	0.003	0.003	1254.18	741.886	185	2196	
4.35	4.4	1	3	1	4	45	40954	43	39832	0.003	0	0.003	0.003	926.326	634.221	185	2196	
4.35	4.4	1	4	3	4	32	35779	32	35205	0.003	0	0.003	0.003	1100.16	669.624	149	2196	
4.35	4.4	1	5	2	4	44	38291	44	38730	0.00347727	0.0017848	0.003	0.01	880.227	586.673	185	2196	
4.4	4.45	1	1	6	4	42	41412	38	37588	0.003	0	0.003	0.003	989.158	724.188	185	2196	
4.4	4.45	1	2	4	4	27	34872	26	33585	0.00326923	0.00137281	0.003	0.01	1291.73	622.675	185	2196	
4.4	4.45	1	3	1	4	37	39344	39	40466	0.00335897	0.00156419	0.003	0.01	1037.59	716.405	185	2196	
4.4	4.45	1	4	3	4	31	36978	32	38406	0.00321875	0.00123744	0.003	0.01	1200.19	636.053	185	2052	
4.4	4.45	1	5	2	4	42	39500	43	40195	0.00348837	0.00180439	0.003	0.01	934.767	670.599	149	2196	
4.45	4.5	1	1	6	4	38	38813	42	42045	0.0035	0.00182463	0.003	0.01	1001.07	650.361	133	2052	
4.45	4.5	1	2	4	4	31	37922	32	39209	0.00321875	0.00123744	0.003	0.01	1225.28	681.599	185	2196	
4.45	4.5	1	3	1	4	41	42351	39	40358	0.003	0	0.003	0.003	1034.82	758.765	149	2196	
4.45	4.5	1	4	3	4	30	34378	29	32665	0.003	0	0.003	0.003	1126.38	657.873	185	2196	
4.45	4.5	1	5	2	4	37	40246	39	42098	0.003	0	0.003	0.003	1079.44	650.004	185	2196	
4.5	4.55	1	1	6	4	42	41302	41	38725	0.00351219	0.00184556	0.003	0.01	944.512	581.691	149	2052	
4.5	4.55	1	2	4	4	29	35568	28	34633	0.003	0	0.003	0.003	1236.89	779.596	185	2196	
4.5	4.55	1	3	1	4	44	39410	44	41033	0.00315909	0.00105529	0.003	0.01	932.568	678.002	185	2196	
4.5	4.55	1	4	3	4	30	38521	32	41761	0.0034375	0.00172154	0.003	0.01	1305.03	579.067	185	2052	
4.5	4.55	1	5	2	4	44	43161	42	40262	0.003	0	0.003	0.003	958.619	600.59	149	2196	
4.55	4.6	1	1	6	4	36	44544	34	42354	0.00320588	0.00120049	0.003	0.01	1245.71	765.257	185	2196	
4.55	4.6	1	2	4	4	29	36840	28	37405	0.00325	0.00132288	0.003	0.01	1335.89	691.555	185	2196	
4.55	4.6	1	3	1	4	36	40029	38	40399	0.00336842	0.00158406	0.003	0.01	1063.13	695.816	185	2196	
4.55	4.6	1	4	3	4	27	35528	27	35528	0.00325926	0.00134715	0.003	0.01	1315.85	683.397	185	2196	
4.55	4.6	1	5	2	4	39	38467	39	40996	0.003	0	0.003	0.003	1051.18	705.556	185	2196	
4.6	4.65	1	1	6	4	34	36473	36	40530	0.00319444	0.00116667	0.003	0.01	1125.83	702.369	185	2196	
4.6	4.65	1	2	4	4	28	38861	29	38136	0.00348276	0.00180517	0.003	0.01	1315.03	632.399	185	2196	
4.6	4.65	1	3	1	4	37	40380	37	40380	0.00318919	0.00115079	0.003	0.01	1091.35	729.387	149	2196	
4.6	4.65	1	4	3	4	29	34857	27	33052	0.00325926	0.00134715	0.003	0.01	1224.15	669.542	185	2196	
4.6	4.65	1	5	2	4	41	41886	41	39875	0.00317073	0.00109322	0.003	0.01	972.561	715.669	185	2196	
4.65	4.7	1	1	6	4	36	39210	38	41447	0.00336842	0.00158406	0.003	0.01	1090.71	654.595	185	2196	
4.65	4.7	1	2	4	4	38	36811	37	36808	0.003	0	0.003	0.003	994.811	630.253	185	2196	
4.65	4.7	1	3	1	4	43	40093	41	37466	0.003	0	0.003	0.003	913.805	515.797	185	1836	
4.65	4.7	1	4	3	4	32	39517	32	38881	0.003	0	0.003	0.003	1215.03	622.949	185	2196	
4.65	4.7	1	5	2	4	47	39703	47	40063	0.003	0	0.003	0.003	852.404	656.47	185	2196	
4.7	4.75	1	1	6	4	38	41082	38	41082	0.00318421	0.00113555	0.003	0.01	1081.11	722.427	185	2196	
4.7	4.75	1	2	4	4	31	37941	32	37347	0.00321875	0.00123744	0.003	0.01	1167.09	622.394	185	2196	
4.7	4.75	1	3	1	4	33	40480	34	41415	0.00320588	0.00120049	0.003	0.01	1218.09	708.234	149	2196	
4.7	4.75	1	4	3	4	35	36516	35	37437	0.003	0	0.003	0.003	1069.63	555.332	185	2196	
4.7	4.75	1	5	2	4	41	38420	40	38136	0.003	0	0.003	0.003	953.4	767.896	149	2196	
4.75	4.8	1	1	6	4	38	43356	38	43356	0.00355263	0.00191293	0.003	0.01	1140.95	734.301	185	2196	
4.75	4.8	1	2	4	4	25	33879	25	33519	0.00328	0.0014	0.003	0.01	1340.76	629.81	185	2196	
4.75	4.8	1	3	1	4	43	41775	42	39075	0.00316667	0.00108012	0.003	0.01	930.357	741.482	185	2196	
4.75	4.8	1	4	3	4	35	36073	35	35788	0.003	0	0.003	0.003	1022.51	630.78	133	2052	
4.75	4.8	1	5	2	4	33	35580	36	37885	0.00358333	0.00196214	0.003	0.01	1052.36	746.62	133	2196	
4.8	4.85	1	1	6	4	37	40381	37	40381	0.00318919	0.00115079	0.003	0.01	1091.38	676.268	149	2196	
4.8	4.85	1	2	4	4	26	40121	27	42173	0.003	0	0.003	0.003	1561.96	589.3	373	2196	
4.8	4.85	1	3	1	4	39	39167	38	40603	0.00318421	0.00113555	0.003	0.01	1068.5	741.661	149	2196	
4.8	4.85	1	4	3	4	29	36606	29	34739	0.003	0	0.003	0.003	1197.9	693.515	149	2196	
4.8	4.85	1	5	2	4	43	42148	42	40861	0.00316667	0.00108012	0.003	0.01	972.881	713.653	133	2196	
4.85	4.9	1	1	6	4	38	42082	36	38698	0.003	0	0.003	0.003	1074.94	732.727	185	2196	
4.85	4.9	1	2	4	4	29	36656	27	34779	0.003	0	0.003	0.003	1288.11	646.037	185	2196	
4.85	4.9	1	3	1	4	35	36720	37	39491	0.00337838	0.0016047	0.003	0.01	1067.32	676.513	149	2196	
4.85	4.9	1	4	3	4	28	35995	30	39667	0.00323333	0.00127802	0.003	0.01	1322.23	620.002	185	2196	
4.85	4.9	1	5	2	4	38	43460	37	42942	0.003	0	0.003	0.003	1160.59	663.987	185	2196	
4.9	4.95	1	1	6	4	39	36771	40	39406	0.003	0	0.003	0.003	985.15	590.732	185	2052	
4.9	4.95	1	2	4	4	31	36370	31	36395	0.003	0	0.003	0.003	1174.03	639.66	185	2196	
4.9	4.95	1	3	1	4	38	41451	36	38353	0.00338889	0.00162617	0.003	0.01	1065.36	736.272	185	2196	
4.9	4.95	1	4	3	4	28	34179	28	34179	0.003	0	0.003	0.003	1220.68	658.018	185	2196	
4.9	4.95	1	5	2	4	43	38186	43	39113	0.00316279	0.00106749	0.003	0.01	909.605	608.962	149	2196	
4.95	5	1	1	6	4	38	40333	37	38700	0.003	0	0.003	0.003	1045.95	632.06	185	2196	
4.95	5	1	2	4	4	28	33013	28	34495	0.0035	0.00183586	0.003	0.01	1231.96	634.399	185	2196	
4.95	5	1	3	1	4	41	40857	42	43406	0.00316667	0.00108012	0.003	0.01	1033.48	709.5	185	2196	
4.95	5	1	4	3	4	33	39392	31	37958	0.00322581	0.00125724	0.003	0.01	1224.45	653.099	185	2196	
4.95	5	1	5	2	4	43	42089	43	41499	0.00316279	0.00106749	0.003	0.01	965.093	703.163	185	2196	
5	5.05	1	1	6	4	33	40080	33	40750	0.00321212	0.00121854	0.003	0.01	1234.85	721.185	185	2196	
5	5.05	1	2	4	4	26	33418	27	32693	0.00377778	0.00224179	0.003	0.01	1210.85	734.119	185	2196	
5	5.05	1	3	1	4	46	41637	45	39403	0.00346667	0.00176584	0.003	0.01	875.622	634.489	185	2196	
5	5.05	1	4	3	4	25	34616	26	33854	0.00326923	0.00137281	0.003	0.01	1302.08	550.535	185	2196	
5	5.05	1	5	2	4	40	40266	42	41734	0.003	0	0.003	0.003	993.667	682.096	185	2196	
5.05	5.1	1	1	6	4	36	39759	36	38886	0.003	0	0.003	0.003	1080.17	714.51	149	2196	
5.05	5.1	1	2	4	4	29	40168	28	38476	0.003	0	0.003	0.003	1374.14	651.773	185	2196	
5.05	5.1	1	3	1	4	31	38102	34	41070	0.00320588	0.00120049	0.003	0.01	1207.94	731.544	185	2196	
5.05	5.1	1	4	3	4	30	35708	30	37531	0.00346667	0.00177596	0.003	0.01	1251.03	704.659	149	2196	
5.05	5.1	1	5	2	4	38	41675	36	38930	0.00319444	0.00116667	0.003	0.01	1081.39	690.225	185	2196	
5.1	5.15	1	1	6	4	33	39453	35	42038	0.003	0	0.003	0.003	1201.09	644.543	185	2196	
5.1	5.15	1	2	4	4	27	34946	28	35537	0.003	0	0.003	0.003	1269.18	646.445	185	2196	
5.1	5.15	1	3	1	4	38	42995	36	40421	0.003	0	0.003	0.003	1122.81	604.101	185	2196	
5.1	5.15	1	4	3	4	28	36406	28	35159	0.00325	0.00132288	0.003	0.01	1255.68	588.925	185	2196	
5.1	5.15	1	5	2	4	44	40238	44	41113	0.00315909	0.00105529	0.003	0.01	934.386	750.128	149	2196	
5.15	5.2	1	1	6	4	39	42946	39	42946	0.00317949	0.0011209	0.003	0.01	1101.18	703.744	185	2196	
5.15	5.2	1	2	4	4	35	37986	34	37051	0.00320588	0.00120049	0.003	0.01	1089.74	688.166	185	2196	
5.15	5.2	1	3	1	4	51	38379	52	38757	0.00326923	0.00135929	0.003	0.01	745.327	581.298	133	2196	
5.15	5.2	1	4	3	4	29	36059	30	37679	0.003	0	0.003	0.003	1255.97	575.362	185	2196	
5.15	5.2	1	5	2	4	41	38960	41	37707	0.00351219	0.00184556	0.003	0.01	919.683	685.966	185	2196	
5.2	5.25	1	1	6	4	36	39179	35	38994	0.003	0	0.003	0.003	1114.11	619.358	185	2196	
5.2	5.25	1	2	4	4	33	35079	34	36518	0.00341176	0.00167183	0.003	0.01	1074.06	633.675	185	2196	
5.2	5.25	1	3	1	4	40	40974	39	40756	0.00317949	0.0011209	0.003	0.01	1045.03	611.405	185	2196	
5.2	5.25	1	4	3	4	28	33631	27	32344	0.00377778	0.00224179	0.003	0.01	1197.93	658.099	185	2196	
5.2	5.25	1	5	2	4	39	40660	39	41038	0.00335897	0.00156419	0.003	0.01	1052.26	636.436	149	2196	
5.25	5.3	1	1	6	4	38	44043	39	44228	0.003	0	0.003	0.003	1134.05	727.238	185	2196	
5.25	5.3	1	2	4	4	30	34653	31	36345	0.00322581	0.00125724	0.003	0.01	1172.42	631.872	185	2196	
5.25	5.3	1	3	1	4	40	42257	39	40238	0.00317949	0.0011209	0.003	0.01	1031.74	655.563	185	2196	
5.25	5.3	1	4	3	4	28	40581	27	37620	0.003	0	0.003	0.003	1393.33	653.532	185	2196	
5.25	5.3	1	5	2	4	39	38775	40	41335	0.00335	0.00154505	0.003	0.01	1033.38	751.633	185	2196	
5.3	5.35	1	1	6	4	39	40541	37	37610	0.003	0	0.003	0.003	1016.49	637.116	185	2196	
5.3	5.35	1	2	4	4	32	38069	30	34898	0.00323333	0.00127802	0.003	0.01	1163.27	615.861	149	2052	
5.3	5.35	1	3	1	4	37	39032	40	43465	0.003	0	0.003	0.003	1086.62	749.223	149	2196	
5.3	5.35	1	4	3	4	31	31102	31	34616	0.003	0	0.003	0.003	1116.65	729.745	185	2196	
5.3	5.35	1	5	2	4	37	41029	36	39746	0.00338889	0.00162617	0.003	0.01	1104.06	722.974	185	2196	
5.35	5.4	1	1	6	4	42	40115	42	42838	0.003	0	0.003	0.003	1019.95	684.484	185	2196	
5.35	5.4	1	2	4	4	32	35451	34	38622	0.003	0	0.003	0.003	1135.94	557.752	185	2052	
5.35	5.4	1	3	1	4	38	39498	32	34860	0.003	0	0.003	0.003	1089.38	701.159	185	2196	
5.35	5.4	1	4	3	4	35	39301	35	36720	0.0034	0.00164853	0.003	0.01	1049.14	521.735	185	2196	
5.35	5.4	1	5	2	4	41	41371	43	42839	0.00316279	0.00106749	0.003	0.01	996.256	647.616	185	2196	
5.4	5.45	1	1	6	4	39	41758	39	40224	0.00317949	0.0011209	0.003	0.01	1031.38	710.855	75	2196	
5.4	5.45	1	2	4	4	35	38742	33	36505	0.00321212	0.00121854	0.003	0.01	1106.21	590.055	185	2196	
5.4	5.45	1	3	1	4	42	38014	46	40782	0.00345652	0.00174746	0.003	0.01	886.565	584.023	185	2052	
5.4	5.45	1	4	3	4	30	34629	31	37759	0.003	0	0.003	0.003	1218.03	668.034	185	2196	
5.4	5.45	1	5	2	4	39	38935	38	37315	0.003	0	0.003	0.003	981.974	668.291	185	2196	
5.45	5.5	1	1	6	4	41	38924	39	39418	0.00317949	0.0011209	0.003	0.01	1010.72	630.036	149	2196	
5.45	5.5	1	2	4	4	26	38158	27	38199	0.003	0	0.003	0.003	1414.78	718.933	185	2196	
5.45	5.5	1	3	1	4	50	39512	51	40833	0.00313725	0.000980196	0.003	0.01	800.647	528.644	185	2196	
5.45	5.5	1	4	3	4	24	34418	24	33508	0.003	0	0.003	0.003	1396.17	745.879	185	2196	
5.45	5.5	1	5	2	4	38	40438	36	39415	0.00377778	0.00223109	0.003	0.01	1094.86	682.587	133	2196	
5.5	5.55	1	1	6	4	33	41169	35	40753	0.0036	0.0019882	0.003	0.01	1164.37	750.962	149	2196	
5.5	5.55	1	2	4	4	27	34103	26	34013	0.00326923	0.00137281	0.003	0.01	1308.19	671.312	185	2196	
5.5	5.55	1	3	1	4	41	39957	40	38065	0.003	0	0.003	0.003	951.625	678.999	185	2196	
5.5	5.55	1	4	3	4	31	36341	31	37063	0.00322581	0.00125724	0.003	0.01	1195.58	662.83	185	2196	
5.5	5.55	1	5	2	4	37	39050	37	40710	0.00337838	0.0016047	0.003	0.01	1100.27	716.829	185	2196	
5.55	5.6	1	1	6	4	42	38569	43	40048	0.00365116	0.00205732	0.003	0.01	931.349	699.919	185	2196	
5.55	5.6	1	2	4	4	30	35008	31	36199	0.00345161	0.00174812	0.003	0.01	1167.71	595.506	185	2196	
5.55	5.6	1	3	1	4	40	39235	41	39624	0.003	0	0.003	0.003	966.439	717.143	149	2196	
5.55	5.6	1	4	3	4	30	37938	28	34979	0.0035	0.00183586	0.003	0.01	1249.25	636.457	185	2196	
5.55	5.6	1	5	2	4	40	39361	41	38323	0.00317073	0.00109322	0.003	0.01	934.707	621.428	149	2196	
5.6	5.65	1	1	6	4	41	43643	40	40156	0.003175	0.0011068	0.003	0.01	1003.9	596.832	185	2052	
5.6	5.65	1	2	4	4	29	36448	29	35851	0.00324138	0.00129987	0.003	0.01	1236.24	725.432	185	2196	
5.6	5.65	1	3	1	4	44	41560	44	42133	0.00315909	0.00105529	0.003	0.01	957.568	716.517	185	2196	
5.6	5.65	1	4	3	4	27	33528	30	36860	0.00323333	0.00127802	0.003	0.01	1228.67	755.426	113	2196	
5.6	5.65	1	5	2	4	39	39271	37	37801	0.003	0	0.003	0.003	1021.65	705.903	185	2196	
5.65	5.7	1	1	6	4	43	39560	41	38570	0.00317073	0.00109322	0.003	0.01	940.732	648.912	185	2196	
5.65	5.7	1	2	4	4	30	35798	30	37305	0.00323333	0.00127802	0.003	0.01	1243.5	654.225	185	2196	
5.65	5.7	1	3	1	4	51	41376	49	40096	0.00371428	0.00214087	0.003	0.01	818.286	578.029	149	2052	
5.65	5.7	1	4	3	4	33	36177	32	35082	0.00321875	0.00123744	0.003	0.01	1096.31	642.208	185	2196	
5.65	5.7	1	5	2	4	41	40550	44	43856	0.003	0	0.003	0.003	996.727	624.121	185	2196	
5.7	5.75	1	1	6	4	36	35344	38	39260	0.00336842	0.00158406	0.003	0.01	1033.16	696.831	185	2196	
5.7	5.75	1	2	4	4	36	36996	37	37181	0.00318919	0.00115079	0.003	0.01	1004.89	733.028	185	2052	
5.7	5.75	1	3	1	4	34	39190	33	37598	0.003	0	0.003	0.003	1139.33	713.103	149	2196	
5.7	5.75	1	4	3	4	33	34030	33	33433	0.00321212	0.00121854	0.003	0.01	1013.12	644.322	149	2052	
5.7	5.75	1	5	2	4	38	40618	37	38926	0.00337838	0.0016047	0.003	0.01	1052.05	567.473	185	2052	
5.75	5.8	1	1	6	4	36	41371	36	38445	0.003	0	0.003	0.003	1067.92	689.294	149	2196	
5.75	5.8	1	2	4	4	27	35381	27	35381	0.003	0	0.003	0.003	1310.41	681.761	185	2196	
5.75	5.8	1	3	1	4	36	37806	40	42157	0.003525	0.00186723	0.003	0.01	1053.92	739.188	149	2196	
5.75	5.8	1	4	3	4	30	36707	30	36347	0.00323333	0.00127802	0.003	0.01	1211.57	639.751	185	2196	
5.75	5.8	1	5	2	4	34	38286	34	37782	0.003	0	0.003	0.003	1111.24	694.396	185	2196	
5.8	5.85	1	1	6	4	42	39382	44	43054	0.00315909	0.00105529	0.003	0.01	978.5	681.083	185	2052	
5.8	5.85	1	2	4	4	29	35275	27	33133	0.00325926	0.00134715	0.003	0.01	1227.15	732.422	185	2196	
5.8	5.85	1	3	1	4	38	39719	36	37305	0.00319444	0.00116667	0.003	0.01	1036.25	640.288	185	2196	
5.8	5.85	1	4	3	4	31	33373	30	34939	0.00323333	0.00127802	0.003	0.01	1164.63	733.341	185	2196	
5.8	5.85	1	5	2	4	44	40497	44	41073	0.00315909	0.00105529	0.003	0.01	933.477	705.873	149	2196	
5.85	5.9	1	1	6	4	39	41124	36	37410	0.00319444	0.00116667	0.003	0.01	1039.17	658.89	185	2196	
5.85	5.9	1	2	4	4	32	35780	33	35726	0.00321212	0.00121854	0.003	0.01	1082.61	752.569	185	2196	
5.85	5.9	1	3	1	4	41	40069	43	42483	0.003	0	0.003	0.003	987.977	572.942	185	2196	
5.85	5.9	1	4	3	4	30	35863	31	35446	0.00345161	0.00174812	0.003	0.01	1143.42	640.407	185	2196	
5.85	5.9	1	5	2	4	35	38413	35	37649	0.0032	0.00118322	0.003	0.01	1075.69	614.755	185	2196	
5.9	5.95	1	1	6	4	31	39577	34	43291	0.00320588	0.00120049	0.003	0.01	1273.26	617.686	185	2196	
5.9	5.95	1	2	4	4	29	36567	29	37380	0.00348276	0.00180517	0.003	0.01	1288.97	662.094	185	2196	
5.9	5.95	1	3	1	4	47	38845	47	38845	0.00314894	0.00102105	0.003	0.01	826.489	657.53	149	2196	
5.9	5.95	1	4	3	4	34	39190	33	37348	0.003	0	0.003	0.003	1131.76	567.422	185	2196	
5.9	5.95	1	5	2	4	42	42688	42	40865	0.00333333	0.00150878	0.003	0.01	972.976	716.492	185	2196	
5.95	6	1	1	6	4	44	42096	42	40892	0.00316667	0.00108012	0.003	0.01	973.619	662.005	185	2196	
5.95	6	1	2	4	4	28	38058	26	34839	0.003	0	0.003	0.003	1339.96	549.622	185	2196	
5.95	6	1	3	1	4	44	42201	40	38176	0.003	0	0.003	0.003	954.4	675.591	185	2196	
5.95	6	1	4	3	4	26	34372	28	37117	0.003	0	0.003	0.003	1325.61	624.26	149	2196	
5.95	6	1	5	2	4	39	35379	41	39771	0.003	0	0.003	0.003	970.024	673.189	149	2196	
6	6.05	1	1	6	4	38	42773	37	40982	0.00337838	0.0016047	0.003	0.01	1107.62	784.612	149	2196	
6	6.05	1	2	4	4	27	37424	30	42026	0.00323333	0.00127802	0.003	0.01	1400.87	476.68	185	2196	
6	6.05	1	3	1	4	34	37131	36	39135	0.003	0	0.003	0.003	1087.08	702.389	185	2196	
6	6.05	1	4	3	4	31	36144	29	33575	0.003	0	0.003	0.003	1157.76	571.46	185	2196	
6	6.05	1	5	2	4	37	41313	37	41313	0.00318919	0.00115079	0.003	0.01	1116.57	722.986	185	2196	
6.05	6.1	1	1	6	4	38	41396	40	42195	0.003	0	0.003	0.003	1054.88	678.391	185	2052	
6.05	6.1	1	2	4	4	25	34236	24	32544	0.003	0	0.003	0.003	1356	596.493	185	2196	
6.05	6.1	1	3	1	4	37	42775	39	44796	0.003	0	0.003	0.003	1148.62	805.441	149	2196	
6.05	6.1	1	4	3	4	23	35064	23	35248	0.003	0	0.003	0.003	1532.52	658.492	373	2196	
6.05	6.1	1	5	2	4	43	42559	42	41176	0.00333333	0.00150878	0.003	0.01	980.381	645.254	149	2196	
6.1	6.15	1	1	6	4	31	41230	29	41072	0.00324138	0.00129987	0.003	0.01	1416.28	660.689	185	2196	
6.1	6.15	1	2	4	4	33	39712	32	38092	0.00321875	0.00123744	0.003	0.01	1190.38	717.931	133	2196	
6.1	6.15	1	3	1	4	38	40202	38	40202	0.00355263	0.00191293	0.003	0.01	1057.95	754.712	149	2196	
6.1	6.15	1	4	3	4	30	35309	32	37694	0.00321875	0.00123744	0.003	0.01	1177.94	741.889	185	2196	
6.1	6.15	1	5	2	4	41	40008	41	39699	0.003	0	0.003	0.003	968.268	706.446	185	2196	
6.15	6.2	1	1	6	4	47	44845	47	44323	0.003	0	0.003	0.003	943.043	634.935	185	2196	
6.15	6.2	1	2	4	4	26	32709	27	34185	0.003	0	0.003	0.003	1266.11	698.194	185	2196	
6.15	6.2	1	3	1	4	35	41553	34	41180	0.00320588	0.00120049	0.003	0.01	1211.18	734.717	185	2196	
6.15	6.2	1	4	3	4	30	37548	28	35527	0.0035	0.00183586	0.003	0.01	1268.82	788.877	185	2196	
6.15	6.2	1	5	2	4	46	42948	44	43721	0.003	0	0.003	0.003	993.659	660.103	185	2196	
6.2	6.25	1	1	6	4	38	36079	40	38406	0.0037	0.00212675	0.003	0.01	960.15	669.151	185	2196	
6.2	6.25	1	2	4	4	32	40461	31	39872	0.003	0	0.003	0.003	1286.19	639.88	185	2196	
6.2	6.25	1	3	1	4	43	43418	40	39863	0.003	0	0.003	0.003	996.575	669.336	185	2196	
6.2	6.25	1	4	3	4	29	35657	31	37678	0.00322581	0.00125724	0.003	0.01	1215.42	648.622	185	2196	
6.2	6.25	1	5	2	4	41	41306	41	40163	0.00368293	0.00210284	0.003	0.01	979.585	735.596	185	2196	
6.25	6.3	1	1	6	4	33	42228	33	42592	0.003	0	0.003	0.003	1290.67	736.906	185	2196	
6.25	6.3	1	2	4	4	26	32469	28	34894	0.00325	0.00132288	0.003	0.01	1246.21	665.635	185	2196	
6.25	6.3	1	3	1	4	43	39668	45	41041	0.00331111	0.00145886	0.003	0.01	912.022	680.918	185	2196	
6.25	6.3	1	4	3	4	29	38292	28	37005	0.003	0	0.003	0.003	1321.61	605.274	185	2196	
6.25	6.3	1	5	2	4	39	41010	40	39832	0.003175	0.0011068	0.003	0.01	995.8	807.718	185	2196	
6.3	6.35	1	1	6	4	36	41627	34	38336	0.00341176	0.00167183	0.003	0.01	1127.53	673.795	185	2052	
6.3	6.35	1	2	4	4	30	38943	28	35271	0.00325	0.00132288	0.003	0.01	1259.68	722.079	185	2196	
6.3	6.35	1	3	1	4	40	37634	41	40004	0.00351219	0.00184556	0.003	0.01	975.707	674.467	149	2196	
6.3	6.35	1	4	3	4	30	36295	30	37397	0.003	0	0.003	0.003	1246.57	642.543	185	2196	
6.3	6.35	1	5	2	4	35	34634	35	37140	0.004	0.00248525	0.003	0.01	1061.14	622.119	185	2052	
6.35	6.4	1	1	6	4	38	39426	39	41684	0.003	0	0.003	0.003	1068.82	716.667	185	2052	
6.35	6.4	1	2	4	4	28	37151	29	39131	0.003	0	0.003	0.003	1349.34	601.005	185	2196	
6.35	6.4	1	3	1	4	36	44191	35	42074	0.0032	0.00118322	0.003	0.01	1202.11	783.423	185	2196	
6.35	6.4	1	4	3	4	31	37910	30	35350	0.00323333	0.00127802	0.003	0.01	1178.33	753.738	185	2196	
6.35	6.4	1	5	2	4	42	40350	43	40935	0.00316279	0.00106749	0.003	0.01	951.977	798.004	185	2196	
6.4	6.45	1	1	6	4	39	42826	41	44044	0.00317073	0.00109322	0.003	0.01	1074.24	624.3	185	2052	
6.4	6.45	1	2	4	4	31	35227	31	35299	0.003	0	0.003	0.003	1138.68	734.015	185	2196	
6.4	6.45	1	3	1	4	40	38521	41	39728	0.00317073	0.00109322	0.003	0.01	968.976	578.549	185	2052	
6.4	6.45	1	4	3	4	28	38684	29	39233	0.003	0	0.003	0.003	1352.86	569.677	133	2196	
6.4	6.45	1	5	2	4	41	40665	40	37883	0.003175	0.0011068	0.003	0.01	947.075	682.582	149	2196	
6.45	6.5	1	1	6	4	44	39654	42	37990	0.00316667	0.00108012	0.003	0.01	904.524	723.054	185	2196	
6.45	6.5	1	2	4	4	27	35761	27	35329	0.003	0	0.003	0.003	1308.48	611.787	185	2196	
6.45	6.5	1	3	1	4	37	41625	38	42720	0.003	0	0.003	0.003	1124.21	664.332	185	2196	
6.45	6.5	1	4	3	4	29	33943	28	33758	0.00325	0.00132288	0.003	0.01	1205.64	725.216	185	2196	
6.45	6.5	1	5	2	4	40	39971	39	40495	0.003	0	0.003	0.003	1038.33	749.259	185	2196	
6.5	6.55	1	1	6	4	42	39263	42	40557	0.003	0	0.003	0.003	965.643	626.106	185	2196	
6.5	6.55	1	2	4	4	26	37299	26	37155	0.003	0	0.003	0.003	1429.04	628.596	185	2196	
6.5	6.55	1	3	1	4	40	40197	38	37960	0.003	0	0.003	0.003	998.947	709.424	185	2196	
6.5	6.55	1	4	3	4	31	36183	32	36368	0.00321875	0.00123744	0.003	0.01	1136.5	756.904	185	2196	
6.5	6.55	1	5	2	4	40	39110	42	39681	0.0035	0.00182463	0.003	0.01	944.786	686.466	149	2052	
6.55	6.6	1	1	6	4	32	41836	32	40401	0.003	0	0.003	0.003	1262.53	785.663	185	2196	
6.55	6.6	1	2	4	4	28	34340	27	32288	0.003	0	0.003	0.003	1195.85	729.954	185	2196	
6.55	6.6	1	3	1	4	39	39205	40	39246	0.003175	0.0011068	0.003	0.01	981.15	630.662	185	2052	
6.55	6.6	1	4	3	4	30	34694	30	34694	0.00323333	0.00127802	0.003	0.01	1156.47	646.316	149	2196	
6.55	6.6	1	5	2	4	32	38852	33	40688	0.00321212	0.00121854	0.003	0.01	1232.97	719.37	185	2196	
6.6	6.65	1	1	6	4	37	42730	38	44162	0.00318421	0.00113555	0.003	0.01	1162.16	566.622	185	2196	
6.6	6.65	1	2	4	4	27	35522	27	38650	0.00325926	0.00134715	0.003	0.01	1431.48	601.963	185	2196	
6.6	6.65	1	3	1	4	41	41345	42	43541	0.003	0	0.003	0.003	1036.69	664.701	185	2196	
6.6	6.65	1	4	3	4	26	35367	25	35727	0.003	0	0.003	0.003	1429.08	764.242	185	2196	
6.6	6.65	1	5	2	4	41	42489	38	39204	0.003	0	0.003	0.003	1031.68	672.335	185	2196	
6.65	6.7	1	1	6	4	38	47286	35	40096	0.003	0	0.003	0.003	1145.6	792.032	149	2196	
6.65	6.7	1	2	4	4	29	35963	30	36710	0.003	0	0.003	0.003	1223.67	615.586	185	2196	
6.65	6.7	1	3	1	4	32	39025	32	39025	0.003	0	0.003	0.003	1219.53	763.987	185	2196	
6.65	6.7	1	4	3	4	29	36478	30	38129	0.003	0	0.003	0.003	1270.97	621.785	185	2196	
6.65	6.7	1	5	2	4	36	38285	38	41385	0.003	0	0.003	0.003	1089.08	707.895	185	2196	
6.7	6.75	1	1	6	4	29	34645	31	40500	0.003	0	0.003	0.003	1306.45	625.38	149	2196	
6.7	6.75	1	2	4	4	26	37193	27	37566	0.003	0	0.003	0.003	1391.33	653.366	185	2196	
6.7	6.75	1	3	1	4	42	37674	39	34102	0.003	0	0.003	0.003	874.41	558.048	185	2196	
6.7	6.75	1	4	3	4	30	35468	30	34270	0.003	0	0.003	0.003	1142.33	653.655	185	2196	
6.7	6.75	1	5	2	4	44	38939	43	38754	0.00316279	0.00106749	0.003	0.01	901.256	717.891	133	2196	
6.75	6.8	1	1	6	4	43	38351	42	38038	0.0035	0.00182463	0.003	0.01	905.667	615.679	149	2196	
6.75	6.8	1	2	4	4	29	35622	27	32238	0.00325926	0.00134715	0.003	0.01	1194	527.248	149	1836	
6.75	6.8	1	3	1	4	37	38393	38	39524	0.003	0	0.003	0.003	1040.11	700.654	133	2196	
6.75	6.8	1	4	3	4	26	30998	26	32196	0.00326923	0.00137281	0.003	0.01	1238.31	628.287	185	2196	
6.75	6.8	1	5	2	4	36	37567	38	37937	0.00410526	0.00258676	0.003	0.01	998.342	581.824	185	2196	
6.8	6.85	1	1	6	4	42	40580	43	39931	0.003	0	0.003	0.003	928.628	679.468	149	2196	
6.8	6.85	1	2	4	4	27	33436	29	36820	0.003	0	0.003	0.003	1269.66	596.078	185	2196	
6.8	6.85	1	3	1	4	41	36560	39	35522	0.00335897	0.00156419	0.003	0.01	910.821	696.155	185	2196	
6.8	6.85	1	4	3	4	32	38220	31	36164	0.003	0	0.003	0.003	1166.58	618.135	185	2196	
6.8	6.85	1	5	2	4	39	42199	39	42199	0.003	0	0.003	0.003	1082.03	730.007	185	2196	
6.85	6.9	1	1	6	4	37	38851	39	41521	0.00317949	0.0011209	0.003	0.01	1064.64	652.116	185	2196	
6.85	6.9	1	2	4	4	29	35286	28	33594	0.00325	0.00132288	0.003	0.01	1199.79	603.757	185	2196	
6.85	6.9	1	3	1	4	43	39527	46	41314	0.003	0	0.003	0.003	898.13	665.435	185	2196	
6.85	6.9	1	4	3	4	28	34583	29	34628	0.00348276	0.00180517	0.003	0.01	1194.07	641.765	185	2196	
6.85	6.9	1	5	2	4	40	39671	37	37465	0.00318919	0.00115079	0.003	0.01	1012.57	703.064	185	2196	
6.9	6.95	1	1	6	4	31	41485	30	39793	0.003	0	0.003	0.003	1326.43	693.686	185	2196	
6.9	6.95	1	2	4	4	28	36361	27	35335	0.003	0	0.003	0.003	1308.7	571.831	185	2196	
6.9	6.95	1	3	1	4	40	40573	39	39884	0.003	0	0.003	0.003	1022.67	700.894	113	2196	
6.9	6.95	1	4	3	4	32	34414	31	35688	0.003	0	0.003	0.003	1151.23	727.807	185	2196	
6.9	6.95	1	5	2	4	39	38594	42	40800	0.003	0	0.003	0.003	971.429	728.669	133	2196	
6.95	7	1	1	6	4	41	40793	41	42112	0.003	0	0.003	0.003	1027.12	657.486	185	2196	
6.95	7	1	2	4	4	29	36856	30	37882	0.003	0	0.003	0.003	1262.73	683.671	185	2196	
6.95	7	1	3	1	4	35	38884	36	41116	0.00319444	0.00116667	0.003	0.01	1142.11	769.015	133	2196	
6.95	7	1	4	3	4	29	39540	30	38410	0.0037	0.0021359	0.003	0.01	1280.33	667.597	185	2196	
6.95	7	1	5	2	4	40	43351	36	39546	0.003	0	0.003	0.003	1098.5	743.511	185	2196	
7	7.05	1	1	6	4	43	41982	43	40303	0.00332558	0.00149158	0.003	0.01	937.279	668.373	185	2196	
7	7.05	1	2	4	4	34	37453	34	37525	0.00341176	0.00167183	0.003	0.01	1103.68	542.617	185	1836	
7	7.05	1	3	1	4	41	42239	39	39458	0.00317949	0.0011209	0.003	0.01	1011.74	661.175	149	2196	
7	7.05	1	4	3	4	31	33270	31	33939	0.00322581	0.00125724	0.003	0.01	1094.81	600.27	185	2196	
7	7.05	1	5	2	4	43	36960	47	40765	0.00344681	0.00172965	0.003	0.01	867.34	577.767	185	2196	
7.05	7.1	1	1	6	4	42	40311	42	41268	0.00366667	0.00207971	0.003	0.01	982.571	637.316	185	2052	
7.05	7.1	1	2	4	4	30	35443	30	35011	0.003	0	0.003	0.003	1167.03	602.255	185	2196	
7.05	7.1	1	3	1	4	45	36618	46	38814	0.00360869	0.00199419	0.003	0.01	843.783	600.019	183	2196	
7.05	7.1	1	4	3	4	33	37797	32	36798	0.00321875	0.00123744	0.003	0.01	1149.94	610.855	185	2196	
7.05	7.1	1	5	2	4	48	41253	44	37506	0.00331818	0.00147495	0.003	0.01	852.409	684.292	149	2196	
7.1	7.15	1	1	6	4	42	39970	40	39382	0.003	0	0.003	0.003	984.55	685.933	149	2196	
7.1	7.15	1	2	4	4	29	32944	28	32615	0.003	0	0.003	0.003	1164.82	699.433	185	2196	
7.1	7.15	1	3	1	4	39	36896	38	35031	0.00318421	0.00113555	0.003	0.01	921.868	587.492	185	2196	
7.1	7.15	1	4	3	4	31	35037	33	37419	0.00342424	0.00169614	0.003	0.01	1133.91	628.027	149	2196	
7.1	7.15	1	5	2	4	44	38874	46	40769	0.00315217	0.00103209	0.003	0.01	886.283	666.358	185	2052	
7.15	7.2	1	1	6	4	34	38435	33	36618	0.00321212	0.00121854	0.003	0.01	1109.64	691.708	149	2196	
7.15	7.2	1	2	4	4	33	37800	33	39259	0.00321212	0.00121854	0.003	0.01	1189.67	682.777	185	2196	
7.15	7.2	1	3	1	4	40	40871	40	42163	0.00335	0.00154505	0.003	0.01	1054.08	693.828	149	2196	
7.15	7.2	1	4	3	4	28	34802	26	33868	0.003	0	0.003	0.003	1302.62	644.147	185	2196	
7.15	7.2	1	5	2	4	34	40527	34	40151	0.00320588	0.00120049	0.003	0.01	1180.91	813.412	185	2196	
7.2	7.25	1	1	6	4	39	40891	40	42016	0.003175	0.0011068	0.003	0.01	1050.4	595.337	133	2196	
7.2	7.25	1	2	4	4	28	35346	29	35173	0.003	0	0.003	0.003	1212.86	556.207	185	2052	
7.2	7.25	1	3	1	4	38	39934	37	37873	0.00318919	0.00115079	0.003	0.01	1023.59	659.572	149	2196	
7.2	7.25	1	4	3	4	33	38165	33	37601	0.00342424	0.00169614	0.003	0.01	1139.42	840.924	185	2196	
7.2	7.25	1	5	2	4	35	36550	35	38256	0.0032	0.00118322	0.003	0.01	1093.03	695.194	149	2196	
7.25	7.3	1	1	6	4	37	36865	39	38867	0.00353846	0.00188967	0.003	0.01	996.59	660.249	133	2196	
7.25	7.3	1	2	4	4	33	37980	33	37383	0.00321212	0.00121854	0.003	0.01	1132.82	590.884	185	2196	
7.25	7.3	1	3	1	4	44	38756	44	39005	0.00331818	0.00147495	0.003	0.01	886.477	643.828	149	2196	
7.25	7.3	1	4	3	4	29	34992	30	34798	0.00346667	0.00177596	0.003	0.01	1159.93	621.131	185	2196	
7.25	7.3	1	5	2	4	42	41904	42	40670	0.00316667	0.00108012	0.003	0.01	968.333	659.707	149	2052	
7.3	7.35	1	1	6	4	42	42095	42	42283	0.00316667	0.00108012	0.003	0.01	1006.74	594.039	113	2052	
7.3	7.35	1	2	4	4	29	36855	29	36855	0.003	0	0.003	0.003	1270.86	724.271	185	2196	
7.3	7.35	1	3	1	4	43	41288	46	42355	0.00315217	0.00103209	0.003	0.01	920.761	720.828	97	2196	
7.3	7.35	1	4	3	4	35	37170	34	36477	0.00320588	0.00120049	0.003	0.01	1072.85	754.01	149	2196	
7.3	7.35	1	5	2	4	41	42222	41	42314	0.003	0	0.003	0.003	1032.05	669.852	185	2196	
7.35	7.4	1	1	6	4	34	40522	33	37536	0.003	0	0.003	0.003	1137.45	675.73	185	2196	
7.35	7.4	1	2	4	4	28	37725	27	36033	0.003	0	0.003	0.003	1334.56	600.189	301	2196	
7.35	7.4	1	3	1	4	37	37443	36	38509	0.003	0	0.003	0.003	1069.69	711.374	184	2196	
7.35	7.4	1	4	3	4	33	35548	32	35740	0.003	0	0.003	0.003	1116.88	698.709	185	2196	
7.35	7.4	1	5	2	4	43	39786	45	41450	0.00331111	0.00145886	0.003	0.01	921.111	621.017	185	2196	
7.4	7.45	1	1	6	4	35	39150	37	42321	0.003	0	0.003	0.003	1143.81	608.647	185	2196	
7.4	7.45	1	2	4	4	27	34660	28	36565	0.0035	0.00183586	0.003	0.01	1305.89	570.931	373	2196	
7.4	7.45	1	3	1	4	37	43117	36	39338	0.00319444	0.00116667	0.003	0.01	1092.72	694.246	185	2196	
7.4	7.45	1	4	3	4	34	37063	36	38161	0.00338889	0.00162617	0.003	0.01	1060.03	675.821	185	2196	
7.4	7.45	1	5	2	4	40	39801	38	36870	0.00336842	0.00158406	0.003	0.01	970.263	624.869	185	2196	
7.45	7.5	1	1	6	4	36	42473	34	40603	0.00341176	0.00167183	0.003	0.01	1194.21	744.407	185	2196	
7.45	7.5	1	2	4	4	23	33927	23	34857	0.00330435	0.0014596	0.003	0.01	1515.52	600.347	185	2196	
7.45	7.5	1	3	1	4	42	39812	43	42003	0.00316279	0.00106749	0.003	0.01	976.814	757.954	149	2196	
7.45	7.5	1	4	3	4	26	38557	27	39652	0.003	0	0.003	0.003	1468.59	660.376	185	2196	
7.45	7.5	1	5	2	4	37	43900	37	42439	0.003	0	0.003	0.003	1147	652.262	185	2196	
7.5	7.55	1	1	6	4	32	39509	33	41194	0.003	0	0.003	0.003	1248.3	670.391	149	2196	
7.5	7.55	1	2	4	4	29	38531	28	36695	0.00325	0.00132288	0.003	0.01	1310.54	595.494	185	2196	
7.5	7.55	1	3	1	4	35	38504	35	39085	0.0032	0.00118322	0.003	0.01	1116.71	820.687	185	2196	
7.5	7.55	1	4	3	4	29	32823	29	32823	0.003	0	0.003	0.003	1131.83	677.063	185	2196	
7.5	7.55	1	5	2	4	31	39447	30	40675	0.00323333	0.00127802	0.003	0.01	1355.83	681.757	185	2196	
7.55	7.6	1	1	6	4	35	40848	35	39506	0.0032	0.00118322	0.003	0.01	1128.74	822.11	185	2196	
7.55	7.6	1	2	4	4	35	37347	36	38040	0.00338889	0.00162617	0.003	0.01	1056.67	574.596	185	2196	
7.55	7.6	1	3	1	4	40	39243	41	39757	0.003	0	0.003	0.003	969.683	676.985	185	2196	
7.55	7.6	1	4	3	4	31	36590	29	34209	0.003	0	0.003	0.003	1179.62	507.273	185	2052	
7.55	7.6	1	5	2	4	36	37882	36	38088	0.00319444	0.00116667	0.003	0.01	1058	629.548	185	2196	
7.6	7.65	1	1	6	4	40	40666	39	39022	0.003	0	0.003	0.003	1000.56	677.661	185	2052	
7.6	7.65	1	2	4	4	30	39818	29	39482	0.003	0	0.003	0.003	1361.45	699.7	185	2196	
7.6	7.65	1	3	1	4	47	40627	44	39488	0.003	0	0.003	0.003	897.455	634.113	185	2196	
7.6	7.65	1	4	3	4	31	38022	32	40218	0.003	0	0.003	0.003	1256.81	781.793	185	2196	
7.6	7.65	1	5	2	4	38	39604	40	42189	0.00335	0.00154505	0.003	0.01	1054.73	682.211	185	2196	
7.65	7.7	1	1	6	4	33	40600	32	42664	0.003	0	0.003	0.003	1333.25	631.18	185	2196	
7.65	7.7	1	2	4	4	32	37455	33	38548	0.00321212	0.00121854	0.003	0.01	1168.12	630.725	185	2196	
7.65	7.7	1	3	1	4	39	40192	39	39494	0.003	0	0.003	0.003	1012.67	773.939	185	2196	
7.65	7.7	1	4	3	4	28	35416	29	35601	0.003	0	0.003	0.003	1227.62	689.629	185	2196	
7.65	7.7	1	5	2	4	40	42101	37	39289	0.00356757	0.00193707	0.003	0.01	1061.86	738.831	149	2196	
7.7	7.75	1	1	6	4	31	41759	34	42866	0.003	0	0.003	0.003	1260.76	712.683	185	2196	
7.7	7.75	1	2	4	4	32	37117	31	35843	0.00322581	0.00125724	0.003	0.01	1156.23	716.697	185	2196	
7.7	7.75	1	3	1	4	44	38854	45	38766	0.00331111	0.00145886	0.003	0.01	861.467	689.966	149	2196	
7.7	7.75	1	4	3	4	28	35370	27	35185	0.003	0	0.003	0.003	1303.15	598.711	185	2196	
7.7	7.75	1	5	2	4	44	42173	43	42963	0.00332558	0.00149158	0.003	0.01	999.14	708.901	185	2196	
7.75	7.8	1	1	6	4	38	40868	34	39388	0.00320588	0.00120049	0.003	0.01	1158.47	655.799	185	2052	
7.75	7.8	1	2	4	4	29	32282	31	34491	0.00345161	0.00174812	0.003	0.01	1112.61	686.99	185	2196	
7.75	7.8	1	3	1	4	40	40574	43	43978	0.00332558	0.00149158	0.003	0.01	1022.74	733.814	149	2196	
7.75	7.8	1	4	3	4	26	34653	25	33098	0.00328	0.0014	0.003	0.01	1323.92	581.288	185	2052	
7.75	7.8	1	5	2	4	42	38573	43	36782	0.00332558	0.00149158	0.003	0.01	855.395	687.68	149	2196	
7.8	7.85	1	1	6	4	33	40747	33	38185	0.00342424	0.00169614	0.003	0.01	1157.12	754.704	185	2196	
7.8	7.85	1	2	4	4	31	38510	30	38137	0.003	0	0.003	0.003	1271.23	570.725	185	2196	
7.8	7.85	1	3	1	4	35	38682	35	38682	0.0032	0.00118322	0.003	0.01	1105.2	806.201	185	2196	
7.8	7.85	1	4	3	4	36	38818	37	39463	0.00318919	0.00115079	0.003	0.01	1066.57	538.231	149	2052	
7.8	7.85	1	5	2	4	33	39691	35	40730	0.003	0	0.003	0.003	1163.71	682.327	149	2196	
7.85	7.9	1	1	6	4	34	39043	38	43085	0.00318421	0.00113555	0.003	0.01	1133.82	680.034	185	2196	
7.85	7.9	1	2	4	4	31	38722	32	39095	0.003	0	0.003	0.003	1221.72	747.912	185	2196	
7.85	7.9	1	3	1	4	36	40220	36	40220	0.00319444	0.00116667	0.003	0.01	1117.22	684.223	149	2196	
7.85	7.9	1	4	3	4	25	38480	24	35183	0.003	0	0.003	0.003	1465.96	567.61	373	2196	
7.85	7.9	1	5	2	4	45	43635	45	43110	0.00331111	0.00145886	0.003	0.01	958	681.302	185	2196	
7.9	7.95	1	1	6	4	33	38932	32	38383	0.003	0	0.003	0.003	1199.47	741.821	185	2196	
7.9	7.95	1	2	4	4	31	34504	29	33902	0.00348276	0.00180517	0.003	0.01	1169.03	643.542	185	2196	
7.9	7.95	1	3	1	4	41	42536	40	40700	0.003	0	0.003	0.003	1017.5	681.629	149	2196	
7.9	7.95	1	4	3	4	29	35544	29	37650	0.00324138	0.00129987	0.003	0.01	1298.28	660.468	185	2196	
7.9	7.95	1	5	2	4	39	41357	39	42964	0.003	0	0.003	0.003	1101.64	786.384	185	2196	
7.95	8	1	1	6	4	35	43361	34	41701	0.00320588	0.00120049	0.003	0.01	1226.5	556.758	185	2052	
7.95	8	1	2	4	4	32	36848	30	31188	0.00346667	0.00177596	0.003	0.01	1039.6	763.697	185	2196	
7.95	8	1	3	1	4	31	35891	31	37354	0.00322581	0.00125724	0.003	0.01	1204.97	594.218	185	2196	
7.95	8	1	4	3	4	28	33878	30	36164	0.00323333	0.00127802	0.003	0.01	1205.47	472.817	185	2052	
7.95	8	1	5	2	4	43	39238	44	39776	0.00331818	0.00147495	0.003	0.01	904	622.228	185	2196	
8	8.05	1	1	6	4	38	40948	37	39419	0.003	0	0.003	0.003	1065.38	586.946	185	2196	
8	8.05	1	2	4	4	32	38191	33	41159	0.00342424	0.00169614	0.003	0.01	1247.24	610.919	185	2196	
8	8.05	1	3	1	4	41	41139	42	41512	0.00316667	0.00108012	0.003	0.01	988.381	624.299	185	2196	
8	8.05	1	4	3	4	26	32851	25	31159	0.00328	0.0014	0.003	0.01	1246.36	617.734	185	2196	
8	8.05	1	5	2	4	41	39291	42	40818	0.0035	0.00182463	0.003	0.01	971.857	550.046	185	2196	
8.05	8.1	1	1	6	4	34	37011	37	40749	0.00356757	0.00193707	0.003	0.01	1101.32	770.685	185	2196	
8.05	8.1	1	2	4	4	24	32026	27	35320	0.00325926	0.00134715	0.003	0.01	1308.15	674.577	185	2196	
8.05	8.1	1	3	1	4	40	38990	38	37892	0.003	0	0.003	0.003	997.158	725.279	185	2196	
8.05	8.1	1	4	3	4	31	40008	30	38460	0.003	0	0.003	0.003	1282	583.539	185	2196	
8.05	8.1	1	5	2	4	41	39582	39	36198	0.00371795	0.00215148	0.003	0.01	928.154	695.282	185	2196	
8.1	8.15	1	1	6	4	42	44356	39	42150	0.003	0	0.003	0.003	1080.77	555.285	185	2052	
8.1	8.15	1	2	4	4	31	39375	28	36616	0.003	0	0.003	0.003	1307.71	631.459	185	2196	
8.1	8.15	1	3	1	4	43	41368	43	39082	0.00316279	0.00106749	0.003	0.01	908.884	755.34	185	2196	
8.1	8.15	1	4	3	4	24	31621	26	34861	0.00326923	0.00137281	0.003	0.01	1340.81	548.354	301	2196	
8.1	8.15	1	5	2	4	39	39648	41	43032	0.00317073	0.00109322	0.003	0.01	1049.56	728.583	149	2196	
8.15	8.2	1	1	6	4	35	40254	35	39460	0.0036	0.0019882	0.003	0.01	1127.43	746.016	113	2196	
8.15	8.2	1	2	4	4	27	35031	29	36855	0.00324138	0.00129987	0.003	0.01	1270.86	724.454	185	2196	
8.15	8.2	1	3	1	4	37	41963	36	42781	0.00319444	0.00116667	0.003	0.01	1188.36	812.038	185	2196	
8.15	8.2	1	4	3	4	31	41116	30	39064	0.003	0	0.003	0.003	1302.13	655.293	185	2196	
8.15	8.2	1	5	2	4	37	40436	35	39514	0.003	0	0.003	0.003	1128.97	649.334	185	2196	
8.2	8.25	1	1	6	4	42	37279	43	38711	0.00365116	0.00205732	0.003	0.01	900.256	618.215	133	2052	
8.2	8.25	1	2	4	4	28	37392	28	36635	0.003	0	0.003	0.003	1308.39	526.997	185	2196	
8.2	8.25	1	3	1	4	40	37920	43	40486	0.00348837	0.00180439	0.003	0.01	941.535	744.575	149	2196	
8.2	8.25	1	4	3	4	30	36046	29	36077	0.003	0	0.003	0.003	1244.03	644.149	185	2196	
8.2	8.25	1	5	2	4	45	41796	45	40841	0.00331111	0.00145886	0.003	0.01	907.578	711.537	185	2196	
8.25	8.3	1	1	6	4	38	42788	38	42858	0.00318421	0.00113555	0.003	0.01	1127.84	699.111	185	2196	
8.25	8.3	1	2	4	4	30	34832	30	36151	0.003	0	0.003	0.003	1205.03	634.484	185	2196	
8.25	8.3	1	3	1	4	42	38763	39	35764	0.003	0	0.003	0.003	917.026	771.012	113	2196	
8.25	8.3	1	4	3	4	35	37523	36	37708	0.00358333	0.00196214	0.003	0.01	1047.44	640.669	149	2196	
8.25	8.3	1	5	2	4	42	39375	41	38497	0.00368293	0.00210284	0.003	0.01	938.951	694.331	149	2196	
8.3	8.35	1	1	6	4	37	39503	38	40628	0.003	0	0.003	0.003	1069.16	585.162	185	2196	
8.3	8.35	1	2	4	4	30	37871	29	35659	0.003	0	0.003	0.003	1229.62	736.791	185	2196	
8.3	8.35	1	3	1	4	49	40558	51	41361	0.00313725	0.000980196	0.003	0.01	811	600.503	185	2196	
8.3	8.35	1	4	3	4	36	37624	35	37920	0.003	0	0.003	0.003	1083.43	631.575	133	2196	
8.3	8.35	1	5	2	4	42	40783	44	41702	0.003	0	0.003	0.003	947.773	660.013	185	2196	
8.35	8.4	1	1	6	4	41	42555	42	42928	0.003	0	0.003	0.003	1022.1	660.111	185	2196	
8.35	8.4	1	2	4	4	28	37857	29	38822	0.003	0	0.003	0.003	1338.69	673.545	185	2196	
8.35	8.4	1	3	1	4	43	40410	43	41127	0.003	0	0.003	0.003	956.442	599.31	185	2196	
8.35	8.4	1	4	3	4	28	37783	29	37127	0.003	0	0.003	0.003	1280.24	663.79	185	2196	
8.35	8.4	1	5	2	4	38	40088	37	39903	0.003	0	0.003	0.003	1078.46	716.256	185	2196	
8.4	8.45	1	1	6	4	40	43643	38	41622	0.003	0	0.003	0.003	1095.32	653.135	185	2196	
8.4	8.45	1	2	4	4	29	35994	29	35418	0.00324138	0.00129987	0.003	0.01	1221.31	595.856	185	2196	
8.4	8.45	1	3	1	4	33	40133	33	39920	0.003	0	0.003	0.003	1209.7	719.81	185	2196	
8.4	8.45	1	4	3	4	32	36596	31	34904	0.003	0	0.003	0.003	1125.94	706.964	149	2196	
8.4	8.45	1	5	2	4	33	39083	34	40731	0.00341176	0.00167183	0.003	0.01	1197.97	733.959	185	2196	
8.45	8.5	1	1	6	4	34	38152	35	39988	0.003	0	0.003	0.003	1142.51	694.804	185	2196	
8.45	8.5	1	2	4	4	28	36067	27	36022	0.00351852	0.00186816	0.003	0.01	1334.15	711.544	185	2196	
8.45	8.5	1	3	1	4	39	41219	38	41059	0.00336842	0.00158406	0.003	0.01	1080.5	722.716	185	2196	
8.45	8.5	1	4	3	4	31	34451	31	36098	0.00345161	0.00174812	0.003	0.01	1164.45	804.045	185	2196	
8.45	8.5	1	5	2	4	41	40493	41	39030	0.00317073	0.00109322	0.003	0.01	951.951	674.04	113	2196	
8.5	8.55	1	1	6	4	37	40614	37	39416	0.00356757	0.00193707	0.003	0.01	1065.3	778.309	149	2196	
8.5	8.55	1	2	4	4	28	36460	28	36831	0.003	0	0.003	0.003	1315.39	634.564	185	2196	
8.5	8.55	1	3	1	4	39	38444	39	38700	0.003	0	0.003	0.003	992.308	716.278	185	2196	
8.5	8.55	1	4	3	4	26	37702	26	37817	0.003	0	0.003	0.003	1454.5	637.866	185	2196	
8.5	8.55	1	5	2	4	39	38738	40	40574	0.00335	0.00154505	0.003	0.01	1014.35	694.932	185	2196	
8.55	8.6	1	1	6	4	42	41139	40	40485	0.003	0	0.003	0.003	1012.13	671.272	185	2196	
8.55	8.6	1	2	4	4	23	31948	25	33818	0.003	0	0.003	0.003	1352.72	605.939	185	2196	
8.55	8.6	1	3	1	4	46	39856	46	39486	0.00315217	0.00103209	0.003	0.01	858.391	658.222	185	2196	
8.55	8.6	1	4	3	4	29	39117	29	38472	0.00324138	0.00129987	0.003	0.01	1326.62	623.316	149	2196	
8.55	8.6	1	5	2	4	41	39266	40	38517	0.003525	0.00186723	0.003	0.01	962.925	642.653	185	2052	
8.6	8.65	1	1	6	4	38	40692	41	42729	0.00351219	0.00184556	0.003	0.01	1042.17	676.319	185	2196	
8.6	8.65	1	2	4	4	31	39708	31	39708	0.003	0	0.003	0.003	1280.9	663.242	185	2196	
8.6	8.65	1	3	1	4	38	43226	37	40615	0.003	0	0.003	0.003	1097.7	718.47	185	2196	
8.6	8.65	1	4	3	4	24	33827	25	34402	0.003	0	0.003	0.003	1376.08	678.415	133	2196	
8.6	8.65	1	5	2	4	39	42253	39	40950	0.003	0	0.003	0.003	1050	704.678	185	2196	
8.65	8.7	1	1	6	4	42	41622	40	39048	0.003	0	0.003	0.003	976.2	596.812	185	2196	
8.65	8.7	1	2	4	4	31	34186	31	34186	0.00322581	0.00125724	0.003	0.01	1102.77	697.455	185	2196	
8.65	8.7	1	3	1	4	37	39263	40	43840	0.00335	0.00154505	0.003	0.01	1096	780.496	185	2196	
8.65	8.7	1	4	3	4	25	36914	25	36914	0.003	0	0.003	0.003	1476.56	517.326	185	2196	
8.65	8.7	1	5	2	4	44	40840	42	39186	0.003	0	0.003	0.003	933	707.327	185	2196	
8.7	8.75	1	1	6	4	44	40521	44	40697	0.00315909	0.00105529	0.003	0.01	924.932	603.845	133	2196	
8.7	8.75	1	2	4	4	32	37440	31	35388	0.00345161	0.00174812	0.003	0.01	1141.55	522.466	185	2196	
8.7	8.75	1	3	1	4	42	39511	41	39138	0.00334146	0.00152659	0.003	0.01	954.585	629.825	149	2196	
8.7	8.75	1	4	3	4	34	34001	33	33816	0.00342424	0.00169614	0.003	0.01	1024.73	652.901	185	2196	
8.7	8.75	1	5	2	4	38	36529	39	39489	0.00335897	0.00156419	0.003	0.01	1012.54	604.601	185	2196	
8.75	8.8	1	1	6	4	47	39943	47	41443	0.00344681	0.00172965	0.003	0.01	881.766	582.489	185	2052	
8.75	8.8	1	2	4	4	30	36027	30	37530	0.003	0	0.003	0.003	1251	629.691	185	2196	
8.75	8.8	1	3	1	4	39	39161	36	35526	0.00338889	0.00162617	0.003	0.01	986.833	611.46	185	2196	
8.75	8.8	1	4	3	4	29	38410	29	37833	0.003	0	0.003	0.003	1304.59	753.284	149	2196	
8.75	8.8	1	5	2	4	46	39884	48	40630	0.00314583	0.00101036	0.003	0.01	846.458	611.746	185	2196	
8.8	8.85	1	1	6	4	43	43683	45	44581	0.00315555	0.0010435	0.003	0.01	990.689	706.136	149	2196	
8.8	8.85	1	2	4	4	30	37771	29	36450	0.00348276	0.00180517	0.003	0.01	1256.9	699.7	185	2196	
8.8	8.85	1	3	1	4	38	40078	42	44086	0.003	0	0.003	0.003	1049.67	635.278	149	2052	
8.8	8.85	1	4	3	4	26	34826	27	36721	0.00325926	0.00134715	0.003	0.01	1360.04	488.942	373	2196	
8.8	8.85	1	5	2	4	37	42084	32	35307	0.003	0	0.003	0.003	1103.34	657.519	185	2196	
8.85	8.9	1	1	6	4	34	42297	33	40818	0.003	0	0.003	0.003	1236.91	697.226	185	2196	
8.85	8.9	1	2	4	4	32	38773	32	37664	0.003	0	0.003	0.003	1177	705.009	185	2196	
8.85	8.9	1	3	1	4	33	38239	33	38239	0.003	0	0.003	0.003	1158.76	723.705	185	2196	
8.85	8.9	1	4	3	4	32	38584	31	38163	0.00345161	0.00174812	0.003	0.01	1231.06	666.069	185	2196	
8.85	8.9	1	5	2	4	40	40819	43	45215	0.00348837	0.00180439	0.003	0.01	1051.51	707.961	185	2196	
8.9	8.95	1	1	6	4	43	43169	41	40936	0.00317073	0.00109322	0.003	0.01	998.439	642.054	185	2196	
8.9	8.95	1	2	4	4	29	37693	29	38117	0.003	0	0.003	0.003	1314.38	692.026	185	2196	
8.9	8.95	1	3	1	4	29	40012	28	39077	0.00325	0.00132288	0.003	0.01	1395.61	550.039	185	2052	
8.9	8.95	1	4	3	4	26	34507	27	35056	0.003	0	0.003	0.003	1298.37	683.295	185	2196	
8.9	8.95	1	5	2	4	36	38121	37	40317	0.00337838	0.0016047	0.003	0.01	1089.65	702.783	185	2196	
8.95	9	1	1	6	4	42	40377	41	39787	0.00317073	0.00109322	0.003	0.01	970.415	611.584	185	2052	
8.95	9	1	2	4	4	31	35989	32	37257	0.00321875	0.00123744	0.003	0.01	1164.28	609.562	185	2052	
8.95	9	1	3	1	4	39	37964	38	37187	0.003	0	0.003	0.003	978.605	682.44	185	2196	
8.95	9	1	4	3	4	31	34665	30	33468	0.00323333	0.00127802	0.003	0.01	1115.6	743.233	185	2196	
8.95	9	1	5	2	4	47	38895	48	39080	0.003	0	0.003	0.003	814.167	663.292	185	2196	
9	9.05	1	1	6	4	43	38553	44	41300	0.00315909	0.00105529	0.003	0.01	938.636	670.292	149	2052	
9	9.05	1	2	4	4	24	31413	25	32700	0.00328	0.0014	0.003	0.01	1308	664.334	185	2196	
9	9.05	1	3	1	4	50	40944	51	42471	0.003	0	0.003	0.003	832.765	637.507	185	2196	
9	9.05	1	4	3	4	29	39364	29	39564	0.00348276	0.00180517	0.003	0.01	1364.28	549.956	185	2196	
9	9.05	1	5	2	4	40	44303	37	40058	0.00318919	0.00115079	0.003	0.01	1082.65	648.273	185	2196	
9.05	9.1	1	1	6	4	37	44255	37	41953	0.00337838	0.0016047	0.003	0.01	1133.86	658.997	185	2196	
9.05	9.1	1	2	4	4	29	38287	27	37167	0.00325926	0.00134715	0.003	0.01	1376.56	581.651	373	2196	
9.05	9.1	1	3	1	4	45	40522	42	38627	0.00333333	0.00150878	0.003	0.01	919.69	716.53	185	2196	
9.05	9.1	1	4	3	4	26	33075	28	35007	0.00325	0.00132288	0.003	0.01	1250.25	575.838	185	2052	
9.05	9.1	1	5	2	4	38	33520	40	37580	0.003875	0.00234452	0.003	0.01	939.5	649.862	149	2196	
9.1	9.15	1	1	6	4	34	37779	36	39584	0.00319444	0.00116667	0.003	0.01	1099.56	866.328	185	2196	
9.1	9.15	1	2	4	4	32	38636	33	37560	0.00342424	0.00169614	0.003	0.01	1138.18	595.734	185	2196	
9.1	9.15	1	3	1	4	38	37238	41	38945	0.003	0	0.003	0.003	949.878	696.119	185	2196	
9.1	9.15	1	4	3	4	27	37454	26	35258	0.00326923	0.00137281	0.003	0.01	1356.08	650.871	185	2196	
9.1	9.15	1	5	2	4	41	42788	39	40767	0.003	0	0.003	0.003	1045.31	693.606	185	2052	
9.15	9.2	1	1	6	4	39	39041	37	38546	0.003	0	0.003	0.003	1041.78	652.529	133	2196	
9.15	9.2	1	2	4	4	33	35029	32	36021	0.003	0	0.003	0.003	1125.66	705.261	185	2196	
9.15	9.2	1	3	1	4	51	43892	49	41890	0.003	0	0.003	0.003	854.898	663.573	185	2196	
9.15	9.2	1	4	3	4	26	35439	25	35365	0.003	0	0.003	0.003	1414.6	595.195	185	2196	
9.15	9.2	1	5	2	4	37	40480	39	42137	0.00335897	0.00156419	0.003	0.01	1080.44	702.544	185	2196	
9.2	9.25	1	1	6	4	48	43368	49	45181	0.00314286	0.001	0.003	0.01	922.061	561.325	149	2052	
9.2	9.25	1	2	4	4	35	37185	35	37831	0.0032	0.00118322	0.003	0.01	1080.89	612.647	185	2196	
9.2	9.25	1	3	1	4	40	38355	40	36657	0.003	0	0.003	0.003	916.425	596.239	185	2196	
9.2	9.25	1	4	3	4	32	33956	32	33508	0.00321875	0.00123744	0.003	0.01	1047.12	576.837	149	2052	
9.2	9.25	1	5	2	4	41	36915	42	37464	0.00316667	0.00108012	0.003	0.01	892	699.605	185	2196	
9.25	9.3	1	1	6	4	34	36820	33	34684	0.003	0	0.003	0.003	1051.03	649.151	149	2196	
9.25	9.3	1	2	4	4	33	36348	34	35427	0.003	0	0.003	0.003	1041.97	646.527	185	2196	
9.25	9.3	1	3	1	4	41	42247	43	44484	0.003	0	0.003	0.003	1034.51	736.125	149	2196	
9.25	9.3	1	4	3	4	32	38569	32	39078	0.00321875	0.00123744	0.003	0.01	1221.19	675.384	185	2196	
9.25	9.3	1	5	2	4	45	40337	45	40337	0.00331111	0.00145886	0.003	0.01	896.378	696.169	185	2196	
9.3	9.35	1	1	6	4	41	42807	42	44579	0.00316667	0.00108012	0.003	0.01	1061.4	635.76	185	2196	
9.3	9.35	1	2	4	4	27	36952	28	38431	0.0035	0.00183586	0.003	0.01	1372.54	610.129	185	2196	
9.3	9.35	1	3	1	4	34	36239	33	37141	0.003	0	0.003	0.003	1125.48	757.495	133	2196	
9.3	9.35	1	4	3	4	25	36333	25	35488	0.003	0	0.003	0.003	1419.52	704.786	373	2196	
9.3	9.35	1	5	2	4	43	42784	39	39320	0.003	0	0.003	0.003	1008.21	661.62	185	2196	
9.35	9.4	1	1	6	4	40	38246	39	37771	0.00353846	0.00188967	0.003	0.01	968.487	587.942	149	2196	
9.35	9.4	1	2	4	4	34	33694	32	32760	0.003	0	0.003	0.003	1023.75	662.337	185	2196	
9.35	9.4	1	3	1	4	40	39959	41	40144	0.003	0	0.003	0.003	979.122	644.867	185	2196	
9.35	9.4	1	4	3	4	30	33940	30	33703	0.003	0	0.003	0.003	1123.43	690.028	149	2196	
9.35	9.4	1	5	2	4	39	34846	41	36858	0.00436585	0.00280852	0.003	0.01	898.976	622.237	185	2196	
9.4	9.45	1	1	6	4	33	41323	36	42896	0.00338889	0.00162617	0.003	0.01	1191.56	649.119	185	2052	
9.4	9.45	1	2	4	4	27	36608	27	35416	0.003	0	0.003	0.003	1311.7	687.475	185	2196	
9.4	9.45	1	3	1	4	41	37152	40	35969	0.003	0	0.003	0.003	899.225	649.144	149	2196	
9.4	9.45	1	4	3	4	31	34945	31	36752	0.00322581	0.00125724	0.003	0.01	1185.55	701.75	185	2196	
9.4	9.45	1	5	2	4	42	40046	43	39806	0.00365116	0.00205732	0.003	0.01	925.721	620.661	185	2052	
9.45	9.5	1	1	6	4	43	40385	41	39827	0.003	0	0.003	0.003	971.39	674.446	149	2196	
9.45	9.5	1	2	4	4	29	37585	29	36753	0.003	0	0.003	0.003	1267.34	506.955	373	2196	
9.45	9.5	1	3	1	4	38	42259	36	40602	0.00319444	0.00116667	0.003	0.01	1127.83	681.696	185	2196	
9.45	9.5	1	4	3	4	30	35106	32	36590	0.00321875	0.00123744	0.003	0.01	1143.44	666.948	185	2196	
9.45	9.5	1	5	2	4	40	37677	41	39369	0.003	0	0.003	0.003	960.22	658.957	149	2196	
9.5	9.55	1	1	6	4	39	43013	39	39179	0.003	0	0.003	0.003	1004.59	743.699	185	2196	
9.5	9.55	1	2	4	4	29	33898	31	36856	0.003	0	0.003	0.003	1188.9	601.443	185	2196	
9.5	9.55	1	3	1	4	33	37794	35	40141	0.003	0	0.003	0.003	1146.89	728.728	185	2196	
9.5	9.55	1	4	3	4	30	36179	30	36179	0.00323333	0.00127802	0.003	0.01	1205.97	649.081	185	2196	
9.5	9.55	1	5	2	4	42	44876	40	41918	0.003175	0.0011068	0.003	0.01	1047.95	681.83	185	2196	
9.55	9.6	1	1	6	4	38	38061	37	39173	0.00318919	0.00115079	0.003	0.01	1058.73	634.951	185	2196	
9.55	9.6	1	2	4	4	31	34973	29	33537	0.003	0	0.003	0.003	1156.45	638.183	149	2196	
9.55	9.6	1	3	1	4	31	40634	33	41876	0.003	0	0.003	0.003	1268.97	599.505	185	2196	
9.55	9.6	1	4	3	4	28	35864	27	35679	0.003	0	0.003	0.003	1321.44	618.326	149	2196	
9.55	9.6	1	5	2	4	41	38372	41	37298	0.00368293	0.00210284	0.003	0.01	909.707	655.524	185	2052	
9.6	9.65	1	1	6	4	41	40843	44	44123	0.00347727	0.0017848	0.003	0.01	1002.8	681.193	149	2196	
9.6	9.65	1	2	4	4	29	36887	31	38323	0.003	0	0.003	0.003	1236.23	714.105	113	2196	
9.6	9.65	1	3	1	4	48	44087	46	41321	0.003	0	0.003	0.003	898.283	594.527	185	2052	
9.6	9.65	1	4	3	4	30	36793	29	34177	0.00324138	0.00129987	0.003	0.01	1178.52	827.564	185	2196	
9.6	9.65	1	5	2	4	44	40848	42	41925	0.00316667	0.00108012	0.003	0.01	998.214	671.118	185	2196	
9.65	9.7	1	1	6	4	32	41443	31	39823	0.00345161	0.00174812	0.003	0.01	1284.61	634.868	185	2196	
9.65	9.7	1	2	4	4	33	38928	31	35637	0.003	0	0.003	0.003	1149.58	737.291	185	2196	
9.65	9.7	1	3	1	4	35	39885	35	42093	0.003	0	0.003	0.003	1202.66	711.385	185	2196	
9.65	9.7	1	4	3	4	33	37472	33	38051	0.00342424	0.00169614	0.003	0.01	1153.06	659.536	185	2196	
9.65	9.7	1	5	2	4	42	40036	45	41155	0.003	0	0.003	0.003	914.556	652.688	185	2196	
9.7	9.75	1	1	6	4	39	40402	39	40543	0.00317949	0.0011209	0.003	0.01	1039.56	527.441	185	2196	
9.7	9.75	1	2	4	4	28	35228	28	37115	0.0035	0.00183586	0.003	0.01	1325.54	561.506	185	2196	
9.7	9.75	1	3	1	4	46	40967	48	41525	0.00314583	0.00101036	0.003	0.01	865.104	653.233	183	2196	
9.7	9.75	1	4	3	4	34	37797	34	37943	0.00320588	0.00120049	0.003	0.01	1115.97	612.508	185	2196	
9.7	9.75	1	5	2	4	38	38278	37	38093	0.003	0	0.003	0.003	1029.54	675.413	185	2196	
9.75	9.8	1	1	6	4	39	43891	38	44272	0.003	0	0.003	0.003	1165.05	741.592	185	2196	
9.75	9.8	1	2	4	4	32	37629	31	35173	0.003	0	0.003	0.003	1134.61	609.077	185	2196	
9.75	9.8	1	3	1	4	40	40051	37	35902	0.00318919	0.00115079	0.003	0.01	970.324	658.486	185	2196	
9.75	9.8	1	4	3	4	32	34420	34	36496	0.003	0	0.003	0.003	1073.41	697.897	149	2196	
9.75	9.8	1	5	2	4	42	40245	43	41733	0.00365116	0.00205732	0.003	0.01	970.535	624.523	185	2196	
9.8	9.85	1	1	6	4	34	37548	34	37712	0.003	0	0.003	0.003	1109.18	722.682	185	2196	
9.8	9.85	1	2	4	4	30	38953	32	40617	0.00321875	0.00123744	0.003	0.01	1269.28	782.847	185	2196	
9.8	9.85	1	3	1	4	40	36943	42	38896	0.003	0	0.003	0.003	926.095	637.929	185	2196	
9.8	9.85	1	4	3	4	30	38569	29	36877	0.003	0	0.003	0.003	1271.62	663.559	185	2196	
9.8	9.85	1	5	2	4	43	43560	42	42433	0.003	0	0.003	0.003	1010.31	657.108	185	2196	
9.85	9.9	1	1	6	4	38	44218	38	42771	0.003	0	0.003	0.003	1125.55	617.96	185	2196	
9.85	9.9	1	2	4	4	33	36535	33	37252	0.003	0	0.003	0.003	1128.85	742.309	185	2196	
9.85	9.9	1	3	1	4	40	38689	40	40700	0.003525	0.00186723	0.003	0.01	1017.5	707.266	185	2196	
9.85	9.9	1	4	3	4	30	36761	30	36401	0.00323333	0.00127802	0.003	0.01	1213.37	753.202	185	2196	
9.85	9.9	1	5	2	4	38	39738	38	39161	0.003	0	0.003	0.003	1030.55	796.593	185	2196	
9.9	9.95	1	1	6	4	36	47019	33	42730	0.00321212	0.00121854	0.003	0.01	1294.85	703.194	185	2196	
9.9	9.95	1	2	4	4	30	35388	30	35175	0.003	0	0.003	0.003	1172.5	704.388	185	2196	
9.9	9.95	1	3	1	4	44	42480	45	42665	0.00346667	0.00176584	0.003	0.01	948.111	735.873	149	2196	
9.9	9.95	1	4	3	4	28	37149	28	39052	0.003	0	0.003	0.003	1394.71	624.801	185	2196	
9.9	9.95	1	5	2	4	33	40437	33	40797	0.00321212	0.00121854	0.003	0.01	1236.27	814.904	185	2196	
9.95	10	1	1	6	4	34	37209	37	42195	0.00356757	0.00193707	0.003	0.01	1140.41	677.443	185	2196	
9.95	10	1	2	4	4	33	37467	32	35919	0.003	0	0.003	0.003	1122.47	622.392	185	2196	
9.95	10	1	3	1	4	39	39312	39	39312	0.00317949	0.0011209	0.003	0.01	1008	738.642	149	2196	
9.95	10	1	4	3	4	29	35737	30	35886	0.003	0	0.003	0.003	1196.2	717.345	149	2196	
9.95	10	1	5	2	4	44	41143	44	40254	0.00315909	0.00105529	0.003	0.01	914.864	719.514	185	2196	
