% time	cellId	IMSI	RNTI	layer	mcs	size	rv	ndi	ccId
103	1	1	1	0	28	185	0	1	0
103	2	1	1	0	28	185	0	1	1
104	1	1	1	0	28	749	0	1	0
104	2	1	1	0	28	749	0	1	1
105	1	1	1	0	28	749	0	1	0
105	2	1	1	0	28	749	0	1	1
106	1	1	1	0	28	749	0	1	0
106	2	1	1	0	28	749	0	1	1
107	1	1	1	0	28	749	0	1	0
107	2	1	1	0	28	749	0	1	1
108	1	1	1	0	28	749	0	1	0
108	2	1	1	0	28	749	0	1	1
109	1	1	1	0	28	749	0	1	0
109	2	1	1	0	28	749	0	1	1
110	1	1	1	0	28	749	0	1	0
110	2	1	1	0	28	749	0	1	1
111	1	1	1	0	28	749	0	1	0
111	2	1	1	0	28	749	0	1	1
113	1	1	1	0	28	749	0	1	0
113	2	1	1	0	28	749	0	1	1
114	1	1	1	0	28	749	0	1	0
114	2	1	1	0	28	749	0	1	1
115	1	1	1	0	28	749	0	1	0
115	2	1	1	0	28	749	0	1	1
116	1	1	1	0	28	749	0	1	0
116	2	1	1	0	28	749	0	1	1
117	1	1	1	0	28	749	0	1	0
117	2	1	1	0	28	749	0	1	1
118	1	1	1	0	28	2196	0	1	0
118	2	1	1	0	28	2196	0	1	1
119	1	1	1	0	28	2196	0	1	0
119	2	1	1	0	28	2196	0	1	1
120	1	1	1	0	28	1479	0	1	0
120	2	1	1	0	28	1479	0	1	1
121	1	1	1	0	28	185	0	1	0
121	2	1	1	0	28	185	0	1	1
122	1	1	1	0	28	749	0	1	0
122	2	1	1	0	28	749	0	1	1
123	1	1	1	0	28	749	0	1	0
123	2	1	1	0	28	749	0	1	1
124	1	1	1	0	28	749	0	1	0
124	2	1	1	0	28	749	0	1	1
125	1	1	1	0	28	749	0	1	0
125	2	1	1	0	28	749	0	1	1
126	1	1	1	0	28	749	0	1	0
126	2	1	1	0	28	749	0	1	1
127	1	1	1	0	28	749	0	1	0
127	2	1	1	0	28	749	0	1	1
128	1	1	1	0	28	749	0	1	0
128	2	1	1	0	28	749	0	1	1
129	1	1	1	0	28	749	0	1	0
129	2	1	1	0	28	749	0	1	1
131	1	1	1	0	28	749	0	1	0
131	2	1	1	0	28	749	0	1	1
132	1	1	1	0	26	749	0	1	0
132	2	1	1	0	26	749	0	1	1
133	1	1	1	0	26	1836	0	1	0
133	2	1	1	0	26	1836	0	1	1
134	1	1	1	0	22	1383	0	1	0
134	2	1	1	0	22	1383	0	1	1
135	1	1	1	0	22	1383	0	1	0
135	2	1	1	0	22	1383	0	1	1
136	1	1	1	0	28	749	1	0	0
136	2	1	1	0	28	749	1	0	1
137	1	1	1	0	18	967	0	1	0
137	2	1	1	0	18	967	0	1	1
138	1	1	1	0	28	749	1	0	0
138	2	1	1	0	28	749	1	0	1
139	1	1	1	0	26	749	1	0	0
139	2	1	1	0	26	749	1	0	1
140	1	1	1	0	26	1836	1	0	0
140	2	1	1	0	26	1836	1	0	1
141	1	1	1	0	0	81	0	1	0
141	2	1	1	0	0	81	0	1	1
142	1	1	1	0	14	775	0	1	0
142	2	1	1	0	14	775	0	1	1
143	1	1	1	0	14	775	0	1	0
143	2	1	1	0	14	775	0	1	1
144	1	1	1	0	22	1383	0	1	0
144	2	1	1	0	22	1383	0	1	1
145	1	1	1	0	22	1383	0	1	0
145	2	1	1	0	22	1383	0	1	1
146	1	1	1	0	24	1620	0	1	0
146	2	1	1	0	24	1620	0	1	1
147	1	1	1	0	24	1620	0	1	0
147	2	1	1	0	24	1620	0	1	1
148	1	1	1	0	28	1287	0	1	0
148	2	1	1	0	28	1287	0	1	1
149	1	1	1	0	28	185	0	1	0
149	2	1	1	0	28	185	0	1	1
150	1	1	1	0	28	749	0	1	0
150	2	1	1	0	28	749	0	1	1
151	1	1	1	0	28	749	0	1	0
151	2	1	1	0	28	749	0	1	1
152	1	1	1	0	28	749	0	1	0
152	2	1	1	0	28	749	0	1	1
153	1	1	1	0	28	749	0	1	0
153	2	1	1	0	28	749	0	1	1
154	1	1	1	0	28	749	0	1	0
154	2	1	1	0	28	749	0	1	1
155	1	1	1	0	28	2196	0	1	0
155	2	1	1	0	28	2196	0	1	1
156	1	1	1	0	28	2196	0	1	0
156	2	1	1	0	28	2196	0	1	1
157	1	1	1	0	28	1479	0	1	0
157	2	1	1	0	28	1479	0	1	1
158	1	1	1	0	28	185	0	1	0
158	2	1	1	0	28	185	0	1	1
159	1	1	1	0	28	749	0	1	0
159	2	1	1	0	28	749	0	1	1
160	1	1	1	0	28	749	0	1	0
160	2	1	1	0	28	749	0	1	1
161	1	1	1	0	28	749	0	1	0
161	2	1	1	0	28	749	0	1	1
162	1	1	1	0	28	749	0	1	0
162	2	1	1	0	28	749	0	1	1
163	1	1	1	0	28	749	0	1	0
163	2	1	1	0	28	749	0	1	1
164	1	1	1	0	28	749	0	1	0
164	2	1	1	0	28	749	0	1	1
165	1	1	1	0	28	749	0	1	0
165	2	1	1	0	28	749	0	1	1
166	1	1	1	0	28	749	0	1	0
166	2	1	1	0	28	749	0	1	1
167	1	1	1	0	28	749	0	1	0
167	2	1	1	0	28	749	0	1	1
169	1	1	1	0	28	749	0	1	0
169	2	1	1	0	28	749	0	1	1
170	1	1	1	0	28	2196	0	1	0
170	2	1	1	0	28	2196	0	1	1
171	1	1	1	0	28	2196	0	1	0
171	2	1	1	0	28	2196	0	1	1
172	1	1	1	0	28	1479	0	1	0
172	2	1	1	0	28	1479	0	1	1
173	1	1	1	0	28	749	0	1	0
173	2	1	1	0	28	749	0	1	1
174	1	1	1	0	28	749	0	1	0
174	2	1	1	0	28	749	0	1	1
175	1	1	1	0	28	749	0	1	0
175	2	1	1	0	28	749	0	1	1
176	1	1	1	0	28	749	0	1	0
176	2	1	1	0	28	749	0	1	1
178	1	1	1	0	28	749	0	1	0
178	2	1	1	0	28	749	0	1	1
179	1	1	1	0	28	749	0	1	0
179	2	1	1	0	28	749	0	1	1
180	1	1	1	0	28	749	0	1	0
180	2	1	1	0	28	749	0	1	1
181	1	1	1	0	28	749	0	1	0
181	2	1	1	0	28	749	0	1	1
182	1	1	1	0	28	749	0	1	0
182	2	1	1	0	28	749	0	1	1
183	1	1	1	0	28	749	0	1	0
183	2	1	1	0	28	749	0	1	1
184	1	1	1	0	28	749	0	1	0
184	2	1	1	0	28	749	0	1	1
185	1	1	1	0	28	2196	0	1	0
185	2	1	1	0	28	2196	0	1	1
186	1	1	1	0	28	2196	0	1	0
186	2	1	1	0	28	2196	0	1	1
187	1	1	1	0	28	749	0	1	0
187	2	1	1	0	28	749	0	1	1
188	1	1	1	0	28	749	0	1	0
188	2	1	1	0	28	749	0	1	1
189	1	1	1	0	28	749	0	1	0
189	2	1	1	0	28	749	0	1	1
190	1	1	1	0	28	749	0	1	0
190	2	1	1	0	28	749	0	1	1
191	1	1	1	0	28	749	0	1	0
191	2	1	1	0	28	749	0	1	1
192	1	1	1	0	28	749	0	1	0
192	2	1	1	0	28	749	0	1	1
193	1	1	1	0	28	749	0	1	0
193	2	1	1	0	28	749	0	1	1
194	1	1	1	0	28	749	0	1	0
194	2	1	1	0	28	749	0	1	1
195	1	1	1	0	28	749	0	1	0
195	2	1	1	0	28	749	0	1	1
197	1	1	1	0	28	749	0	1	0
197	2	1	1	0	28	749	0	1	1
198	1	1	1	0	28	749	0	1	0
198	2	1	1	0	28	749	0	1	1
199	1	1	1	0	28	749	0	1	0
199	2	1	1	0	28	749	0	1	1
200	1	1	1	0	28	2196	0	1	0
200	2	1	1	0	28	2196	0	1	1
201	1	1	1	0	28	2196	0	1	0
201	2	1	1	0	28	2196	0	1	1
202	1	1	1	0	28	1479	0	1	0
202	2	1	1	0	28	1479	0	1	1
203	1	1	1	0	28	749	0	1	0
203	2	1	1	0	28	749	0	1	1
204	1	1	1	0	28	749	0	1	0
204	2	1	1	0	28	749	0	1	1
206	1	1	1	0	28	749	0	1	0
206	2	1	1	0	28	749	0	1	1
207	1	1	1	0	28	749	0	1	0
207	2	1	1	0	28	749	0	1	1
208	1	1	1	0	28	749	0	1	0
208	2	1	1	0	28	749	0	1	1
209	1	1	1	0	28	749	0	1	0
209	2	1	1	0	28	749	0	1	1
210	1	1	1	0	28	749	0	1	0
210	2	1	1	0	28	749	0	1	1
211	1	1	1	0	28	749	0	1	0
211	2	1	1	0	28	749	0	1	1
212	1	1	1	0	28	749	0	1	0
212	2	1	1	0	28	749	0	1	1
213	1	1	1	0	28	749	0	1	0
213	2	1	1	0	28	749	0	1	1
215	1	1	1	0	28	2196	0	1	0
215	2	1	1	0	28	2196	0	1	1
216	1	1	1	0	28	2196	0	1	0
216	2	1	1	0	28	2196	0	1	1
217	1	1	1	0	28	1479	0	1	0
217	2	1	1	0	28	1479	0	1	1
218	1	1	1	0	28	749	0	1	0
218	2	1	1	0	28	749	0	1	1
219	1	1	1	0	28	749	0	1	0
219	2	1	1	0	28	749	0	1	1
220	1	1	1	0	28	749	0	1	0
220	2	1	1	0	28	749	0	1	1
221	1	1	1	0	28	749	0	1	0
221	2	1	1	0	28	749	0	1	1
222	1	1	1	0	28	749	0	1	0
222	2	1	1	0	28	749	0	1	1
223	1	1	1	0	28	749	0	1	0
223	2	1	1	0	28	749	0	1	1
225	1	1	1	0	28	749	0	1	0
225	2	1	1	0	28	749	0	1	1
226	1	1	1	0	28	749	0	1	0
226	2	1	1	0	28	749	0	1	1
227	1	1	1	0	28	749	0	1	0
227	2	1	1	0	28	749	0	1	1
228	1	1	1	0	28	749	0	1	0
228	2	1	1	0	28	749	0	1	1
229	1	1	1	0	28	749	0	1	0
229	2	1	1	0	28	749	0	1	1
230	1	1	1	0	28	2196	0	1	0
230	2	1	1	0	28	2196	0	1	1
231	1	1	1	0	28	2196	0	1	0
231	2	1	1	0	28	2196	0	1	1
232	1	1	1	0	28	1479	0	1	0
232	2	1	1	0	28	1479	0	1	1
233	1	1	1	0	28	185	0	1	0
233	2	1	1	0	28	185	0	1	1
234	1	1	1	0	28	749	0	1	0
234	2	1	1	0	28	749	0	1	1
235	1	1	1	0	28	749	0	1	0
235	2	1	1	0	28	749	0	1	1
236	1	1	1	0	28	749	0	1	0
236	2	1	1	0	28	749	0	1	1
237	1	1	1	0	28	749	0	1	0
237	2	1	1	0	28	749	0	1	1
238	1	1	1	0	28	749	0	1	0
238	2	1	1	0	28	749	0	1	1
239	1	1	1	0	28	749	0	1	0
239	2	1	1	0	28	749	0	1	1
240	1	1	1	0	28	749	0	1	0
240	2	1	1	0	28	749	0	1	1
241	1	1	1	0	28	749	0	1	0
241	2	1	1	0	28	749	0	1	1
243	1	1	1	0	28	749	0	1	0
243	2	1	1	0	28	749	0	1	1
244	1	1	1	0	28	749	0	1	0
244	2	1	1	0	28	749	0	1	1
245	1	1	1	0	28	2196	0	1	0
245	2	1	1	0	28	2196	0	1	1
246	1	1	1	0	28	2196	0	1	0
246	2	1	1	0	28	2196	0	1	1
247	1	1	1	0	28	1479	0	1	0
247	2	1	1	0	28	1479	0	1	1
248	1	1	1	0	28	749	0	1	0
248	2	1	1	0	28	749	0	1	1
249	1	1	1	0	28	749	0	1	0
249	2	1	1	0	28	749	0	1	1
250	1	1	1	0	28	749	0	1	0
250	2	1	1	0	28	749	0	1	1
251	1	1	1	0	28	749	0	1	0
251	2	1	1	0	28	749	0	1	1
253	1	1	1	0	28	749	0	1	0
253	2	1	1	0	28	749	0	1	1
254	1	1	1	0	28	749	0	1	0
254	2	1	1	0	28	749	0	1	1
255	1	1	1	0	28	749	0	1	0
255	2	1	1	0	28	749	0	1	1
256	1	1	1	0	28	749	0	1	0
256	2	1	1	0	28	749	0	1	1
257	1	1	1	0	28	749	0	1	0
257	2	1	1	0	28	749	0	1	1
258	1	1	1	0	28	749	0	1	0
258	2	1	1	0	28	749	0	1	1
259	1	1	1	0	28	749	0	1	0
259	2	1	1	0	28	749	0	1	1
260	1	1	1	0	28	2196	0	1	0
260	2	1	1	0	28	2196	0	1	1
261	1	1	1	0	28	2196	0	1	0
261	2	1	1	0	28	2196	0	1	1
262	1	1	1	0	28	749	0	1	0
262	2	1	1	0	28	749	0	1	1
263	1	1	1	0	28	749	0	1	0
263	2	1	1	0	28	749	0	1	1
264	1	1	1	0	28	749	0	1	0
264	2	1	1	0	28	749	0	1	1
265	1	1	1	0	28	749	0	1	0
265	2	1	1	0	28	749	0	1	1
266	1	1	1	0	28	749	0	1	0
266	2	1	1	0	28	749	0	1	1
267	1	1	1	0	28	749	0	1	0
267	2	1	1	0	28	749	0	1	1
268	1	1	1	0	28	749	0	1	0
268	2	1	1	0	28	749	0	1	1
269	1	1	1	0	28	749	0	1	0
269	2	1	1	0	28	749	0	1	1
271	1	1	1	0	28	749	0	1	0
271	2	1	1	0	28	749	0	1	1
272	1	1	1	0	28	749	0	1	0
272	2	1	1	0	28	749	0	1	1
273	1	1	1	0	28	749	0	1	0
273	2	1	1	0	28	749	0	1	1
274	1	1	1	0	28	749	0	1	0
274	2	1	1	0	28	749	0	1	1
275	1	1	1	0	28	2196	0	1	0
275	2	1	1	0	28	2196	0	1	1
276	1	1	1	0	28	2196	0	1	0
276	2	1	1	0	28	2196	0	1	1
277	1	1	1	0	28	1479	0	1	0
277	2	1	1	0	28	1479	0	1	1
278	1	1	1	0	28	749	0	1	0
278	2	1	1	0	28	749	0	1	1
279	1	1	1	0	28	749	0	1	0
279	2	1	1	0	28	749	0	1	1
281	1	1	1	0	28	749	0	1	0
281	2	1	1	0	28	749	0	1	1
282	1	1	1	0	28	749	0	1	0
282	2	1	1	0	28	749	0	1	1
283	1	1	1	0	28	749	0	1	0
283	2	1	1	0	28	749	0	1	1
284	1	1	1	0	28	749	0	1	0
284	2	1	1	0	28	749	0	1	1
285	1	1	1	0	28	749	0	1	0
285	2	1	1	0	28	749	0	1	1
286	1	1	1	0	28	749	0	1	0
286	2	1	1	0	28	749	0	1	1
287	1	1	1	0	28	749	0	1	0
287	2	1	1	0	28	749	0	1	1
288	1	1	1	0	28	749	0	1	0
288	2	1	1	0	28	749	0	1	1
290	1	1	1	0	28	2196	0	1	0
290	2	1	1	0	28	2196	0	1	1
291	1	1	1	0	28	2196	0	1	0
291	2	1	1	0	28	2196	0	1	1
292	1	1	1	0	28	1479	0	1	0
292	2	1	1	0	28	1479	0	1	1
293	1	1	1	0	28	749	0	1	0
293	2	1	1	0	28	749	0	1	1
294	1	1	1	0	28	749	0	1	0
294	2	1	1	0	28	749	0	1	1
295	1	1	1	0	28	749	0	1	0
295	2	1	1	0	28	749	0	1	1
296	1	1	1	0	28	749	0	1	0
296	2	1	1	0	28	749	0	1	1
297	1	1	1	0	28	749	0	1	0
297	2	1	1	0	28	749	0	1	1
299	1	1	1	0	28	749	0	1	0
299	2	1	1	0	28	749	0	1	1
300	1	1	1	0	28	749	0	1	0
300	2	1	1	0	28	749	0	1	1
301	1	1	1	0	28	749	0	1	0
301	2	1	1	0	28	749	0	1	1
302	1	1	1	0	28	749	0	1	0
302	2	1	1	0	28	749	0	1	1
303	1	1	1	0	28	749	0	1	0
303	2	1	1	0	28	749	0	1	1
304	1	1	1	0	28	749	0	1	0
304	2	1	1	0	28	749	0	1	1
305	1	1	1	0	28	2196	0	1	0
305	2	1	1	0	28	2196	0	1	1
306	1	1	1	0	28	2196	0	1	0
306	2	1	1	0	28	2196	0	1	1
307	1	1	1	0	28	1479	0	1	0
307	2	1	1	0	28	1479	0	1	1
308	1	1	1	0	28	185	0	1	0
308	2	1	1	0	28	185	0	1	1
309	1	1	1	0	28	749	0	1	0
309	2	1	1	0	28	749	0	1	1
310	1	1	1	0	28	749	0	1	0
310	2	1	1	0	28	749	0	1	1
311	1	1	1	0	28	749	0	1	0
311	2	1	1	0	28	749	0	1	1
312	1	1	1	0	28	749	0	1	0
312	2	1	1	0	28	749	0	1	1
313	1	1	1	0	28	749	0	1	0
313	2	1	1	0	28	749	0	1	1
314	1	1	1	0	28	749	0	1	0
314	2	1	1	0	28	749	0	1	1
315	1	1	1	0	28	749	0	1	0
315	2	1	1	0	28	749	0	1	1
316	1	1	1	0	28	749	0	1	0
316	2	1	1	0	28	749	0	1	1
318	1	1	1	0	28	749	0	1	0
318	2	1	1	0	28	749	0	1	1
319	1	1	1	0	28	749	0	1	0
319	2	1	1	0	28	749	0	1	1
320	1	1	1	0	28	2196	0	1	0
320	2	1	1	0	28	2196	0	1	1
321	1	1	1	0	28	2196	0	1	0
321	2	1	1	0	28	2196	0	1	1
322	1	1	1	0	28	1479	0	1	0
322	2	1	1	0	28	1479	0	1	1
323	1	1	1	0	28	749	0	1	0
323	2	1	1	0	28	749	0	1	1
324	1	1	1	0	28	749	0	1	0
324	2	1	1	0	28	749	0	1	1
325	1	1	1	0	28	749	0	1	0
325	2	1	1	0	28	749	0	1	1
327	1	1	1	0	28	749	0	1	0
327	2	1	1	0	28	749	0	1	1
328	1	1	1	0	28	749	0	1	0
328	2	1	1	0	28	749	0	1	1
329	1	1	1	0	28	749	0	1	0
329	2	1	1	0	28	749	0	1	1
330	1	1	1	0	28	749	0	1	0
330	2	1	1	0	28	749	0	1	1
331	1	1	1	0	28	749	0	1	0
331	2	1	1	0	28	749	0	1	1
332	1	1	1	0	28	749	0	1	0
332	2	1	1	0	28	749	0	1	1
333	1	1	1	0	28	749	0	1	0
333	2	1	1	0	28	749	0	1	1
334	1	1	1	0	28	749	0	1	0
334	2	1	1	0	28	749	0	1	1
335	1	1	1	0	28	2196	0	1	0
335	2	1	1	0	28	2196	0	1	1
336	1	1	1	0	28	2196	0	1	0
336	2	1	1	0	28	2196	0	1	1
337	1	1	1	0	28	749	0	1	0
337	2	1	1	0	28	749	0	1	1
338	1	1	1	0	28	749	0	1	0
338	2	1	1	0	28	749	0	1	1
339	1	1	1	0	28	749	0	1	0
339	2	1	1	0	28	749	0	1	1
340	1	1	1	0	28	749	0	1	0
340	2	1	1	0	28	749	0	1	1
341	1	1	1	0	28	749	0	1	0
341	2	1	1	0	28	749	0	1	1
342	1	1	1	0	28	749	0	1	0
342	2	1	1	0	28	749	0	1	1
343	1	1	1	0	28	749	0	1	0
343	2	1	1	0	28	749	0	1	1
344	1	1	1	0	28	749	0	1	0
344	2	1	1	0	28	749	0	1	1
346	1	1	1	0	28	749	0	1	0
346	2	1	1	0	28	749	0	1	1
347	1	1	1	0	28	749	0	1	0
347	2	1	1	0	28	749	0	1	1
348	1	1	1	0	28	749	0	1	0
348	2	1	1	0	28	749	0	1	1
349	1	1	1	0	28	749	0	1	0
349	2	1	1	0	28	749	0	1	1
350	1	1	1	0	28	2196	0	1	0
350	2	1	1	0	28	2196	0	1	1
351	1	1	1	0	28	2196	0	1	0
351	2	1	1	0	28	2196	0	1	1
352	1	1	1	0	28	1479	0	1	0
352	2	1	1	0	28	1479	0	1	1
353	1	1	1	0	28	749	0	1	0
353	2	1	1	0	28	749	0	1	1
354	1	1	1	0	28	185	0	1	0
354	2	1	1	0	28	185	0	1	1
355	1	1	1	0	28	749	0	1	0
355	2	1	1	0	28	749	0	1	1
356	1	1	1	0	28	749	0	1	0
356	2	1	1	0	28	749	0	1	1
357	1	1	1	0	28	749	0	1	0
357	2	1	1	0	28	749	0	1	1
358	1	1	1	0	28	749	0	1	0
358	2	1	1	0	28	749	0	1	1
359	1	1	1	0	28	749	0	1	0
359	2	1	1	0	28	749	0	1	1
360	1	1	1	0	28	749	0	1	0
360	2	1	1	0	28	749	0	1	1
361	1	1	1	0	28	749	0	1	0
361	2	1	1	0	28	749	0	1	1
362	1	1	1	0	28	749	0	1	0
362	2	1	1	0	28	749	0	1	1
363	1	1	1	0	28	749	0	1	0
363	2	1	1	0	28	749	0	1	1
365	1	1	1	0	28	2196	0	1	0
365	2	1	1	0	28	2196	0	1	1
366	1	1	1	0	28	2196	0	1	0
366	2	1	1	0	28	2196	0	1	1
367	1	1	1	0	28	1479	0	1	0
367	2	1	1	0	28	1479	0	1	1
368	1	1	1	0	28	749	0	1	0
368	2	1	1	0	28	749	0	1	1
369	1	1	1	0	28	749	0	1	0
369	2	1	1	0	28	749	0	1	1
370	1	1	1	0	28	749	0	1	0
370	2	1	1	0	28	749	0	1	1
371	1	1	1	0	28	749	0	1	0
371	2	1	1	0	28	749	0	1	1
372	1	1	1	0	28	749	0	1	0
372	2	1	1	0	28	749	0	1	1
374	1	1	1	0	28	749	0	1	0
374	2	1	1	0	28	749	0	1	1
375	1	1	1	0	28	749	0	1	0
375	2	1	1	0	28	749	0	1	1
376	1	1	1	0	28	749	0	1	0
376	2	1	1	0	28	749	0	1	1
377	1	1	1	0	28	749	0	1	0
377	2	1	1	0	28	749	0	1	1
378	1	1	1	0	26	749	0	1	0
378	2	1	1	0	26	749	0	1	1
379	1	1	1	0	26	749	0	1	0
379	2	1	1	0	26	749	0	1	1
380	1	1	1	0	20	1191	0	1	0
380	2	1	1	0	20	1191	0	1	1
381	1	1	1	0	20	1191	0	1	0
381	2	1	1	0	20	1191	0	1	1
382	1	1	1	0	16	903	0	1	0
382	2	1	1	0	16	903	0	1	1
383	1	1	1	0	16	903	0	1	0
383	2	1	1	0	16	903	0	1	1
384	1	1	1	0	12	597	0	1	0
384	2	1	1	0	12	597	0	1	1
385	1	1	1	0	12	597	0	1	0
385	2	1	1	0	12	597	0	1	1
386	1	1	1	0	2	133	0	1	0
386	2	1	1	0	2	133	0	1	1
387	1	1	1	0	2	133	0	1	0
387	2	1	1	0	2	133	0	1	1
388	1	1	1	0	6	309	0	1	0
388	2	1	1	0	6	309	0	1	1
389	1	1	1	0	6	309	0	1	0
389	2	1	1	0	6	309	0	1	1
390	1	1	1	0	14	775	0	1	0
390	2	1	1	0	14	775	0	1	1
391	1	1	1	0	14	775	0	1	0
391	2	1	1	0	14	775	0	1	1
392	1	1	1	0	18	967	0	1	0
392	2	1	1	0	18	967	0	1	1
393	1	1	1	0	18	967	0	1	0
393	2	1	1	0	18	967	0	1	1
394	1	1	1	0	20	1191	0	1	0
394	2	1	1	0	20	1191	0	1	1
395	1	1	1	0	20	1191	0	1	0
395	2	1	1	0	20	1191	0	1	1
396	1	1	1	0	22	1383	0	1	0
396	2	1	1	0	22	1383	0	1	1
397	1	1	1	0	22	1383	0	1	0
397	2	1	1	0	22	1383	0	1	1
398	1	1	1	0	24	1620	0	1	0
398	2	1	1	0	24	1620	0	1	1
399	1	1	1	0	24	1620	0	1	0
399	2	1	1	0	24	1620	0	1	1
400	1	1	1	0	26	1527	0	1	0
400	2	1	1	0	26	1527	0	1	1
402	1	1	1	0	28	749	0	1	0
402	2	1	1	0	28	749	0	1	1
403	1	1	1	0	28	749	0	1	0
403	2	1	1	0	28	749	0	1	1
404	1	1	1	0	28	749	0	1	0
404	2	1	1	0	28	749	0	1	1
405	1	1	1	0	28	749	0	1	0
405	2	1	1	0	28	749	0	1	1
406	1	1	1	0	28	749	0	1	0
406	2	1	1	0	28	749	0	1	1
407	1	1	1	0	28	749	0	1	0
407	2	1	1	0	28	749	0	1	1
408	1	1	1	0	28	749	0	1	0
408	2	1	1	0	28	749	0	1	1
409	1	1	1	0	28	749	0	1	0
409	2	1	1	0	28	749	0	1	1
411	1	1	1	0	28	749	0	1	0
411	2	1	1	0	28	749	0	1	1
412	1	1	1	0	28	749	0	1	0
412	2	1	1	0	28	749	0	1	1
413	1	1	1	0	28	2196	0	1	0
413	2	1	1	0	28	2196	0	1	1
414	1	1	1	0	28	1479	0	1	0
414	2	1	1	0	28	1479	0	1	1
415	1	1	1	0	28	749	0	1	0
415	2	1	1	0	28	749	0	1	1
416	1	1	1	0	28	749	0	1	0
416	2	1	1	0	28	749	0	1	1
417	1	1	1	0	28	749	0	1	0
417	2	1	1	0	28	749	0	1	1
418	1	1	1	0	28	749	0	1	0
418	2	1	1	0	28	749	0	1	1
419	1	1	1	0	28	749	0	1	0
419	2	1	1	0	28	749	0	1	1
421	1	1	1	0	28	749	0	1	0
421	2	1	1	0	28	749	0	1	1
422	1	1	1	0	28	749	0	1	0
422	2	1	1	0	28	749	0	1	1
423	1	1	1	0	28	749	0	1	0
423	2	1	1	0	28	749	0	1	1
424	1	1	1	0	28	749	0	1	0
424	2	1	1	0	28	749	0	1	1
425	1	1	1	0	28	749	0	1	0
425	2	1	1	0	28	749	0	1	1
426	1	1	1	0	28	749	0	1	0
426	2	1	1	0	28	749	0	1	1
427	1	1	1	0	28	749	0	1	0
427	2	1	1	0	28	749	0	1	1
428	1	1	1	0	28	2196	0	1	0
428	2	1	1	0	28	2196	0	1	1
429	1	1	1	0	28	749	0	1	0
429	2	1	1	0	28	749	0	1	1
430	1	1	1	0	28	749	0	1	0
430	2	1	1	0	28	749	0	1	1
431	1	1	1	0	28	749	0	1	0
431	2	1	1	0	28	749	0	1	1
432	1	1	1	0	28	749	0	1	0
432	2	1	1	0	28	749	0	1	1
433	1	1	1	0	28	749	0	1	0
433	2	1	1	0	28	749	0	1	1
434	1	1	1	0	28	749	0	1	0
434	2	1	1	0	28	749	0	1	1
435	1	1	1	0	28	749	0	1	0
435	2	1	1	0	28	749	0	1	1
436	1	1	1	0	28	749	0	1	0
436	2	1	1	0	28	749	0	1	1
437	1	1	1	0	28	749	0	1	0
437	2	1	1	0	28	749	0	1	1
439	1	1	1	0	28	749	0	1	0
439	2	1	1	0	28	749	0	1	1
440	1	1	1	0	28	749	0	1	0
440	2	1	1	0	28	749	0	1	1
441	1	1	1	0	28	749	0	1	0
441	2	1	1	0	28	749	0	1	1
442	1	1	1	0	28	749	0	1	0
442	2	1	1	0	28	749	0	1	1
443	1	1	1	0	28	2196	0	1	0
443	2	1	1	0	28	2196	0	1	1
444	1	1	1	0	28	1479	0	1	0
444	2	1	1	0	28	1479	0	1	1
445	1	1	1	0	28	749	0	1	0
445	2	1	1	0	28	749	0	1	1
446	1	1	1	0	28	749	0	1	0
446	2	1	1	0	28	749	0	1	1
447	1	1	1	0	28	749	0	1	0
447	2	1	1	0	28	749	0	1	1
449	1	1	1	0	28	749	0	1	0
449	2	1	1	0	28	749	0	1	1
450	1	1	1	0	28	749	0	1	0
450	2	1	1	0	28	749	0	1	1
451	1	1	1	0	28	749	0	1	0
451	2	1	1	0	28	749	0	1	1
452	1	1	1	0	28	749	0	1	0
452	2	1	1	0	28	749	0	1	1
453	1	1	1	0	28	749	0	1	0
453	2	1	1	0	28	749	0	1	1
454	1	1	1	0	28	749	0	1	0
454	2	1	1	0	28	749	0	1	1
455	1	1	1	0	28	749	0	1	0
455	2	1	1	0	28	749	0	1	1
456	1	1	1	0	28	749	0	1	0
456	2	1	1	0	28	749	0	1	1
458	1	1	1	0	28	2196	0	1	0
458	2	1	1	0	28	2196	0	1	1
459	1	1	1	0	28	1479	0	1	0
459	2	1	1	0	28	1479	0	1	1
460	1	1	1	0	28	749	0	1	0
460	2	1	1	0	28	749	0	1	1
461	1	1	1	0	28	749	0	1	0
461	2	1	1	0	28	749	0	1	1
462	1	1	1	0	28	749	0	1	0
462	2	1	1	0	28	749	0	1	1
463	1	1	1	0	28	749	0	1	0
463	2	1	1	0	28	749	0	1	1
464	1	1	1	0	28	749	0	1	0
464	2	1	1	0	28	749	0	1	1
465	1	1	1	0	28	749	0	1	0
465	2	1	1	0	28	749	0	1	1
467	1	1	1	0	26	749	0	1	0
467	2	1	1	0	26	749	0	1	1
468	1	1	1	0	24	669	0	1	0
468	2	1	1	0	24	669	0	1	1
469	1	1	1	0	24	807	0	1	0
469	2	1	1	0	24	807	0	1	1
470	1	1	1	0	22	693	0	1	0
470	2	1	1	0	22	693	0	1	1
471	1	1	1	0	22	693	0	1	0
471	2	1	1	0	22	693	0	1	1
472	1	1	1	0	20	775	0	1	0
472	2	1	1	0	20	775	0	1	1
473	1	1	1	0	20	1191	0	1	0
473	2	1	1	0	20	1191	0	1	1
474	1	1	1	0	18	967	0	1	0
474	2	1	1	0	18	967	0	1	1
475	1	1	1	0	18	749	0	1	0
475	2	1	1	0	18	749	0	1	1
477	1	1	1	0	16	693	0	1	0
477	2	1	1	0	16	693	0	1	1
478	1	1	1	0	10	469	0	1	0
478	2	1	1	0	10	469	0	1	1
479	1	1	1	0	10	469	0	1	0
479	2	1	1	0	10	469	0	1	1
480	1	1	1	0	10	469	0	1	0
480	2	1	1	0	10	469	0	1	1
481	1	1	1	0	10	469	0	1	0
481	2	1	1	0	10	469	0	1	1
482	1	1	1	0	14	775	0	1	0
482	2	1	1	0	14	775	0	1	1
483	1	1	1	0	14	775	0	1	0
483	2	1	1	0	14	775	0	1	1
484	1	1	1	0	18	967	0	1	0
484	2	1	1	0	18	967	0	1	1
485	1	1	1	0	18	645	0	1	0
485	2	1	1	0	18	645	0	1	1
486	1	1	1	0	20	693	0	1	0
486	2	1	1	0	20	693	0	1	1
487	1	1	1	0	20	693	0	1	0
487	2	1	1	0	20	693	0	1	1
488	1	1	1	0	24	807	0	1	0
488	2	1	1	0	24	807	0	1	1
489	1	1	1	0	24	669	0	1	0
489	2	1	1	0	24	669	0	1	1
490	1	1	1	0	24	807	0	1	0
490	2	1	1	0	24	807	0	1	1
491	1	1	1	0	24	669	0	1	0
491	2	1	1	0	24	669	0	1	1
492	1	1	1	0	26	749	0	1	0
492	2	1	1	0	26	749	0	1	1
493	1	1	1	0	26	749	0	1	0
493	2	1	1	0	26	749	0	1	1
495	1	1	1	0	28	749	0	1	0
495	2	1	1	0	28	749	0	1	1
496	1	1	1	0	28	749	0	1	0
496	2	1	1	0	28	749	0	1	1
497	1	1	1	0	28	749	0	1	0
497	2	1	1	0	28	749	0	1	1
498	1	1	1	0	28	749	0	1	0
498	2	1	1	0	28	749	0	1	1
499	1	1	1	0	28	749	0	1	0
499	2	1	1	0	28	749	0	1	1
500	1	1	1	0	28	749	0	1	0
500	2	1	1	0	28	749	0	1	1
501	1	1	1	0	28	749	0	1	0
501	2	1	1	0	28	749	0	1	1
502	1	1	1	0	28	749	0	1	0
502	2	1	1	0	28	749	0	1	1
503	1	1	1	0	28	749	0	1	0
503	2	1	1	0	28	749	0	1	1
505	1	1	1	0	28	749	0	1	0
505	2	1	1	0	28	749	0	1	1
506	1	1	1	0	28	749	0	1	0
506	2	1	1	0	28	749	0	1	1
507	1	1	1	0	28	749	0	1	0
507	2	1	1	0	28	749	0	1	1
508	1	1	1	0	28	749	0	1	0
508	2	1	1	0	28	749	0	1	1
509	1	1	1	0	28	749	0	1	0
509	2	1	1	0	28	749	0	1	1
510	1	1	1	0	28	749	0	1	0
510	2	1	1	0	28	749	0	1	1
511	1	1	1	0	28	749	0	1	0
511	2	1	1	0	28	749	0	1	1
512	1	1	1	0	28	749	0	1	0
512	2	1	1	0	28	749	0	1	1
514	1	1	1	0	28	749	0	1	0
514	2	1	1	0	28	749	0	1	1
515	1	1	1	0	28	749	0	1	0
515	2	1	1	0	28	749	0	1	1
516	1	1	1	0	28	749	0	1	0
516	2	1	1	0	28	749	0	1	1
517	1	1	1	0	28	749	0	1	0
517	2	1	1	0	28	749	0	1	1
518	1	1	1	0	28	749	0	1	0
518	2	1	1	0	28	749	0	1	1
519	1	1	1	0	28	749	0	1	0
519	2	1	1	0	28	749	0	1	1
520	1	1	1	0	28	749	0	1	0
520	2	1	1	0	28	749	0	1	1
521	1	1	1	0	28	749	0	1	0
521	2	1	1	0	28	749	0	1	1
523	1	1	1	0	28	749	0	1	0
523	2	1	1	0	28	749	0	1	1
524	1	1	1	0	28	749	0	1	0
524	2	1	1	0	28	749	0	1	1
525	1	1	1	0	28	749	0	1	0
525	2	1	1	0	28	749	0	1	1
526	1	1	1	0	28	749	0	1	0
526	2	1	1	0	28	749	0	1	1
527	1	1	1	0	28	749	0	1	0
527	2	1	1	0	28	749	0	1	1
528	1	1	1	0	28	749	0	1	0
528	2	1	1	0	28	749	0	1	1
529	1	1	1	0	28	749	0	1	0
529	2	1	1	0	28	749	0	1	1
530	1	1	1	0	28	749	0	1	0
530	2	1	1	0	28	749	0	1	1
531	1	1	1	0	28	749	0	1	0
531	2	1	1	0	28	749	0	1	1
533	1	1	1	0	28	749	0	1	0
533	2	1	1	0	28	749	0	1	1
534	1	1	1	0	28	749	0	1	0
534	2	1	1	0	28	749	0	1	1
535	1	1	1	0	28	749	0	1	0
535	2	1	1	0	28	749	0	1	1
536	1	1	1	0	28	749	0	1	0
536	2	1	1	0	28	749	0	1	1
537	1	1	1	0	28	749	0	1	0
537	2	1	1	0	28	749	0	1	1
538	1	1	1	0	28	749	0	1	0
538	2	1	1	0	28	749	0	1	1
539	1	1	1	0	28	749	0	1	0
539	2	1	1	0	28	749	0	1	1
540	1	1	1	0	28	749	0	1	0
540	2	1	1	0	28	749	0	1	1
542	1	1	1	0	28	749	0	1	0
542	2	1	1	0	28	749	0	1	1
543	1	1	1	0	28	749	0	1	0
543	2	1	1	0	28	749	0	1	1
544	1	1	1	0	28	749	0	1	0
544	2	1	1	0	28	749	0	1	1
545	1	1	1	0	28	749	0	1	0
545	2	1	1	0	28	749	0	1	1
546	1	1	1	0	28	749	0	1	0
546	2	1	1	0	28	749	0	1	1
547	1	1	1	0	28	749	0	1	0
547	2	1	1	0	28	749	0	1	1
548	1	1	1	0	28	749	0	1	0
548	2	1	1	0	28	749	0	1	1
549	1	1	1	0	28	749	0	1	0
549	2	1	1	0	28	749	0	1	1
551	1	1	1	0	28	749	0	1	0
551	2	1	1	0	28	749	0	1	1
552	1	1	1	0	28	749	0	1	0
552	2	1	1	0	28	749	0	1	1
553	1	1	1	0	28	749	0	1	0
553	2	1	1	0	28	749	0	1	1
554	1	1	1	0	28	749	0	1	0
554	2	1	1	0	28	749	0	1	1
555	1	1	1	0	28	749	0	1	0
555	2	1	1	0	28	749	0	1	1
556	1	1	1	0	26	749	0	1	0
556	2	1	1	0	26	749	0	1	1
557	1	1	1	0	26	749	0	1	0
557	2	1	1	0	26	749	0	1	1
558	1	1	1	0	26	749	0	1	0
558	2	1	1	0	26	749	0	1	1
559	1	1	1	0	26	749	0	1	0
559	2	1	1	0	26	749	0	1	1
561	1	1	1	0	26	749	0	1	0
561	2	1	1	0	26	749	0	1	1
562	1	1	1	0	24	669	0	1	0
562	2	1	1	0	24	669	0	1	1
563	1	1	1	0	24	807	0	1	0
563	2	1	1	0	24	807	0	1	1
564	1	1	1	0	24	669	0	1	0
564	2	1	1	0	24	669	0	1	1
565	1	1	1	0	24	807	0	1	0
565	2	1	1	0	24	807	0	1	1
566	1	1	1	0	24	669	0	1	0
566	2	1	1	0	24	669	0	1	1
567	1	1	1	0	24	807	0	1	0
567	2	1	1	0	24	807	0	1	1
568	1	1	1	0	24	669	0	1	0
568	2	1	1	0	24	669	0	1	1
569	1	1	1	0	26	149	0	1	0
569	2	1	1	0	26	149	0	1	1
570	1	1	1	0	26	749	0	1	0
570	2	1	1	0	26	749	0	1	1
571	1	1	1	0	26	749	0	1	0
571	2	1	1	0	26	749	0	1	1
572	1	1	1	0	26	749	0	1	0
572	2	1	1	0	26	749	0	1	1
573	1	1	1	0	26	749	0	1	0
573	2	1	1	0	26	749	0	1	1
574	1	1	1	0	28	749	0	1	0
574	2	1	1	0	28	749	0	1	1
575	1	1	1	0	28	749	0	1	0
575	2	1	1	0	28	749	0	1	1
576	1	1	1	0	28	749	0	1	0
576	2	1	1	0	28	749	0	1	1
577	1	1	1	0	28	749	0	1	0
577	2	1	1	0	28	749	0	1	1
579	1	1	1	0	28	749	0	1	0
579	2	1	1	0	28	749	0	1	1
580	1	1	1	0	28	749	0	1	0
580	2	1	1	0	28	749	0	1	1
581	1	1	1	0	28	749	0	1	0
581	2	1	1	0	28	749	0	1	1
582	1	1	1	0	28	749	0	1	0
582	2	1	1	0	28	749	0	1	1
583	1	1	1	0	28	749	0	1	0
583	2	1	1	0	28	749	0	1	1
584	1	1	1	0	28	749	0	1	0
584	2	1	1	0	28	749	0	1	1
585	1	1	1	0	28	749	0	1	0
585	2	1	1	0	28	749	0	1	1
586	1	1	1	0	28	749	0	1	0
586	2	1	1	0	28	749	0	1	1
587	1	1	1	0	28	749	0	1	0
587	2	1	1	0	28	749	0	1	1
589	1	1	1	0	28	749	0	1	0
589	2	1	1	0	28	749	0	1	1
590	1	1	1	0	28	749	0	1	0
590	2	1	1	0	28	749	0	1	1
591	1	1	1	0	28	749	0	1	0
591	2	1	1	0	28	749	0	1	1
592	1	1	1	0	28	749	0	1	0
592	2	1	1	0	28	749	0	1	1
593	1	1	1	0	28	749	0	1	0
593	2	1	1	0	28	749	0	1	1
594	1	1	1	0	28	749	0	1	0
594	2	1	1	0	28	749	0	1	1
595	1	1	1	0	28	749	0	1	0
595	2	1	1	0	28	749	0	1	1
596	1	1	1	0	28	749	0	1	0
596	2	1	1	0	28	749	0	1	1
598	1	1	1	0	28	749	0	1	0
598	2	1	1	0	28	749	0	1	1
599	1	1	1	0	28	749	0	1	0
599	2	1	1	0	28	749	0	1	1
600	1	1	1	0	28	749	0	1	0
600	2	1	1	0	28	749	0	1	1
601	1	1	1	0	28	749	0	1	0
601	2	1	1	0	28	749	0	1	1
602	1	1	1	0	28	749	0	1	0
602	2	1	1	0	28	749	0	1	1
603	1	1	1	0	28	749	0	1	0
603	2	1	1	0	28	749	0	1	1
604	1	1	1	0	28	749	0	1	0
604	2	1	1	0	28	749	0	1	1
605	1	1	1	0	28	749	0	1	0
605	2	1	1	0	28	749	0	1	1
607	1	1	1	0	28	749	0	1	0
607	2	1	1	0	28	749	0	1	1
608	1	1	1	0	28	749	0	1	0
608	2	1	1	0	28	749	0	1	1
609	1	1	1	0	28	749	0	1	0
609	2	1	1	0	28	749	0	1	1
610	1	1	1	0	28	749	0	1	0
610	2	1	1	0	28	749	0	1	1
611	1	1	1	0	28	749	0	1	0
611	2	1	1	0	28	749	0	1	1
612	1	1	1	0	28	749	0	1	0
612	2	1	1	0	28	749	0	1	1
613	1	1	1	0	28	749	0	1	0
613	2	1	1	0	28	749	0	1	1
614	1	1	1	0	28	749	0	1	0
614	2	1	1	0	28	749	0	1	1
615	1	1	1	0	28	749	0	1	0
615	2	1	1	0	28	749	0	1	1
617	1	1	1	0	28	749	0	1	0
617	2	1	1	0	28	749	0	1	1
618	1	1	1	0	28	749	0	1	0
618	2	1	1	0	28	749	0	1	1
619	1	1	1	0	28	749	0	1	0
619	2	1	1	0	28	749	0	1	1
620	1	1	1	0	28	749	0	1	0
620	2	1	1	0	28	749	0	1	1
621	1	1	1	0	28	749	0	1	0
621	2	1	1	0	28	749	0	1	1
622	1	1	1	0	28	749	0	1	0
622	2	1	1	0	28	749	0	1	1
623	1	1	1	0	28	749	0	1	0
623	2	1	1	0	28	749	0	1	1
624	1	1	1	0	28	749	0	1	0
624	2	1	1	0	28	749	0	1	1
626	1	1	1	0	28	749	0	1	0
626	2	1	1	0	28	749	0	1	1
627	1	1	1	0	28	749	0	1	0
627	2	1	1	0	28	749	0	1	1
628	1	1	1	0	28	749	0	1	0
628	2	1	1	0	28	749	0	1	1
629	1	1	1	0	28	749	0	1	0
629	2	1	1	0	28	749	0	1	1
630	1	1	1	0	28	749	0	1	0
630	2	1	1	0	28	749	0	1	1
631	1	1	1	0	28	749	0	1	0
631	2	1	1	0	28	749	0	1	1
632	1	1	1	0	28	749	0	1	0
632	2	1	1	0	28	749	0	1	1
633	1	1	1	0	28	749	0	1	0
633	2	1	1	0	28	749	0	1	1
635	1	1	1	0	28	749	0	1	0
635	2	1	1	0	28	749	0	1	1
636	1	1	1	0	28	749	0	1	0
636	2	1	1	0	28	749	0	1	1
637	1	1	1	0	28	749	0	1	0
637	2	1	1	0	28	749	0	1	1
638	1	1	1	0	28	749	0	1	0
638	2	1	1	0	28	749	0	1	1
639	1	1	1	0	28	749	0	1	0
639	2	1	1	0	28	749	0	1	1
640	1	1	1	0	28	749	0	1	0
640	2	1	1	0	28	749	0	1	1
641	1	1	1	0	28	749	0	1	0
641	2	1	1	0	28	749	0	1	1
642	1	1	1	0	28	749	0	1	0
642	2	1	1	0	28	749	0	1	1
643	1	1	1	0	28	749	0	1	0
643	2	1	1	0	28	749	0	1	1
645	1	1	1	0	28	749	0	1	0
645	2	1	1	0	28	749	0	1	1
646	1	1	1	0	28	749	0	1	0
646	2	1	1	0	28	749	0	1	1
647	1	1	1	0	28	749	0	1	0
647	2	1	1	0	28	749	0	1	1
648	1	1	1	0	28	749	0	1	0
648	2	1	1	0	28	749	0	1	1
649	1	1	1	0	28	749	0	1	0
649	2	1	1	0	28	749	0	1	1
650	1	1	1	0	28	749	0	1	0
650	2	1	1	0	28	749	0	1	1
651	1	1	1	0	28	749	0	1	0
651	2	1	1	0	28	749	0	1	1
652	1	1	1	0	28	749	0	1	0
652	2	1	1	0	28	749	0	1	1
654	1	1	1	0	28	749	0	1	0
654	2	1	1	0	28	749	0	1	1
655	1	1	1	0	28	749	0	1	0
655	2	1	1	0	28	749	0	1	1
656	1	1	1	0	28	749	0	1	0
656	2	1	1	0	28	749	0	1	1
657	1	1	1	0	28	749	0	1	0
657	2	1	1	0	28	749	0	1	1
658	1	1	1	0	28	749	0	1	0
658	2	1	1	0	28	749	0	1	1
659	1	1	1	0	28	749	0	1	0
659	2	1	1	0	28	749	0	1	1
660	1	1	1	0	28	749	0	1	0
660	2	1	1	0	28	749	0	1	1
661	1	1	1	0	28	749	0	1	0
661	2	1	1	0	28	749	0	1	1
663	1	1	1	0	28	749	0	1	0
663	2	1	1	0	28	749	0	1	1
664	1	1	1	0	28	749	0	1	0
664	2	1	1	0	28	749	0	1	1
665	1	1	1	0	28	749	0	1	0
665	2	1	1	0	28	749	0	1	1
666	1	1	1	0	28	749	0	1	0
666	2	1	1	0	28	749	0	1	1
667	1	1	1	0	28	749	0	1	0
667	2	1	1	0	28	749	0	1	1
668	1	1	1	0	28	749	0	1	0
668	2	1	1	0	28	749	0	1	1
669	1	1	1	0	28	749	0	1	0
669	2	1	1	0	28	749	0	1	1
670	1	1	1	0	28	749	0	1	0
670	2	1	1	0	28	749	0	1	1
671	1	1	1	0	28	749	0	1	0
671	2	1	1	0	28	749	0	1	1
673	1	1	1	0	28	749	0	1	0
673	2	1	1	0	28	749	0	1	1
674	1	1	1	0	28	749	0	1	0
674	2	1	1	0	28	749	0	1	1
675	1	1	1	0	28	749	0	1	0
675	2	1	1	0	28	749	0	1	1
676	1	1	1	0	28	749	0	1	0
676	2	1	1	0	28	749	0	1	1
677	1	1	1	0	28	749	0	1	0
677	2	1	1	0	28	749	0	1	1
678	1	1	1	0	28	749	0	1	0
678	2	1	1	0	28	749	0	1	1
679	1	1	1	0	28	749	0	1	0
679	2	1	1	0	28	749	0	1	1
680	1	1	1	0	28	749	0	1	0
680	2	1	1	0	28	749	0	1	1
682	1	1	1	0	28	749	0	1	0
682	2	1	1	0	28	749	0	1	1
683	1	1	1	0	28	749	0	1	0
683	2	1	1	0	28	749	0	1	1
684	1	1	1	0	28	749	0	1	0
684	2	1	1	0	28	749	0	1	1
685	1	1	1	0	28	749	0	1	0
685	2	1	1	0	28	749	0	1	1
686	1	1	1	0	28	749	0	1	0
686	2	1	1	0	28	749	0	1	1
687	1	1	1	0	28	749	0	1	0
687	2	1	1	0	28	749	0	1	1
688	1	1	1	0	28	749	0	1	0
688	2	1	1	0	28	749	0	1	1
689	1	1	1	0	28	749	0	1	0
689	2	1	1	0	28	749	0	1	1
691	1	1	1	0	28	749	0	1	0
691	2	1	1	0	28	749	0	1	1
692	1	1	1	0	28	749	0	1	0
692	2	1	1	0	28	749	0	1	1
693	1	1	1	0	28	749	0	1	0
693	2	1	1	0	28	749	0	1	1
694	1	1	1	0	28	749	0	1	0
694	2	1	1	0	28	749	0	1	1
695	1	1	1	0	28	749	0	1	0
695	2	1	1	0	28	749	0	1	1
696	1	1	1	0	28	749	0	1	0
696	2	1	1	0	28	749	0	1	1
697	1	1	1	0	28	749	0	1	0
697	2	1	1	0	28	749	0	1	1
698	1	1	1	0	28	749	0	1	0
698	2	1	1	0	28	749	0	1	1
699	1	1	1	0	28	749	0	1	0
699	2	1	1	0	28	749	0	1	1
701	1	1	1	0	28	749	0	1	0
701	2	1	1	0	28	749	0	1	1
702	1	1	1	0	28	749	0	1	0
702	2	1	1	0	28	749	0	1	1
703	1	1	1	0	28	749	0	1	0
703	2	1	1	0	28	749	0	1	1
704	1	1	1	0	28	749	0	1	0
704	2	1	1	0	28	749	0	1	1
705	1	1	1	0	28	749	0	1	0
705	2	1	1	0	28	749	0	1	1
706	1	1	1	0	28	749	0	1	0
706	2	1	1	0	28	749	0	1	1
707	1	1	1	0	28	749	0	1	0
707	2	1	1	0	28	749	0	1	1
708	1	1	1	0	28	749	0	1	0
708	2	1	1	0	28	749	0	1	1
710	1	1	1	0	28	749	0	1	0
710	2	1	1	0	28	749	0	1	1
711	1	1	1	0	28	749	0	1	0
711	2	1	1	0	28	749	0	1	1
712	1	1	1	0	28	749	0	1	0
712	2	1	1	0	28	749	0	1	1
713	1	1	1	0	28	749	0	1	0
713	2	1	1	0	28	749	0	1	1
714	1	1	1	0	28	749	0	1	0
714	2	1	1	0	28	749	0	1	1
715	1	1	1	0	28	749	0	1	0
715	2	1	1	0	28	749	0	1	1
716	1	1	1	0	28	749	0	1	0
716	2	1	1	0	28	749	0	1	1
717	1	1	1	0	28	749	0	1	0
717	2	1	1	0	28	749	0	1	1
719	1	1	1	0	28	749	0	1	0
719	2	1	1	0	28	749	0	1	1
720	1	1	1	0	28	749	0	1	0
720	2	1	1	0	28	749	0	1	1
721	1	1	1	0	28	749	0	1	0
721	2	1	1	0	28	749	0	1	1
722	1	1	1	0	28	749	0	1	0
722	2	1	1	0	28	749	0	1	1
723	1	1	1	0	28	749	0	1	0
723	2	1	1	0	28	749	0	1	1
724	1	1	1	0	28	749	0	1	0
724	2	1	1	0	28	749	0	1	1
725	1	1	1	0	28	749	0	1	0
725	2	1	1	0	28	749	0	1	1
726	1	1	1	0	28	749	0	1	0
726	2	1	1	0	28	749	0	1	1
727	1	1	1	0	28	749	0	1	0
727	2	1	1	0	28	749	0	1	1
729	1	1	1	0	28	749	0	1	0
729	2	1	1	0	28	749	0	1	1
730	1	1	1	0	28	749	0	1	0
730	2	1	1	0	28	749	0	1	1
731	1	1	1	0	28	749	0	1	0
731	2	1	1	0	28	749	0	1	1
732	1	1	1	0	28	749	0	1	0
732	2	1	1	0	28	749	0	1	1
733	1	1	1	0	28	749	0	1	0
733	2	1	1	0	28	749	0	1	1
734	1	1	1	0	28	749	0	1	0
734	2	1	1	0	28	749	0	1	1
735	1	1	1	0	28	749	0	1	0
735	2	1	1	0	28	749	0	1	1
736	1	1	1	0	28	749	0	1	0
736	2	1	1	0	28	749	0	1	1
738	1	1	1	0	28	749	0	1	0
738	2	1	1	0	28	749	0	1	1
739	1	1	1	0	28	749	0	1	0
739	2	1	1	0	28	749	0	1	1
740	1	1	1	0	28	749	0	1	0
740	2	1	1	0	28	749	0	1	1
741	1	1	1	0	28	749	0	1	0
741	2	1	1	0	28	749	0	1	1
742	1	1	1	0	28	749	0	1	0
742	2	1	1	0	28	749	0	1	1
743	1	1	1	0	28	749	0	1	0
743	2	1	1	0	28	749	0	1	1
744	1	1	1	0	28	749	0	1	0
744	2	1	1	0	28	749	0	1	1
745	1	1	1	0	28	749	0	1	0
745	2	1	1	0	28	749	0	1	1
747	1	1	1	0	28	749	0	1	0
747	2	1	1	0	28	749	0	1	1
748	1	1	1	0	28	749	0	1	0
748	2	1	1	0	28	749	0	1	1
749	1	1	1	0	28	749	0	1	0
749	2	1	1	0	28	749	0	1	1
750	1	1	1	0	28	749	0	1	0
750	2	1	1	0	28	749	0	1	1
751	1	1	1	0	28	749	0	1	0
751	2	1	1	0	28	749	0	1	1
752	1	1	1	0	28	749	0	1	0
752	2	1	1	0	28	749	0	1	1
753	1	1	1	0	28	749	0	1	0
753	2	1	1	0	28	749	0	1	1
754	1	1	1	0	28	749	0	1	0
754	2	1	1	0	28	749	0	1	1
755	1	1	1	0	28	749	0	1	0
755	2	1	1	0	28	749	0	1	1
757	1	1	1	0	28	749	0	1	0
757	2	1	1	0	28	749	0	1	1
758	1	1	1	0	28	749	0	1	0
758	2	1	1	0	28	749	0	1	1
759	1	1	1	0	28	749	0	1	0
759	2	1	1	0	28	749	0	1	1
760	1	1	1	0	28	749	0	1	0
760	2	1	1	0	28	749	0	1	1
761	1	1	1	0	28	749	0	1	0
761	2	1	1	0	28	749	0	1	1
762	1	1	1	0	28	749	0	1	0
762	2	1	1	0	28	749	0	1	1
763	1	1	1	0	28	749	0	1	0
763	2	1	1	0	28	749	0	1	1
764	1	1	1	0	28	749	0	1	0
764	2	1	1	0	28	749	0	1	1
766	1	1	1	0	28	749	0	1	0
766	2	1	1	0	28	749	0	1	1
767	1	1	1	0	28	749	0	1	0
767	2	1	1	0	28	749	0	1	1
768	1	1	1	0	28	749	0	1	0
768	2	1	1	0	28	749	0	1	1
769	1	1	1	0	28	749	0	1	0
769	2	1	1	0	28	749	0	1	1
770	1	1	1	0	28	749	0	1	0
770	2	1	1	0	28	749	0	1	1
771	1	1	1	0	28	749	0	1	0
771	2	1	1	0	28	749	0	1	1
772	1	1	1	0	28	749	0	1	0
772	2	1	1	0	28	749	0	1	1
773	1	1	1	0	28	749	0	1	0
773	2	1	1	0	28	749	0	1	1
775	1	1	1	0	28	749	0	1	0
775	2	1	1	0	28	749	0	1	1
776	1	1	1	0	28	749	0	1	0
776	2	1	1	0	28	749	0	1	1
777	1	1	1	0	28	749	0	1	0
777	2	1	1	0	28	749	0	1	1
778	1	1	1	0	28	749	0	1	0
778	2	1	1	0	28	749	0	1	1
779	1	1	1	0	28	749	0	1	0
779	2	1	1	0	28	749	0	1	1
780	1	1	1	0	28	749	0	1	0
780	2	1	1	0	28	749	0	1	1
781	1	1	1	0	28	749	0	1	0
781	2	1	1	0	28	749	0	1	1
782	1	1	1	0	28	749	0	1	0
782	2	1	1	0	28	749	0	1	1
783	1	1	1	0	28	749	0	1	0
783	2	1	1	0	28	749	0	1	1
785	1	1	1	0	28	749	0	1	0
785	2	1	1	0	28	749	0	1	1
786	1	1	1	0	28	749	0	1	0
786	2	1	1	0	28	749	0	1	1
787	1	1	1	0	28	749	0	1	0
787	2	1	1	0	28	749	0	1	1
788	1	1	1	0	28	749	0	1	0
788	2	1	1	0	28	749	0	1	1
789	1	1	1	0	28	749	0	1	0
789	2	1	1	0	28	749	0	1	1
790	1	1	1	0	28	749	0	1	0
790	2	1	1	0	28	749	0	1	1
791	1	1	1	0	28	749	0	1	0
791	2	1	1	0	28	749	0	1	1
792	1	1	1	0	28	749	0	1	0
792	2	1	1	0	28	749	0	1	1
794	1	1	1	0	28	749	0	1	0
794	2	1	1	0	28	749	0	1	1
795	1	1	1	0	28	749	0	1	0
795	2	1	1	0	28	749	0	1	1
796	1	1	1	0	28	749	0	1	0
796	2	1	1	0	28	749	0	1	1
797	1	1	1	0	28	749	0	1	0
797	2	1	1	0	28	749	0	1	1
798	1	1	1	0	28	749	0	1	0
798	2	1	1	0	28	749	0	1	1
799	1	1	1	0	28	749	0	1	0
799	2	1	1	0	28	749	0	1	1
800	1	1	1	0	28	749	0	1	0
800	2	1	1	0	28	749	0	1	1
801	1	1	1	0	28	749	0	1	0
801	2	1	1	0	28	749	0	1	1
803	1	1	1	0	28	749	0	1	0
803	2	1	1	0	28	749	0	1	1
804	1	1	1	0	28	749	0	1	0
804	2	1	1	0	28	749	0	1	1
805	1	1	1	0	28	749	0	1	0
805	2	1	1	0	28	749	0	1	1
806	1	1	1	0	28	749	0	1	0
806	2	1	1	0	28	749	0	1	1
807	1	1	1	0	28	749	0	1	0
807	2	1	1	0	28	749	0	1	1
808	1	1	1	0	28	749	0	1	0
808	2	1	1	0	28	749	0	1	1
809	1	1	1	0	28	749	0	1	0
809	2	1	1	0	28	749	0	1	1
810	1	1	1	0	28	749	0	1	0
810	2	1	1	0	28	749	0	1	1
811	1	1	1	0	28	749	0	1	0
811	2	1	1	0	28	749	0	1	1
813	1	1	1	0	28	749	0	1	0
813	2	1	1	0	28	749	0	1	1
814	1	1	1	0	28	749	0	1	0
814	2	1	1	0	28	749	0	1	1
815	1	1	1	0	28	749	0	1	0
815	2	1	1	0	28	749	0	1	1
816	1	1	1	0	28	749	0	1	0
816	2	1	1	0	28	749	0	1	1
817	1	1	1	0	28	749	0	1	0
817	2	1	1	0	28	749	0	1	1
818	1	1	1	0	28	749	0	1	0
818	2	1	1	0	28	749	0	1	1
819	1	1	1	0	28	749	0	1	0
819	2	1	1	0	28	749	0	1	1
820	1	1	1	0	28	749	0	1	0
820	2	1	1	0	28	749	0	1	1
822	1	1	1	0	28	749	0	1	0
822	2	1	1	0	28	749	0	1	1
823	1	1	1	0	28	749	0	1	0
823	2	1	1	0	28	749	0	1	1
824	1	1	1	0	28	749	0	1	0
824	2	1	1	0	28	749	0	1	1
825	1	1	1	0	28	749	0	1	0
825	2	1	1	0	28	749	0	1	1
826	1	1	1	0	28	749	0	1	0
826	2	1	1	0	28	749	0	1	1
827	1	1	1	0	28	749	0	1	0
827	2	1	1	0	28	749	0	1	1
828	1	1	1	0	28	749	0	1	0
828	2	1	1	0	28	749	0	1	1
829	1	1	1	0	28	749	0	1	0
829	2	1	1	0	28	749	0	1	1
831	1	1	1	0	28	749	0	1	0
831	2	1	1	0	28	749	0	1	1
832	1	1	1	0	28	749	0	1	0
832	2	1	1	0	28	749	0	1	1
833	1	1	1	0	28	749	0	1	0
833	2	1	1	0	28	749	0	1	1
834	1	1	1	0	28	749	0	1	0
834	2	1	1	0	28	749	0	1	1
835	1	1	1	0	28	749	0	1	0
835	2	1	1	0	28	749	0	1	1
836	1	1	1	0	28	749	0	1	0
836	2	1	1	0	28	749	0	1	1
837	1	1	1	0	28	749	0	1	0
837	2	1	1	0	28	749	0	1	1
838	1	1	1	0	28	749	0	1	0
838	2	1	1	0	28	749	0	1	1
839	1	1	1	0	28	749	0	1	0
839	2	1	1	0	28	749	0	1	1
841	1	1	1	0	28	749	0	1	0
841	2	1	1	0	28	749	0	1	1
842	1	1	1	0	28	749	0	1	0
842	2	1	1	0	28	749	0	1	1
843	1	1	1	0	28	749	0	1	0
843	2	1	1	0	28	749	0	1	1
844	1	1	1	0	28	749	0	1	0
844	2	1	1	0	28	749	0	1	1
845	1	1	1	0	28	749	0	1	0
845	2	1	1	0	28	749	0	1	1
846	1	1	1	0	28	749	0	1	0
846	2	1	1	0	28	749	0	1	1
847	1	1	1	0	28	749	0	1	0
847	2	1	1	0	28	749	0	1	1
848	1	1	1	0	28	749	0	1	0
848	2	1	1	0	28	749	0	1	1
850	1	1	1	0	28	749	0	1	0
850	2	1	1	0	28	749	0	1	1
851	1	1	1	0	28	749	0	1	0
851	2	1	1	0	28	749	0	1	1
852	1	1	1	0	26	749	0	1	0
852	2	1	1	0	26	749	0	1	1
853	1	1	1	0	26	749	0	1	0
853	2	1	1	0	26	749	0	1	1
854	1	1	1	0	24	669	0	1	0
854	2	1	1	0	24	669	0	1	1
855	1	1	1	0	24	807	0	1	0
855	2	1	1	0	24	807	0	1	1
856	1	1	1	0	24	669	0	1	0
856	2	1	1	0	24	669	0	1	1
857	1	1	1	0	24	807	0	1	0
857	2	1	1	0	24	807	0	1	1
859	1	1	1	0	22	693	0	1	0
859	2	1	1	0	22	693	0	1	1
860	1	1	1	0	20	693	0	1	0
860	2	1	1	0	20	693	0	1	1
861	1	1	1	0	20	775	0	1	0
861	2	1	1	0	20	775	0	1	1
862	1	1	1	0	18	749	0	1	0
862	2	1	1	0	18	749	0	1	1
863	1	1	1	0	18	749	0	1	0
863	2	1	1	0	18	749	0	1	1
864	1	1	1	0	14	717	0	1	0
864	2	1	1	0	14	717	0	1	1
865	1	1	1	0	14	717	0	1	0
865	2	1	1	0	14	717	0	1	1
866	1	1	1	0	10	469	0	1	0
866	2	1	1	0	10	469	0	1	1
867	1	1	1	0	10	469	0	1	0
867	2	1	1	0	10	469	0	1	1
868	1	1	1	0	8	421	0	1	0
868	2	1	1	0	8	421	0	1	1
869	1	1	1	0	8	421	0	1	0
869	2	1	1	0	8	421	0	1	1
870	1	1	1	0	6	309	0	1	0
870	2	1	1	0	6	309	0	1	1
871	1	1	1	0	6	309	0	1	0
871	2	1	1	0	6	309	0	1	1
872	1	1	1	0	2	133	0	1	0
872	2	1	1	0	2	133	0	1	1
873	1	1	1	0	2	133	0	1	0
873	2	1	1	0	2	133	0	1	1
874	1	1	1	0	2	133	0	1	0
874	2	1	1	0	2	133	0	1	1
875	1	1	1	0	2	133	0	1	0
875	2	1	1	0	2	133	0	1	1
876	1	1	1	0	6	309	0	1	0
876	2	1	1	0	6	309	0	1	1
877	1	1	1	0	6	309	0	1	0
877	2	1	1	0	6	309	0	1	1
878	1	1	1	0	10	469	0	1	0
878	2	1	1	0	10	469	0	1	1
879	1	1	1	0	10	469	0	1	0
879	2	1	1	0	10	469	0	1	1
880	1	1	1	0	12	597	0	1	0
880	2	1	1	0	12	597	0	1	1
881	1	1	1	0	12	597	0	1	0
881	2	1	1	0	12	597	0	1	1
882	1	1	1	0	14	775	0	1	0
882	2	1	1	0	14	775	0	1	1
883	1	1	1	0	14	775	0	1	0
883	2	1	1	0	14	775	0	1	1
884	1	1	1	0	18	967	0	1	0
884	2	1	1	0	18	967	0	1	1
885	1	1	1	0	18	967	0	1	0
885	2	1	1	0	18	967	0	1	1
886	1	1	1	0	18	967	0	1	0
886	2	1	1	0	18	967	0	1	1
887	1	1	1	0	18	967	0	1	0
887	2	1	1	0	18	967	0	1	1
888	1	1	1	0	20	1191	0	1	0
888	2	1	1	0	20	1191	0	1	1
889	1	1	1	0	20	1191	0	1	0
889	2	1	1	0	20	1191	0	1	1
890	1	1	1	0	22	1383	0	1	0
890	2	1	1	0	22	1383	0	1	1
891	1	1	1	0	22	1383	0	1	0
891	2	1	1	0	22	1383	0	1	1
892	1	1	1	0	22	935	0	1	0
892	2	1	1	0	22	935	0	1	1
893	1	1	1	0	22	807	0	1	0
893	2	1	1	0	22	807	0	1	1
894	1	1	1	0	24	669	0	1	0
894	2	1	1	0	24	669	0	1	1
895	1	1	1	0	24	807	0	1	0
895	2	1	1	0	24	807	0	1	1
897	1	1	1	0	28	749	0	1	0
897	2	1	1	0	28	749	0	1	1
898	1	1	1	0	28	749	0	1	0
898	2	1	1	0	28	749	0	1	1
899	1	1	1	0	28	749	0	1	0
899	2	1	1	0	28	749	0	1	1
900	1	1	1	0	28	749	0	1	0
900	2	1	1	0	28	749	0	1	1
901	1	1	1	0	28	749	0	1	0
901	2	1	1	0	28	749	0	1	1
902	1	1	1	0	28	749	0	1	0
902	2	1	1	0	28	749	0	1	1
903	1	1	1	0	28	749	0	1	0
903	2	1	1	0	28	749	0	1	1
904	1	1	1	0	28	749	0	1	0
904	2	1	1	0	28	749	0	1	1
906	1	1	1	0	28	749	0	1	0
906	2	1	1	0	28	749	0	1	1
907	1	1	1	0	28	749	0	1	0
907	2	1	1	0	28	749	0	1	1
908	1	1	1	0	28	749	0	1	0
908	2	1	1	0	28	749	0	1	1
909	1	1	1	0	28	749	0	1	0
909	2	1	1	0	28	749	0	1	1
910	1	1	1	0	28	749	0	1	0
910	2	1	1	0	28	749	0	1	1
911	1	1	1	0	28	749	0	1	0
911	2	1	1	0	28	749	0	1	1
912	1	1	1	0	28	749	0	1	0
912	2	1	1	0	28	749	0	1	1
913	1	1	1	0	28	749	0	1	0
913	2	1	1	0	28	749	0	1	1
915	1	1	1	0	28	749	0	1	0
915	2	1	1	0	28	749	0	1	1
916	1	1	1	0	28	749	0	1	0
916	2	1	1	0	28	749	0	1	1
917	1	1	1	0	28	749	0	1	0
917	2	1	1	0	28	749	0	1	1
918	1	1	1	0	28	749	0	1	0
918	2	1	1	0	28	749	0	1	1
919	1	1	1	0	28	749	0	1	0
919	2	1	1	0	28	749	0	1	1
920	1	1	1	0	28	749	0	1	0
920	2	1	1	0	28	749	0	1	1
921	1	1	1	0	28	749	0	1	0
921	2	1	1	0	28	749	0	1	1
922	1	1	1	0	28	749	0	1	0
922	2	1	1	0	28	749	0	1	1
923	1	1	1	0	28	749	0	1	0
923	2	1	1	0	28	749	0	1	1
925	1	1	1	0	28	749	0	1	0
925	2	1	1	0	28	749	0	1	1
926	1	1	1	0	28	749	0	1	0
926	2	1	1	0	28	749	0	1	1
927	1	1	1	0	28	749	0	1	0
927	2	1	1	0	28	749	0	1	1
928	1	1	1	0	28	749	0	1	0
928	2	1	1	0	28	749	0	1	1
929	1	1	1	0	28	749	0	1	0
929	2	1	1	0	28	749	0	1	1
930	1	1	1	0	28	749	0	1	0
930	2	1	1	0	28	749	0	1	1
931	1	1	1	0	28	749	0	1	0
931	2	1	1	0	28	749	0	1	1
932	1	1	1	0	28	749	0	1	0
932	2	1	1	0	28	749	0	1	1
934	1	1	1	0	28	749	0	1	0
934	2	1	1	0	28	749	0	1	1
935	1	1	1	0	28	749	0	1	0
935	2	1	1	0	28	749	0	1	1
936	1	1	1	0	28	749	0	1	0
936	2	1	1	0	28	749	0	1	1
937	1	1	1	0	28	749	0	1	0
937	2	1	1	0	28	749	0	1	1
938	1	1	1	0	28	749	0	1	0
938	2	1	1	0	28	749	0	1	1
939	1	1	1	0	28	749	0	1	0
939	2	1	1	0	28	749	0	1	1
940	1	1	1	0	28	749	0	1	0
940	2	1	1	0	28	749	0	1	1
941	1	1	1	0	28	749	0	1	0
941	2	1	1	0	28	749	0	1	1
943	1	1	1	0	28	749	0	1	0
943	2	1	1	0	28	749	0	1	1
944	1	1	1	0	28	749	0	1	0
944	2	1	1	0	28	749	0	1	1
945	1	1	1	0	28	749	0	1	0
945	2	1	1	0	28	749	0	1	1
946	1	1	1	0	28	749	0	1	0
946	2	1	1	0	28	749	0	1	1
947	1	1	1	0	28	749	0	1	0
947	2	1	1	0	28	749	0	1	1
948	1	1	1	0	28	749	0	1	0
948	2	1	1	0	28	749	0	1	1
949	1	1	1	0	28	749	0	1	0
949	2	1	1	0	28	749	0	1	1
950	1	1	1	0	28	749	0	1	0
950	2	1	1	0	28	749	0	1	1
951	1	1	1	0	28	749	0	1	0
951	2	1	1	0	28	749	0	1	1
953	1	1	1	0	28	749	0	1	0
953	2	1	1	0	28	749	0	1	1
954	1	1	1	0	28	749	0	1	0
954	2	1	1	0	28	749	0	1	1
955	1	1	1	0	28	749	0	1	0
955	2	1	1	0	28	749	0	1	1
956	1	1	1	0	28	749	0	1	0
956	2	1	1	0	28	749	0	1	1
957	1	1	1	0	28	749	0	1	0
957	2	1	1	0	28	749	0	1	1
958	1	1	1	0	28	749	0	1	0
958	2	1	1	0	28	749	0	1	1
959	1	1	1	0	28	749	0	1	0
959	2	1	1	0	28	749	0	1	1
960	1	1	1	0	28	749	0	1	0
960	2	1	1	0	28	749	0	1	1
962	1	1	1	0	28	749	0	1	0
962	2	1	1	0	28	749	0	1	1
963	1	1	1	0	28	749	0	1	0
963	2	1	1	0	28	749	0	1	1
964	1	1	1	0	28	749	0	1	0
964	2	1	1	0	28	749	0	1	1
965	1	1	1	0	28	749	0	1	0
965	2	1	1	0	28	749	0	1	1
966	1	1	1	0	28	749	0	1	0
966	2	1	1	0	28	749	0	1	1
967	1	1	1	0	28	749	0	1	0
967	2	1	1	0	28	749	0	1	1
968	1	1	1	0	28	749	0	1	0
968	2	1	1	0	28	749	0	1	1
969	1	1	1	0	28	749	0	1	0
969	2	1	1	0	28	749	0	1	1
971	1	1	1	0	28	749	0	1	0
971	2	1	1	0	28	749	0	1	1
972	1	1	1	0	28	749	0	1	0
972	2	1	1	0	28	749	0	1	1
973	1	1	1	0	28	749	0	1	0
973	2	1	1	0	28	749	0	1	1
974	1	1	1	0	28	749	0	1	0
974	2	1	1	0	28	749	0	1	1
975	1	1	1	0	28	749	0	1	0
975	2	1	1	0	28	749	0	1	1
976	1	1	1	0	28	749	0	1	0
976	2	1	1	0	28	749	0	1	1
977	1	1	1	0	28	749	0	1	0
977	2	1	1	0	28	749	0	1	1
978	1	1	1	0	28	749	0	1	0
978	2	1	1	0	28	749	0	1	1
979	1	1	1	0	28	749	0	1	0
979	2	1	1	0	28	749	0	1	1
981	1	1	1	0	28	749	0	1	0
981	2	1	1	0	28	749	0	1	1
982	1	1	1	0	28	749	0	1	0
982	2	1	1	0	28	749	0	1	1
983	1	1	1	0	28	749	0	1	0
983	2	1	1	0	28	749	0	1	1
984	1	1	1	0	28	749	0	1	0
984	2	1	1	0	28	749	0	1	1
985	1	1	1	0	28	749	0	1	0
985	2	1	1	0	28	749	0	1	1
986	1	1	1	0	28	749	0	1	0
986	2	1	1	0	28	749	0	1	1
987	1	1	1	0	28	749	0	1	0
987	2	1	1	0	28	749	0	1	1
988	1	1	1	0	28	749	0	1	0
988	2	1	1	0	28	749	0	1	1
990	1	1	1	0	28	749	0	1	0
990	2	1	1	0	28	749	0	1	1
991	1	1	1	0	28	749	0	1	0
991	2	1	1	0	28	749	0	1	1
992	1	1	1	0	28	749	0	1	0
992	2	1	1	0	28	749	0	1	1
993	1	1	1	0	28	749	0	1	0
993	2	1	1	0	28	749	0	1	1
994	1	1	1	0	28	749	0	1	0
994	2	1	1	0	28	749	0	1	1
995	1	1	1	0	28	749	0	1	0
995	2	1	1	0	28	749	0	1	1
996	1	1	1	0	28	749	0	1	0
996	2	1	1	0	28	749	0	1	1
997	1	1	1	0	28	749	0	1	0
997	2	1	1	0	28	749	0	1	1
999	1	1	1	0	28	749	0	1	0
999	2	1	1	0	28	749	0	1	1
1000	1	1	1	0	28	749	0	1	0
1000	2	1	1	0	28	749	0	1	1
1001	1	1	1	0	28	749	0	1	0
1001	2	1	1	0	28	749	0	1	1
1002	1	1	1	0	28	749	0	1	0
1002	2	1	1	0	28	749	0	1	1
1003	1	1	1	0	28	749	0	1	0
1003	2	1	1	0	28	749	0	1	1
1004	1	1	1	0	28	749	0	1	0
1004	2	1	1	0	28	749	0	1	1
1005	1	1	1	0	28	749	0	1	0
1005	2	1	1	0	28	749	0	1	1
1006	1	1	1	0	28	749	0	1	0
1006	2	1	1	0	28	749	0	1	1
1007	1	1	1	0	28	749	0	1	0
1007	2	1	1	0	28	749	0	1	1
1009	1	1	1	0	24	669	0	1	0
1009	2	1	1	0	24	669	0	1	1
1010	1	1	1	0	28	749	0	1	0
1010	2	1	1	0	28	749	0	1	1
1011	1	1	1	0	28	749	0	1	0
1011	2	1	1	0	28	749	0	1	1
1012	1	1	1	0	28	749	0	1	0
1012	2	1	1	0	28	749	0	1	1
1013	1	1	1	0	28	749	0	1	0
1013	2	1	1	0	28	749	0	1	1
1014	1	1	1	0	28	749	0	1	0
1014	2	1	1	0	28	749	0	1	1
1015	1	1	1	0	28	749	0	1	0
1015	2	1	1	0	28	749	0	1	1
1016	1	1	1	0	28	749	0	1	0
1016	2	1	1	0	28	749	0	1	1
1018	1	1	1	0	28	749	0	1	0
1018	2	1	1	0	28	749	0	1	1
1019	1	1	1	0	28	749	0	1	0
1019	2	1	1	0	28	749	0	1	1
1020	1	1	1	0	28	749	0	1	0
1020	2	1	1	0	28	749	0	1	1
1021	1	1	1	0	28	749	0	1	0
1021	2	1	1	0	28	749	0	1	1
1022	1	1	1	0	28	749	0	1	0
1022	2	1	1	0	28	749	0	1	1
1023	1	1	1	0	28	749	0	1	0
1023	2	1	1	0	28	749	0	1	1
1024	1	1	1	0	28	749	0	1	0
1024	2	1	1	0	28	749	0	1	1
1025	1	1	1	0	28	749	0	1	0
1025	2	1	1	0	28	749	0	1	1
1027	1	1	1	0	28	749	0	1	0
1027	2	1	1	0	28	749	0	1	1
1028	1	1	1	0	28	749	0	1	0
1028	2	1	1	0	28	749	0	1	1
1029	1	1	1	0	28	749	0	1	0
1029	2	1	1	0	28	749	0	1	1
1030	1	1	1	0	28	749	0	1	0
1030	2	1	1	0	28	749	0	1	1
1031	1	1	1	0	28	749	0	1	0
1031	2	1	1	0	28	749	0	1	1
1032	1	1	1	0	28	749	0	1	0
1032	2	1	1	0	28	749	0	1	1
1033	1	1	1	0	28	749	0	1	0
1033	2	1	1	0	28	749	0	1	1
1034	1	1	1	0	28	749	0	1	0
1034	2	1	1	0	28	749	0	1	1
1035	1	1	1	0	28	749	0	1	0
1035	2	1	1	0	28	749	0	1	1
1037	1	1	1	0	28	749	0	1	0
1037	2	1	1	0	28	749	0	1	1
1038	1	1	1	0	28	749	0	1	0
1038	2	1	1	0	28	749	0	1	1
1039	1	1	1	0	28	749	0	1	0
1039	2	1	1	0	28	749	0	1	1
1040	1	1	1	0	28	749	0	1	0
1040	2	1	1	0	28	749	0	1	1
1041	1	1	1	0	28	749	0	1	0
1041	2	1	1	0	28	749	0	1	1
1042	1	1	1	0	28	749	0	1	0
1042	2	1	1	0	28	749	0	1	1
1043	1	1	1	0	28	749	0	1	0
1043	2	1	1	0	28	749	0	1	1
1044	1	1	1	0	28	749	0	1	0
1044	2	1	1	0	28	749	0	1	1
1046	1	1	1	0	26	749	0	1	0
1046	2	1	1	0	26	749	0	1	1
1047	1	1	1	0	26	749	0	1	0
1047	2	1	1	0	26	749	0	1	1
1048	1	1	1	0	26	749	0	1	0
1048	2	1	1	0	26	749	0	1	1
1049	1	1	1	0	26	749	0	1	0
1049	2	1	1	0	26	749	0	1	1
1050	1	1	1	0	26	749	0	1	0
1050	2	1	1	0	26	749	0	1	1
1051	1	1	1	0	26	749	0	1	0
1051	2	1	1	0	26	749	0	1	1
1052	1	1	1	0	26	749	0	1	0
1052	2	1	1	0	26	749	0	1	1
1053	1	1	1	0	26	749	0	1	0
1053	2	1	1	0	26	749	0	1	1
1055	1	1	1	0	26	749	0	1	0
1055	2	1	1	0	26	749	0	1	1
1056	1	1	1	0	26	749	0	1	0
1056	2	1	1	0	26	749	0	1	1
1057	1	1	1	0	26	749	0	1	0
1057	2	1	1	0	26	749	0	1	1
1058	1	1	1	0	26	749	0	1	0
1058	2	1	1	0	26	749	0	1	1
1059	1	1	1	0	26	749	0	1	0
1059	2	1	1	0	26	749	0	1	1
1060	1	1	1	0	26	749	0	1	0
1060	2	1	1	0	26	749	0	1	1
1061	1	1	1	0	26	749	0	1	0
1061	2	1	1	0	26	749	0	1	1
1062	1	1	1	0	26	749	0	1	0
1062	2	1	1	0	26	749	0	1	1
1063	1	1	1	0	26	749	0	1	0
1063	2	1	1	0	26	749	0	1	1
1065	1	1	1	0	26	749	0	1	0
1065	2	1	1	0	26	749	0	1	1
1066	1	1	1	0	26	749	0	1	0
1066	2	1	1	0	26	749	0	1	1
1067	1	1	1	0	26	749	0	1	0
1067	2	1	1	0	26	749	0	1	1
1068	1	1	1	0	26	749	0	1	0
1068	2	1	1	0	26	749	0	1	1
1069	1	1	1	0	26	749	0	1	0
1069	2	1	1	0	26	749	0	1	1
1070	1	1	1	0	26	749	0	1	0
1070	2	1	1	0	26	749	0	1	1
1071	1	1	1	0	26	749	0	1	0
1071	2	1	1	0	26	749	0	1	1
1072	1	1	1	0	26	749	0	1	0
1072	2	1	1	0	26	749	0	1	1
1074	1	1	1	0	28	749	0	1	0
1074	2	1	1	0	28	749	0	1	1
1075	1	1	1	0	28	749	0	1	0
1075	2	1	1	0	28	749	0	1	1
1076	1	1	1	0	28	749	0	1	0
1076	2	1	1	0	28	749	0	1	1
1077	1	1	1	0	28	749	0	1	0
1077	2	1	1	0	28	749	0	1	1
1078	1	1	1	0	28	749	0	1	0
1078	2	1	1	0	28	749	0	1	1
1079	1	1	1	0	28	749	0	1	0
1079	2	1	1	0	28	749	0	1	1
1080	1	1	1	0	28	749	0	1	0
1080	2	1	1	0	28	749	0	1	1
1081	1	1	1	0	28	749	0	1	0
1081	2	1	1	0	28	749	0	1	1
1083	1	1	1	0	24	669	0	1	0
1083	2	1	1	0	24	669	0	1	1
1084	1	1	1	0	22	807	0	1	0
1084	2	1	1	0	22	807	0	1	1
1085	1	1	1	0	24	669	0	1	0
1085	2	1	1	0	24	669	0	1	1
1086	1	1	1	0	20	775	0	1	0
1086	2	1	1	0	20	775	0	1	1
1087	1	1	1	0	24	669	0	1	0
1087	2	1	1	0	24	669	0	1	1
1088	1	1	1	0	20	775	0	1	0
1088	2	1	1	0	20	775	0	1	1
1089	1	1	1	0	24	669	0	1	0
1089	2	1	1	0	24	669	0	1	1
1090	1	1	1	0	20	775	0	1	0
1090	2	1	1	0	20	775	0	1	1
1091	1	1	1	0	20	693	0	1	0
1091	2	1	1	0	20	693	0	1	1
1092	1	1	1	0	26	149	0	1	0
1092	2	1	1	0	26	149	0	1	1
1093	1	1	1	0	20	693	0	1	0
1093	2	1	1	0	20	693	0	1	1
1094	1	1	1	0	20	693	0	1	0
1094	2	1	1	0	20	693	0	1	1
1095	1	1	1	0	20	775	0	1	0
1095	2	1	1	0	20	775	0	1	1
1096	1	1	1	0	20	693	0	1	0
1096	2	1	1	0	20	693	0	1	1
1097	1	1	1	0	20	693	0	1	0
1097	2	1	1	0	20	693	0	1	1
1098	1	1	1	0	18	749	0	1	0
1098	2	1	1	0	18	749	0	1	1
1099	1	1	1	0	18	749	0	1	0
1099	2	1	1	0	18	749	0	1	1
1100	1	1	1	0	18	749	0	1	0
1100	2	1	1	0	18	749	0	1	1
1102	1	1	1	0	18	749	0	1	0
1102	2	1	1	0	18	749	0	1	1
1103	1	1	1	0	18	749	0	1	0
1103	2	1	1	0	18	749	0	1	1
1104	1	1	1	0	18	749	0	1	0
1104	2	1	1	0	18	749	0	1	1
1105	1	1	1	0	18	749	0	1	0
1105	2	1	1	0	18	749	0	1	1
1106	1	1	1	0	18	749	0	1	0
1106	2	1	1	0	18	749	0	1	1
1107	1	1	1	0	18	749	0	1	0
1107	2	1	1	0	18	749	0	1	1
1108	1	1	1	0	18	749	0	1	0
1108	2	1	1	0	18	749	0	1	1
1109	1	1	1	0	18	749	0	1	0
1109	2	1	1	0	18	749	0	1	1
1111	1	1	1	0	16	693	0	1	0
1111	2	1	1	0	16	693	0	1	1
1112	1	1	1	0	14	717	0	1	0
1112	2	1	1	0	14	717	0	1	1
1113	1	1	1	0	14	717	0	1	0
1113	2	1	1	0	14	717	0	1	1
1114	1	1	1	0	12	597	0	1	0
1114	2	1	1	0	12	597	0	1	1
1115	1	1	1	0	12	597	0	1	0
1115	2	1	1	0	12	597	0	1	1
1116	1	1	1	0	10	469	0	1	0
1116	2	1	1	0	10	469	0	1	1
1117	1	1	1	0	10	469	0	1	0
1117	2	1	1	0	10	469	0	1	1
1118	1	1	1	0	6	309	0	1	0
1118	2	1	1	0	6	309	0	1	1
1119	1	1	1	0	6	309	0	1	0
1119	2	1	1	0	6	309	0	1	1
1120	1	1	1	0	4	217	0	1	0
1120	2	1	1	0	4	217	0	1	1
1121	1	1	1	0	4	217	0	1	0
1121	2	1	1	0	4	217	0	1	1
1122	1	1	1	0	0	81	0	1	0
1122	2	1	1	0	0	81	0	1	1
1123	1	1	1	0	0	81	0	1	0
1123	2	1	1	0	0	81	0	1	1
1124	1	1	1	0	2	133	0	1	0
1124	2	1	1	0	2	133	0	1	1
1125	1	1	1	0	2	133	0	1	0
1125	2	1	1	0	2	133	0	1	1
1126	1	1	1	0	8	421	0	1	0
1126	2	1	1	0	8	421	0	1	1
1127	1	1	1	0	8	421	0	1	0
1127	2	1	1	0	8	421	0	1	1
1128	1	1	1	0	14	775	0	1	0
1128	2	1	1	0	14	775	0	1	1
1129	1	1	1	0	14	775	0	1	0
1129	2	1	1	0	14	775	0	1	1
1130	1	1	1	0	16	903	0	1	0
1130	2	1	1	0	16	903	0	1	1
1131	1	1	1	0	16	903	0	1	0
1131	2	1	1	0	16	903	0	1	1
1132	1	1	1	0	18	967	0	1	0
1132	2	1	1	0	18	967	0	1	1
1133	1	1	1	0	18	967	0	1	0
1133	2	1	1	0	18	967	0	1	1
1134	1	1	1	0	20	1191	0	1	0
1134	2	1	1	0	20	1191	0	1	1
1135	1	1	1	0	20	1191	0	1	0
1135	2	1	1	0	20	1191	0	1	1
1136	1	1	1	0	22	1383	0	1	0
1136	2	1	1	0	22	1383	0	1	1
1137	1	1	1	0	22	1383	0	1	0
1137	2	1	1	0	22	1383	0	1	1
1138	1	1	1	0	24	269	0	1	0
1138	2	1	1	0	24	269	0	1	1
1139	1	1	1	0	24	669	0	1	0
1139	2	1	1	0	24	669	0	1	1
1140	1	1	1	0	24	807	0	1	0
1140	2	1	1	0	24	807	0	1	1
1141	1	1	1	0	24	669	0	1	0
1141	2	1	1	0	24	669	0	1	1
1142	1	1	1	0	26	749	0	1	0
1142	2	1	1	0	26	749	0	1	1
1143	1	1	1	0	26	749	0	1	0
1143	2	1	1	0	26	749	0	1	1
1144	1	1	1	0	28	749	0	1	0
1144	2	1	1	0	28	749	0	1	1
1145	1	1	1	0	28	749	0	1	0
1145	2	1	1	0	28	749	0	1	1
1146	1	1	1	0	28	749	0	1	0
1146	2	1	1	0	28	749	0	1	1
1147	1	1	1	0	28	749	0	1	0
1147	2	1	1	0	28	749	0	1	1
1149	1	1	1	0	28	749	0	1	0
1149	2	1	1	0	28	749	0	1	1
1150	1	1	1	0	28	749	0	1	0
1150	2	1	1	0	28	749	0	1	1
1151	1	1	1	0	28	749	0	1	0
1151	2	1	1	0	28	749	0	1	1
1152	1	1	1	0	28	749	0	1	0
1152	2	1	1	0	28	749	0	1	1
1153	1	1	1	0	28	749	0	1	0
1153	2	1	1	0	28	749	0	1	1
1154	1	1	1	0	28	749	0	1	0
1154	2	1	1	0	28	749	0	1	1
1155	1	1	1	0	28	749	0	1	0
1155	2	1	1	0	28	749	0	1	1
1156	1	1	1	0	28	749	0	1	0
1156	2	1	1	0	28	749	0	1	1
1158	1	1	1	0	28	749	0	1	0
1158	2	1	1	0	28	749	0	1	1
1159	1	1	1	0	28	749	0	1	0
1159	2	1	1	0	28	749	0	1	1
1160	1	1	1	0	28	749	0	1	0
1160	2	1	1	0	28	749	0	1	1
1161	1	1	1	0	28	749	0	1	0
1161	2	1	1	0	28	749	0	1	1
1162	1	1	1	0	28	749	0	1	0
1162	2	1	1	0	28	749	0	1	1
1163	1	1	1	0	28	749	0	1	0
1163	2	1	1	0	28	749	0	1	1
1164	1	1	1	0	28	749	0	1	0
1164	2	1	1	0	28	749	0	1	1
1165	1	1	1	0	28	749	0	1	0
1165	2	1	1	0	28	749	0	1	1
1167	1	1	1	0	28	749	0	1	0
1167	2	1	1	0	28	749	0	1	1
1168	1	1	1	0	28	749	0	1	0
1168	2	1	1	0	28	749	0	1	1
1169	1	1	1	0	28	749	0	1	0
1169	2	1	1	0	28	749	0	1	1
1170	1	1	1	0	28	1479	0	1	0
1170	2	1	1	0	28	1479	0	1	1
1171	1	1	1	0	28	749	0	1	0
1171	2	1	1	0	28	749	0	1	1
1172	1	1	1	0	28	749	0	1	0
1172	2	1	1	0	28	749	0	1	1
1173	1	1	1	0	28	749	0	1	0
1173	2	1	1	0	28	749	0	1	1
1174	1	1	1	0	28	749	0	1	0
1174	2	1	1	0	28	749	0	1	1
1175	1	1	1	0	28	749	0	1	0
1175	2	1	1	0	28	749	0	1	1
1177	1	1	1	0	28	749	0	1	0
1177	2	1	1	0	28	749	0	1	1
1178	1	1	1	0	28	749	0	1	0
1178	2	1	1	0	28	749	0	1	1
1179	1	1	1	0	28	749	0	1	0
1179	2	1	1	0	28	749	0	1	1
1180	1	1	1	0	28	749	0	1	0
1180	2	1	1	0	28	749	0	1	1
1181	1	1	1	0	28	749	0	1	0
1181	2	1	1	0	28	749	0	1	1
1182	1	1	1	0	28	749	0	1	0
1182	2	1	1	0	28	749	0	1	1
1183	1	1	1	0	28	749	0	1	0
1183	2	1	1	0	28	749	0	1	1
1184	1	1	1	0	28	749	0	1	0
1184	2	1	1	0	28	749	0	1	1
1185	1	1	1	0	28	1479	0	1	0
1185	2	1	1	0	28	1479	0	1	1
1186	1	1	1	0	28	749	0	1	0
1186	2	1	1	0	28	749	0	1	1
1187	1	1	1	0	28	749	0	1	0
1187	2	1	1	0	28	749	0	1	1
1188	1	1	1	0	28	749	0	1	0
1188	2	1	1	0	28	749	0	1	1
1189	1	1	1	0	28	749	0	1	0
1189	2	1	1	0	28	749	0	1	1
1190	1	1	1	0	28	749	0	1	0
1190	2	1	1	0	28	749	0	1	1
1191	1	1	1	0	28	749	0	1	0
1191	2	1	1	0	28	749	0	1	1
1192	1	1	1	0	28	749	0	1	0
1192	2	1	1	0	28	749	0	1	1
1193	1	1	1	0	28	749	0	1	0
1193	2	1	1	0	28	749	0	1	1
1195	1	1	1	0	28	749	0	1	0
1195	2	1	1	0	28	749	0	1	1
1196	1	1	1	0	28	749	0	1	0
1196	2	1	1	0	28	749	0	1	1
1197	1	1	1	0	28	749	0	1	0
1197	2	1	1	0	28	749	0	1	1
1198	1	1	1	0	28	749	0	1	0
1198	2	1	1	0	28	749	0	1	1
1199	1	1	1	0	28	749	0	1	0
1199	2	1	1	0	28	749	0	1	1
1200	1	1	1	0	26	1383	0	1	0
1200	2	1	1	0	26	1383	0	1	1
1201	1	1	1	0	28	749	0	1	0
1201	2	1	1	0	28	749	0	1	1
1202	1	1	1	0	28	749	0	1	0
1202	2	1	1	0	28	749	0	1	1
1203	1	1	1	0	28	749	0	1	0
1203	2	1	1	0	28	749	0	1	1
1205	1	1	1	0	26	749	0	1	0
1205	2	1	1	0	26	749	0	1	1
1206	1	1	1	0	24	669	0	1	0
1206	2	1	1	0	24	669	0	1	1
1207	1	1	1	0	24	807	0	1	0
1207	2	1	1	0	24	807	0	1	1
1208	1	1	1	0	24	669	0	1	0
1208	2	1	1	0	24	669	0	1	1
1209	1	1	1	0	24	807	0	1	0
1209	2	1	1	0	24	807	0	1	1
1210	1	1	1	0	22	693	0	1	0
1210	2	1	1	0	22	693	0	1	1
1211	1	1	1	0	22	693	0	1	0
1211	2	1	1	0	22	693	0	1	1
1212	1	1	1	0	20	775	0	1	0
1212	2	1	1	0	20	775	0	1	1
1214	1	1	1	0	18	749	0	1	0
1214	2	1	1	0	18	749	0	1	1
1215	1	1	1	0	18	749	0	1	0
1215	2	1	1	0	18	749	0	1	1
1216	1	1	1	0	14	775	0	1	0
1216	2	1	1	0	14	775	0	1	1
1217	1	1	1	0	14	775	0	1	0
1217	2	1	1	0	14	775	0	1	1
1218	1	1	1	0	10	469	0	1	0
1218	2	1	1	0	10	469	0	1	1
1219	1	1	1	0	10	469	0	1	0
1219	2	1	1	0	10	469	0	1	1
1220	1	1	1	0	2	133	0	1	0
1220	2	1	1	0	2	133	0	1	1
1221	1	1	1	0	2	133	0	1	0
1221	2	1	1	0	2	133	0	1	1
1222	1	1	1	0	0	81	0	1	0
1222	2	1	1	0	0	81	0	1	1
1223	1	1	1	0	0	81	0	1	0
1223	2	1	1	0	0	81	0	1	1
1224	1	1	1	0	6	309	0	1	0
1224	2	1	1	0	6	309	0	1	1
1225	1	1	1	0	6	309	0	1	0
1225	2	1	1	0	6	309	0	1	1
1226	1	1	1	0	6	309	0	1	0
1226	2	1	1	0	6	309	0	1	1
1227	1	1	1	0	6	309	0	1	0
1227	2	1	1	0	6	309	0	1	1
1228	1	1	1	0	12	597	0	1	0
1228	2	1	1	0	12	597	0	1	1
1229	1	1	1	0	12	597	0	1	0
1229	2	1	1	0	12	597	0	1	1
1230	1	1	1	0	16	903	0	1	0
1230	2	1	1	0	16	903	0	1	1
1231	1	1	1	0	16	903	0	1	0
1231	2	1	1	0	16	903	0	1	1
1232	1	1	1	0	20	1191	0	1	0
1232	2	1	1	0	20	1191	0	1	1
1233	1	1	1	0	20	1191	0	1	0
1233	2	1	1	0	20	1191	0	1	1
1234	1	1	1	0	22	1383	0	1	0
1234	2	1	1	0	22	1383	0	1	1
1235	1	1	1	0	22	1383	0	1	0
1235	2	1	1	0	22	1383	0	1	1
1236	1	1	1	0	24	1620	0	1	0
1236	2	1	1	0	24	1620	0	1	1
1237	1	1	1	0	24	1620	0	1	0
1237	2	1	1	0	24	1620	0	1	1
1238	1	1	1	0	26	1836	0	1	0
1238	2	1	1	0	26	1836	0	1	1
1239	1	1	1	0	26	749	0	1	0
1239	2	1	1	0	26	749	0	1	1
1240	1	1	1	0	28	749	0	1	0
1240	2	1	1	0	28	749	0	1	1
1241	1	1	1	0	28	185	0	1	0
1241	2	1	1	0	28	185	0	1	1
1242	1	1	1	0	28	749	0	1	0
1242	2	1	1	0	28	749	0	1	1
1243	1	1	1	0	28	749	0	1	0
1243	2	1	1	0	28	749	0	1	1
1244	1	1	1	0	28	749	0	1	0
1244	2	1	1	0	28	749	0	1	1
1245	1	1	1	0	28	749	0	1	0
1245	2	1	1	0	28	749	0	1	1
1246	1	1	1	0	28	749	0	1	0
1246	2	1	1	0	28	749	0	1	1
1247	1	1	1	0	28	749	0	1	0
1247	2	1	1	0	28	749	0	1	1
1248	1	1	1	0	28	749	0	1	0
1248	2	1	1	0	28	749	0	1	1
1249	1	1	1	0	28	749	0	1	0
1249	2	1	1	0	28	749	0	1	1
1251	1	1	1	0	28	2052	0	1	0
1251	2	1	1	0	28	2052	0	1	1
1252	1	1	1	0	28	935	0	1	0
1252	2	1	1	0	28	935	0	1	1
1253	1	1	1	0	28	749	0	1	0
1253	2	1	1	0	28	749	0	1	1
1254	1	1	1	0	28	749	0	1	0
1254	2	1	1	0	28	749	0	1	1
1255	1	1	1	0	28	749	0	1	0
1255	2	1	1	0	28	749	0	1	1
1256	1	1	1	0	28	749	0	1	0
1256	2	1	1	0	28	749	0	1	1
1257	1	1	1	0	28	749	0	1	0
1257	2	1	1	0	28	749	0	1	1
1258	1	1	1	0	28	749	0	1	0
1258	2	1	1	0	28	749	0	1	1
1259	1	1	1	0	28	749	0	1	0
1259	2	1	1	0	28	749	0	1	1
1261	1	1	1	0	28	749	0	1	0
1261	2	1	1	0	28	749	0	1	1
1262	1	1	1	0	28	749	0	1	0
1262	2	1	1	0	28	749	0	1	1
1263	1	1	1	0	28	749	0	1	0
1263	2	1	1	0	28	749	0	1	1
1264	1	1	1	0	28	749	0	1	0
1264	2	1	1	0	28	749	0	1	1
1265	1	1	1	0	28	749	0	1	0
1265	2	1	1	0	28	749	0	1	1
1266	1	1	1	0	28	2196	0	1	0
1266	2	1	1	0	28	2196	0	1	1
1267	1	1	1	0	28	1479	0	1	0
1267	2	1	1	0	28	1479	0	1	1
1268	1	1	1	0	28	749	0	1	0
1268	2	1	1	0	28	749	0	1	1
1270	1	1	1	0	28	749	0	1	0
1270	2	1	1	0	28	749	0	1	1
1271	1	1	1	0	28	749	0	1	0
1271	2	1	1	0	28	749	0	1	1
1272	1	1	1	0	28	749	0	1	0
1272	2	1	1	0	28	749	0	1	1
1273	1	1	1	0	28	749	0	1	0
1273	2	1	1	0	28	749	0	1	1
1274	1	1	1	0	28	749	0	1	0
1274	2	1	1	0	28	749	0	1	1
1275	1	1	1	0	28	749	0	1	0
1275	2	1	1	0	28	749	0	1	1
1276	1	1	1	0	28	749	0	1	0
1276	2	1	1	0	28	749	0	1	1
1277	1	1	1	0	28	749	0	1	0
1277	2	1	1	0	28	749	0	1	1
1279	1	1	1	0	28	749	0	1	0
1279	2	1	1	0	28	749	0	1	1
1280	1	1	1	0	28	749	0	1	0
1280	2	1	1	0	28	749	0	1	1
1281	1	1	1	0	28	2196	0	1	0
1281	2	1	1	0	28	2196	0	1	1
1282	1	1	1	0	28	2052	0	1	0
1282	2	1	1	0	28	2052	0	1	1
1283	1	1	1	0	28	935	0	1	0
1283	2	1	1	0	28	935	0	1	1
1284	1	1	1	0	28	749	0	1	0
1284	2	1	1	0	28	749	0	1	1
1285	1	1	1	0	28	749	0	1	0
1285	2	1	1	0	28	749	0	1	1
1286	1	1	1	0	28	749	0	1	0
1286	2	1	1	0	28	749	0	1	1
1287	1	1	1	0	28	749	0	1	0
1287	2	1	1	0	28	749	0	1	1
1289	1	1	1	0	28	749	0	1	0
1289	2	1	1	0	28	749	0	1	1
1290	1	1	1	0	28	749	0	1	0
1290	2	1	1	0	28	749	0	1	1
1291	1	1	1	0	28	749	0	1	0
1291	2	1	1	0	28	749	0	1	1
1292	1	1	1	0	28	749	0	1	0
1292	2	1	1	0	28	749	0	1	1
1293	1	1	1	0	28	749	0	1	0
1293	2	1	1	0	28	749	0	1	1
1294	1	1	1	0	28	749	0	1	0
1294	2	1	1	0	28	749	0	1	1
1295	1	1	1	0	28	749	0	1	0
1295	2	1	1	0	28	749	0	1	1
1296	1	1	1	0	28	2196	0	1	0
1296	2	1	1	0	28	2196	0	1	1
1297	1	1	1	0	28	2196	0	1	0
1297	2	1	1	0	28	2196	0	1	1
1298	1	1	1	0	28	749	0	1	0
1298	2	1	1	0	28	749	0	1	1
1299	1	1	1	0	28	749	0	1	0
1299	2	1	1	0	28	749	0	1	1
1300	1	1	1	0	28	749	0	1	0
1300	2	1	1	0	28	749	0	1	1
1301	1	1	1	0	28	749	0	1	0
1301	2	1	1	0	28	749	0	1	1
1302	1	1	1	0	28	749	0	1	0
1302	2	1	1	0	28	749	0	1	1
1303	1	1	1	0	28	749	0	1	0
1303	2	1	1	0	28	749	0	1	1
1304	1	1	1	0	28	749	0	1	0
1304	2	1	1	0	28	749	0	1	1
1305	1	1	1	0	28	749	0	1	0
1305	2	1	1	0	28	749	0	1	1
1307	1	1	1	0	28	749	0	1	0
1307	2	1	1	0	28	749	0	1	1
1308	1	1	1	0	28	749	0	1	0
1308	2	1	1	0	28	749	0	1	1
1309	1	1	1	0	28	749	0	1	0
1309	2	1	1	0	28	749	0	1	1
1310	1	1	1	0	28	749	0	1	0
1310	2	1	1	0	28	749	0	1	1
1311	1	1	1	0	28	2196	0	1	0
1311	2	1	1	0	28	2196	0	1	1
1312	1	1	1	0	28	2196	0	1	0
1312	2	1	1	0	28	2196	0	1	1
1313	1	1	1	0	28	1479	0	1	0
1313	2	1	1	0	28	1479	0	1	1
1314	1	1	1	0	28	749	0	1	0
1314	2	1	1	0	28	749	0	1	1
1315	1	1	1	0	28	749	0	1	0
1315	2	1	1	0	28	749	0	1	1
1317	1	1	1	0	28	749	0	1	0
1317	2	1	1	0	28	749	0	1	1
1318	1	1	1	0	28	749	0	1	0
1318	2	1	1	0	28	749	0	1	1
1319	1	1	1	0	28	749	0	1	0
1319	2	1	1	0	28	749	0	1	1
1320	1	1	1	0	28	749	0	1	0
1320	2	1	1	0	28	749	0	1	1
1321	1	1	1	0	28	749	0	1	0
1321	2	1	1	0	28	749	0	1	1
1322	1	1	1	0	28	749	0	1	0
1322	2	1	1	0	28	749	0	1	1
1323	1	1	1	0	28	749	0	1	0
1323	2	1	1	0	28	749	0	1	1
1324	1	1	1	0	26	749	0	1	0
1324	2	1	1	0	26	749	0	1	1
1326	1	1	1	0	26	749	0	1	0
1326	2	1	1	0	26	749	0	1	1
1327	1	1	1	0	26	1836	0	1	0
1327	2	1	1	0	26	1836	0	1	1
1328	1	1	1	0	26	1836	0	1	0
1328	2	1	1	0	26	1836	0	1	1
1329	1	1	1	0	26	1383	0	1	0
1329	2	1	1	0	26	1383	0	1	1
1330	1	1	1	0	26	749	0	1	0
1330	2	1	1	0	26	749	0	1	1
1331	1	1	1	0	26	749	0	1	0
1331	2	1	1	0	26	749	0	1	1
1332	1	1	1	0	26	749	0	1	0
1332	2	1	1	0	26	749	0	1	1
1333	1	1	1	0	26	749	0	1	0
1333	2	1	1	0	26	749	0	1	1
1335	1	1	1	0	28	749	0	1	0
1335	2	1	1	0	28	749	0	1	1
1336	1	1	1	0	28	749	0	1	0
1336	2	1	1	0	28	749	0	1	1
1337	1	1	1	0	28	749	0	1	0
1337	2	1	1	0	28	749	0	1	1
1338	1	1	1	0	28	749	0	1	0
1338	2	1	1	0	28	749	0	1	1
1339	1	1	1	0	28	749	0	1	0
1339	2	1	1	0	28	749	0	1	1
1340	1	1	1	0	28	749	0	1	0
1340	2	1	1	0	28	749	0	1	1
1341	1	1	1	0	28	749	0	1	0
1341	2	1	1	0	28	749	0	1	1
1342	1	1	1	0	28	2196	0	1	0
1342	2	1	1	0	28	2196	0	1	1
1343	1	1	1	0	28	2052	0	1	0
1343	2	1	1	0	28	2052	0	1	1
1344	1	1	1	0	28	185	0	1	0
1344	2	1	1	0	28	185	0	1	1
1345	1	1	1	0	28	749	0	1	0
1345	2	1	1	0	28	749	0	1	1
1346	1	1	1	0	28	749	0	1	0
1346	2	1	1	0	28	749	0	1	1
1347	1	1	1	0	28	749	0	1	0
1347	2	1	1	0	28	749	0	1	1
1348	1	1	1	0	28	749	0	1	0
1348	2	1	1	0	28	749	0	1	1
1349	1	1	1	0	28	749	0	1	0
1349	2	1	1	0	28	749	0	1	1
1350	1	1	1	0	28	749	0	1	0
1350	2	1	1	0	28	749	0	1	1
1351	1	1	1	0	28	749	0	1	0
1351	2	1	1	0	28	749	0	1	1
1352	1	1	1	0	28	749	0	1	0
1352	2	1	1	0	28	749	0	1	1
1354	1	1	1	0	28	749	0	1	0
1354	2	1	1	0	28	749	0	1	1
1355	1	1	1	0	28	749	0	1	0
1355	2	1	1	0	28	749	0	1	1
1356	1	1	1	0	28	749	0	1	0
1356	2	1	1	0	28	749	0	1	1
1357	1	1	1	0	28	2196	0	1	0
1357	2	1	1	0	28	2196	0	1	1
1358	1	1	1	0	28	2196	0	1	0
1358	2	1	1	0	28	2196	0	1	1
1359	1	1	1	0	28	1479	0	1	0
1359	2	1	1	0	28	1479	0	1	1
1360	1	1	1	0	28	749	0	1	0
1360	2	1	1	0	28	749	0	1	1
1361	1	1	1	0	28	749	0	1	0
1361	2	1	1	0	28	749	0	1	1
1363	1	1	1	0	28	749	0	1	0
1363	2	1	1	0	28	749	0	1	1
1364	1	1	1	0	28	749	0	1	0
1364	2	1	1	0	28	749	0	1	1
1365	1	1	1	0	28	749	0	1	0
1365	2	1	1	0	28	749	0	1	1
1366	1	1	1	0	28	749	0	1	0
1366	2	1	1	0	28	749	0	1	1
1367	1	1	1	0	28	749	0	1	0
1367	2	1	1	0	28	749	0	1	1
1368	1	1	1	0	28	749	0	1	0
1368	2	1	1	0	28	749	0	1	1
1369	1	1	1	0	28	749	0	1	0
1369	2	1	1	0	28	749	0	1	1
1370	1	1	1	0	28	749	0	1	0
1370	2	1	1	0	28	749	0	1	1
1371	1	1	1	0	28	749	0	1	0
1371	2	1	1	0	28	749	0	1	1
1373	1	1	1	0	28	2196	0	1	0
1373	2	1	1	0	28	2196	0	1	1
1374	1	1	1	0	28	2052	0	1	0
1374	2	1	1	0	28	2052	0	1	1
1375	1	1	1	0	28	935	0	1	0
1375	2	1	1	0	28	935	0	1	1
1376	1	1	1	0	28	749	0	1	0
1376	2	1	1	0	28	749	0	1	1
1377	1	1	1	0	28	749	0	1	0
1377	2	1	1	0	28	749	0	1	1
1378	1	1	1	0	28	749	0	1	0
1378	2	1	1	0	28	749	0	1	1
1379	1	1	1	0	28	749	0	1	0
1379	2	1	1	0	28	749	0	1	1
1380	1	1	1	0	28	749	0	1	0
1380	2	1	1	0	28	749	0	1	1
1382	1	1	1	0	28	749	0	1	0
1382	2	1	1	0	28	749	0	1	1
1383	1	1	1	0	28	749	0	1	0
1383	2	1	1	0	28	749	0	1	1
1384	1	1	1	0	28	749	0	1	0
1384	2	1	1	0	28	749	0	1	1
1385	1	1	1	0	28	749	0	1	0
1385	2	1	1	0	28	749	0	1	1
1386	1	1	1	0	28	749	0	1	0
1386	2	1	1	0	28	749	0	1	1
1387	1	1	1	0	28	749	0	1	0
1387	2	1	1	0	28	749	0	1	1
1388	1	1	1	0	24	1620	0	1	0
1388	2	1	1	0	24	1620	0	1	1
1389	1	1	1	0	24	1620	0	1	0
1389	2	1	1	0	24	1620	0	1	1
1390	1	1	1	0	28	1095	0	1	0
1390	2	1	1	0	28	1095	0	1	1
1391	1	1	1	0	28	935	0	1	0
1391	2	1	1	0	28	935	0	1	1
1392	1	1	1	0	28	749	0	1	0
1392	2	1	1	0	28	749	0	1	1
1393	1	1	1	0	28	749	0	1	0
1393	2	1	1	0	28	749	0	1	1
1394	1	1	1	0	28	749	0	1	0
1394	2	1	1	0	28	749	0	1	1
1395	1	1	1	0	28	749	0	1	0
1395	2	1	1	0	28	749	0	1	1
1396	1	1	1	0	28	749	0	1	0
1396	2	1	1	0	28	749	0	1	1
1397	1	1	1	0	28	749	0	1	0
1397	2	1	1	0	28	749	0	1	1
1398	1	1	1	0	28	749	0	1	0
1398	2	1	1	0	28	749	0	1	1
1399	1	1	1	0	28	749	0	1	0
1399	2	1	1	0	28	749	0	1	1
1401	1	1	1	0	28	749	0	1	0
1401	2	1	1	0	28	749	0	1	1
1402	1	1	1	0	28	749	0	1	0
1402	2	1	1	0	28	749	0	1	1
1403	1	1	1	0	20	1191	0	1	0
1403	2	1	1	0	20	1191	0	1	1
1404	1	1	1	0	20	1191	0	1	0
1404	2	1	1	0	20	1191	0	1	1
1405	1	1	1	0	20	1191	0	1	0
1405	2	1	1	0	20	1191	0	1	1
1406	1	1	1	0	20	1191	0	1	0
1406	2	1	1	0	20	1191	0	1	1
1407	1	1	1	0	20	1191	0	1	0
1407	2	1	1	0	20	1191	0	1	1
1408	1	1	1	0	20	1191	0	1	0
1408	2	1	1	0	20	1191	0	1	1
1409	1	1	1	0	28	935	0	1	0
1409	2	1	1	0	28	935	0	1	1
1410	1	1	1	0	28	749	0	1	0
1410	2	1	1	0	28	749	0	1	1
1411	1	1	1	0	28	749	0	1	0
1411	2	1	1	0	28	749	0	1	1
1412	1	1	1	0	28	749	0	1	0
1412	2	1	1	0	28	749	0	1	1
1413	1	1	1	0	28	749	0	1	0
1413	2	1	1	0	28	749	0	1	1
1414	1	1	1	0	28	749	0	1	0
1414	2	1	1	0	28	749	0	1	1
1415	1	1	1	0	28	749	0	1	0
1415	2	1	1	0	28	749	0	1	1
1416	1	1	1	0	28	749	0	1	0
1416	2	1	1	0	28	749	0	1	1
1417	1	1	1	0	28	749	0	1	0
1417	2	1	1	0	28	749	0	1	1
1419	1	1	1	0	20	1191	0	1	0
1419	2	1	1	0	20	1191	0	1	1
1420	1	1	1	0	20	1191	0	1	0
1420	2	1	1	0	20	1191	0	1	1
1421	1	1	1	0	20	1191	0	1	0
1421	2	1	1	0	20	1191	0	1	1
1422	1	1	1	0	20	1191	0	1	0
1422	2	1	1	0	20	1191	0	1	1
1423	1	1	1	0	20	1191	0	1	0
1423	2	1	1	0	20	1191	0	1	1
1424	1	1	1	0	20	1191	0	1	0
1424	2	1	1	0	20	1191	0	1	1
1425	1	1	1	0	20	1191	0	1	0
1425	2	1	1	0	20	1191	0	1	1
1426	1	1	1	0	20	1095	0	1	0
1426	2	1	1	0	20	1095	0	1	1
1427	1	1	1	0	28	749	0	1	0
1427	2	1	1	0	28	749	0	1	1
1428	1	1	1	0	28	185	0	1	0
1428	2	1	1	0	28	185	0	1	1
1429	1	1	1	0	28	749	0	1	0
1429	2	1	1	0	28	749	0	1	1
1430	1	1	1	0	28	749	0	1	0
1430	2	1	1	0	28	749	0	1	1
1431	1	1	1	0	28	749	0	1	0
1431	2	1	1	0	28	749	0	1	1
1432	1	1	1	0	28	749	0	1	0
1432	2	1	1	0	28	749	0	1	1
1433	1	1	1	0	28	749	0	1	0
1433	2	1	1	0	28	749	0	1	1
1434	1	1	1	0	20	693	0	1	0
1434	2	1	1	0	20	693	0	1	1
1435	1	1	1	0	20	1191	0	1	0
1435	2	1	1	0	20	1191	0	1	1
1436	1	1	1	0	20	1191	0	1	0
1436	2	1	1	0	20	1191	0	1	1
1437	1	1	1	0	20	1191	0	1	0
1437	2	1	1	0	20	1191	0	1	1
1438	1	1	1	0	20	1191	0	1	0
1438	2	1	1	0	20	1191	0	1	1
1439	1	1	1	0	20	1191	0	1	0
1439	2	1	1	0	20	1191	0	1	1
1440	1	1	1	0	20	1191	0	1	0
1440	2	1	1	0	20	1191	0	1	1
1441	1	1	1	0	20	903	0	1	0
1441	2	1	1	0	20	903	0	1	1
1442	1	1	1	0	22	693	0	1	0
1442	2	1	1	0	22	693	0	1	1
1443	1	1	1	0	22	807	0	1	0
1443	2	1	1	0	22	807	0	1	1
1444	1	1	1	0	22	693	0	1	0
1444	2	1	1	0	22	693	0	1	1
1445	1	1	1	0	22	693	0	1	0
1445	2	1	1	0	22	693	0	1	1
1446	1	1	1	0	26	149	0	1	0
1446	2	1	1	0	26	149	0	1	1
1447	1	1	1	0	22	693	0	1	0
1447	2	1	1	0	22	693	0	1	1
1448	1	1	1	0	24	807	0	1	0
1448	2	1	1	0	24	807	0	1	1
1449	1	1	1	0	24	669	0	1	0
1449	2	1	1	0	24	669	0	1	1
1450	1	1	1	0	24	807	0	1	0
1450	2	1	1	0	24	807	0	1	1
1451	1	1	1	0	24	1620	0	1	0
1451	2	1	1	0	24	1620	0	1	1
1452	1	1	1	0	24	1620	0	1	0
1452	2	1	1	0	24	1620	0	1	1
1453	1	1	1	0	24	1620	0	1	0
1453	2	1	1	0	24	1620	0	1	1
1454	1	1	1	0	26	1692	0	1	0
1454	2	1	1	0	26	1692	0	1	1
1455	1	1	1	0	26	749	0	1	0
1455	2	1	1	0	26	749	0	1	1
1456	1	1	1	0	26	149	0	1	0
1456	2	1	1	0	26	149	0	1	1
1457	1	1	1	0	26	749	0	1	0
1457	2	1	1	0	26	749	0	1	1
1458	1	1	1	0	28	749	0	1	0
1458	2	1	1	0	28	749	0	1	1
1459	1	1	1	0	28	749	0	1	0
1459	2	1	1	0	28	749	0	1	1
1460	1	1	1	0	28	749	0	1	0
1460	2	1	1	0	28	749	0	1	1
1461	1	1	1	0	28	749	0	1	0
1461	2	1	1	0	28	749	0	1	1
1462	1	1	1	0	28	749	0	1	0
1462	2	1	1	0	28	749	0	1	1
1463	1	1	1	0	28	749	0	1	0
1463	2	1	1	0	28	749	0	1	1
1464	1	1	1	0	28	749	0	1	0
1464	2	1	1	0	28	749	0	1	1
1466	1	1	1	0	28	2196	0	1	0
1466	2	1	1	0	28	2196	0	1	1
1467	1	1	1	0	28	1479	0	1	0
1467	2	1	1	0	28	1479	0	1	1
1468	1	1	1	0	28	749	0	1	0
1468	2	1	1	0	28	749	0	1	1
1469	1	1	1	0	28	749	0	1	0
1469	2	1	1	0	28	749	0	1	1
1470	1	1	1	0	28	749	0	1	0
1470	2	1	1	0	28	749	0	1	1
1471	1	1	1	0	28	749	0	1	0
1471	2	1	1	0	28	749	0	1	1
1472	1	1	1	0	28	749	0	1	0
1472	2	1	1	0	28	749	0	1	1
1473	1	1	1	0	28	749	0	1	0
1473	2	1	1	0	28	749	0	1	1
1475	1	1	1	0	28	749	0	1	0
1475	2	1	1	0	28	749	0	1	1
1476	1	1	1	0	28	749	0	1	0
1476	2	1	1	0	28	749	0	1	1
1477	1	1	1	0	28	749	0	1	0
1477	2	1	1	0	28	749	0	1	1
1478	1	1	1	0	28	749	0	1	0
1478	2	1	1	0	28	749	0	1	1
1479	1	1	1	0	28	749	0	1	0
1479	2	1	1	0	28	749	0	1	1
1480	1	1	1	0	28	749	0	1	0
1480	2	1	1	0	28	749	0	1	1
1481	1	1	1	0	28	2196	0	1	0
1481	2	1	1	0	28	2196	0	1	1
1482	1	1	1	0	28	1479	0	1	0
1482	2	1	1	0	28	1479	0	1	1
1483	1	1	1	0	28	749	0	1	0
1483	2	1	1	0	28	749	0	1	1
1485	1	1	1	0	28	749	0	1	0
1485	2	1	1	0	28	749	0	1	1
1486	1	1	1	0	28	749	0	1	0
1486	2	1	1	0	28	749	0	1	1
1487	1	1	1	0	28	749	0	1	0
1487	2	1	1	0	28	749	0	1	1
1488	1	1	1	0	28	749	0	1	0
1488	2	1	1	0	28	749	0	1	1
1489	1	1	1	0	28	749	0	1	0
1489	2	1	1	0	28	749	0	1	1
1490	1	1	1	0	28	749	0	1	0
1490	2	1	1	0	28	749	0	1	1
1491	1	1	1	0	28	749	0	1	0
1491	2	1	1	0	28	749	0	1	1
1492	1	1	1	0	28	749	0	1	0
1492	2	1	1	0	28	749	0	1	1
1494	1	1	1	0	28	749	0	1	0
1494	2	1	1	0	28	749	0	1	1
1495	1	1	1	0	28	749	0	1	0
1495	2	1	1	0	28	749	0	1	1
1496	1	1	1	0	10	469	0	1	0
1496	2	1	1	0	10	469	0	1	1
1497	1	1	1	0	10	469	0	1	0
1497	2	1	1	0	10	469	0	1	1
1498	1	1	1	0	8	421	0	1	0
1498	2	1	1	0	8	421	0	1	1
1499	1	1	1	0	8	421	0	1	0
1499	2	1	1	0	8	421	0	1	1
1500	1	1	1	0	4	217	0	1	0
1500	2	1	1	0	4	217	0	1	1
1501	1	1	1	0	4	217	0	1	0
1501	2	1	1	0	4	217	0	1	1
1502	1	1	1	0	4	217	0	1	0
1502	2	1	1	0	4	217	0	1	1
1503	1	1	1	0	4	217	0	1	0
1503	2	1	1	0	4	217	0	1	1
1504	1	1	1	0	8	421	0	1	0
1504	2	1	1	0	8	421	0	1	1
1505	1	1	1	0	8	421	0	1	0
1505	2	1	1	0	8	421	0	1	1
1506	1	1	1	0	8	421	0	1	0
1506	2	1	1	0	8	421	0	1	1
1507	1	1	1	0	8	421	0	1	0
1507	2	1	1	0	8	421	0	1	1
1508	1	1	1	0	14	775	0	1	0
1508	2	1	1	0	14	775	0	1	1
1509	1	1	1	0	14	775	0	1	0
1509	2	1	1	0	14	775	0	1	1
1510	1	1	1	0	18	967	0	1	0
1510	2	1	1	0	18	967	0	1	1
1511	1	1	1	0	18	967	0	1	0
1511	2	1	1	0	18	967	0	1	1
1512	1	1	1	0	20	1191	0	1	0
1512	2	1	1	0	20	1191	0	1	1
1513	1	1	1	0	20	1191	0	1	0
1513	2	1	1	0	20	1191	0	1	1
1514	1	1	1	0	22	1383	0	1	0
1514	2	1	1	0	22	1383	0	1	1
1515	1	1	1	0	22	1383	0	1	0
1515	2	1	1	0	22	1383	0	1	1
1516	1	1	1	0	24	1620	0	1	0
1516	2	1	1	0	24	1620	0	1	1
1517	1	1	1	0	24	1620	0	1	0
1517	2	1	1	0	24	1620	0	1	1
1518	1	1	1	0	26	1836	0	1	0
1518	2	1	1	0	26	1836	0	1	1
1519	1	1	1	0	26	903	0	1	0
1519	2	1	1	0	26	903	0	1	1
1520	1	1	1	0	28	749	0	1	0
1520	2	1	1	0	28	749	0	1	1
1522	1	1	1	0	28	749	0	1	0
1522	2	1	1	0	28	749	0	1	1
1523	1	1	1	0	28	749	0	1	0
1523	2	1	1	0	28	749	0	1	1
1524	1	1	1	0	28	749	0	1	0
1524	2	1	1	0	28	749	0	1	1
1525	1	1	1	0	28	749	0	1	0
1525	2	1	1	0	28	749	0	1	1
1526	1	1	1	0	28	749	0	1	0
1526	2	1	1	0	28	749	0	1	1
1527	1	1	1	0	28	749	0	1	0
1527	2	1	1	0	28	749	0	1	1
1528	1	1	1	0	28	749	0	1	0
1528	2	1	1	0	28	749	0	1	1
1529	1	1	1	0	28	749	0	1	0
1529	2	1	1	0	28	749	0	1	1
1531	1	1	1	0	28	2052	0	1	0
1531	2	1	1	0	28	2052	0	1	1
1532	1	1	1	0	28	935	0	1	0
1532	2	1	1	0	28	935	0	1	1
1533	1	1	1	0	28	749	0	1	0
1533	2	1	1	0	28	749	0	1	1
1534	1	1	1	0	28	749	0	1	0
1534	2	1	1	0	28	749	0	1	1
1535	1	1	1	0	28	749	0	1	0
1535	2	1	1	0	28	749	0	1	1
1536	1	1	1	0	28	749	0	1	0
1536	2	1	1	0	28	749	0	1	1
1537	1	1	1	0	28	749	0	1	0
1537	2	1	1	0	28	749	0	1	1
1538	1	1	1	0	28	749	0	1	0
1538	2	1	1	0	28	749	0	1	1
1539	1	1	1	0	28	749	0	1	0
1539	2	1	1	0	28	749	0	1	1
1541	1	1	1	0	28	749	0	1	0
1541	2	1	1	0	28	749	0	1	1
1542	1	1	1	0	28	749	0	1	0
1542	2	1	1	0	28	749	0	1	1
1543	1	1	1	0	28	749	0	1	0
1543	2	1	1	0	28	749	0	1	1
1544	1	1	1	0	28	749	0	1	0
1544	2	1	1	0	28	749	0	1	1
1545	1	1	1	0	28	749	0	1	0
1545	2	1	1	0	28	749	0	1	1
1546	1	1	1	0	28	2196	0	1	0
1546	2	1	1	0	28	2196	0	1	1
1547	1	1	1	0	28	1479	0	1	0
1547	2	1	1	0	28	1479	0	1	1
1548	1	1	1	0	28	749	0	1	0
1548	2	1	1	0	28	749	0	1	1
1550	1	1	1	0	28	749	0	1	0
1550	2	1	1	0	28	749	0	1	1
1551	1	1	1	0	28	749	0	1	0
1551	2	1	1	0	28	749	0	1	1
1552	1	1	1	0	28	749	0	1	0
1552	2	1	1	0	28	749	0	1	1
1553	1	1	1	0	28	749	0	1	0
1553	2	1	1	0	28	749	0	1	1
1554	1	1	1	0	28	749	0	1	0
1554	2	1	1	0	28	749	0	1	1
1555	1	1	1	0	28	749	0	1	0
1555	2	1	1	0	28	749	0	1	1
1556	1	1	1	0	28	749	0	1	0
1556	2	1	1	0	28	749	0	1	1
1557	1	1	1	0	28	749	0	1	0
1557	2	1	1	0	28	749	0	1	1
1559	1	1	1	0	28	749	0	1	0
1559	2	1	1	0	28	749	0	1	1
1560	1	1	1	0	28	749	0	1	0
1560	2	1	1	0	28	749	0	1	1
1561	1	1	1	0	28	2052	0	1	0
1561	2	1	1	0	28	2052	0	1	1
1562	1	1	1	0	28	935	0	1	0
1562	2	1	1	0	28	935	0	1	1
1563	1	1	1	0	28	749	0	1	0
1563	2	1	1	0	28	749	0	1	1
1564	1	1	1	0	28	749	0	1	0
1564	2	1	1	0	28	749	0	1	1
1565	1	1	1	0	28	749	0	1	0
1565	2	1	1	0	28	749	0	1	1
1566	1	1	1	0	28	749	0	1	0
1566	2	1	1	0	28	749	0	1	1
1567	1	1	1	0	28	749	0	1	0
1567	2	1	1	0	28	749	0	1	1
1569	1	1	1	0	28	749	0	1	0
1569	2	1	1	0	28	749	0	1	1
1570	1	1	1	0	28	749	0	1	0
1570	2	1	1	0	28	749	0	1	1
1571	1	1	1	0	28	749	0	1	0
1571	2	1	1	0	28	749	0	1	1
1572	1	1	1	0	28	749	0	1	0
1572	2	1	1	0	28	749	0	1	1
1573	1	1	1	0	28	749	0	1	0
1573	2	1	1	0	28	749	0	1	1
1574	1	1	1	0	28	749	0	1	0
1574	2	1	1	0	28	749	0	1	1
1575	1	1	1	0	28	749	0	1	0
1575	2	1	1	0	28	749	0	1	1
1576	1	1	1	0	28	2052	0	1	0
1576	2	1	1	0	28	2052	0	1	1
1577	1	1	1	0	28	185	0	1	0
1577	2	1	1	0	28	185	0	1	1
1578	1	1	1	0	28	749	0	1	0
1578	2	1	1	0	28	749	0	1	1
1579	1	1	1	0	28	749	0	1	0
1579	2	1	1	0	28	749	0	1	1
1580	1	1	1	0	28	749	0	1	0
1580	2	1	1	0	28	749	0	1	1
1581	1	1	1	0	28	749	0	1	0
1581	2	1	1	0	28	749	0	1	1
1582	1	1	1	0	28	749	0	1	0
1582	2	1	1	0	28	749	0	1	1
1583	1	1	1	0	28	749	0	1	0
1583	2	1	1	0	28	749	0	1	1
1584	1	1	1	0	28	749	0	1	0
1584	2	1	1	0	28	749	0	1	1
1585	1	1	1	0	28	749	0	1	0
1585	2	1	1	0	28	749	0	1	1
1587	1	1	1	0	28	749	0	1	0
1587	2	1	1	0	28	749	0	1	1
1588	1	1	1	0	28	749	0	1	0
1588	2	1	1	0	28	749	0	1	1
1589	1	1	1	0	28	749	0	1	0
1589	2	1	1	0	28	749	0	1	1
1590	1	1	1	0	28	749	0	1	0
1590	2	1	1	0	28	749	0	1	1
1591	1	1	1	0	26	1836	0	1	0
1591	2	1	1	0	26	1836	0	1	1
1592	1	1	1	0	24	1063	0	1	0
1592	2	1	1	0	24	1063	0	1	1
1593	1	1	1	0	28	749	0	1	0
1593	2	1	1	0	28	749	0	1	1
1594	1	1	1	0	28	749	0	1	0
1594	2	1	1	0	28	749	0	1	1
1595	1	1	1	0	28	749	0	1	0
1595	2	1	1	0	28	749	0	1	1
1597	1	1	1	0	28	749	0	1	0
1597	2	1	1	0	28	749	0	1	1
1598	1	1	1	0	18	749	0	1	0
1598	2	1	1	0	18	749	0	1	1
1599	1	1	1	0	18	749	0	1	0
1599	2	1	1	0	18	749	0	1	1
1600	1	1	1	0	14	717	0	1	0
1600	2	1	1	0	14	717	0	1	1
1601	1	1	1	0	14	717	0	1	0
1601	2	1	1	0	14	717	0	1	1
1602	1	1	1	0	10	469	0	1	0
1602	2	1	1	0	10	469	0	1	1
1603	1	1	1	0	10	469	0	1	0
1603	2	1	1	0	10	469	0	1	1
1604	1	1	1	0	6	309	0	1	0
1604	2	1	1	0	6	309	0	1	1
1605	1	1	1	0	6	309	0	1	0
1605	2	1	1	0	6	309	0	1	1
1606	1	1	1	0	12	597	0	1	0
1606	2	1	1	0	12	597	0	1	1
1607	1	1	1	0	12	597	0	1	0
1607	2	1	1	0	12	597	0	1	1
1608	1	1	1	0	18	967	0	1	0
1608	2	1	1	0	18	967	0	1	1
1609	1	1	1	0	18	967	0	1	0
1609	2	1	1	0	18	967	0	1	1
1610	1	1	1	0	20	1191	0	1	0
1610	2	1	1	0	20	1191	0	1	1
1611	1	1	1	0	20	1191	0	1	0
1611	2	1	1	0	20	1191	0	1	1
1612	1	1	1	0	22	1383	0	1	0
1612	2	1	1	0	22	1383	0	1	1
1613	1	1	1	0	22	1383	0	1	0
1613	2	1	1	0	22	1383	0	1	1
1614	1	1	1	0	22	349	0	1	0
1614	2	1	1	0	22	349	0	1	1
1615	1	1	1	0	22	693	0	1	0
1615	2	1	1	0	22	693	0	1	1
1616	1	1	1	0	22	693	0	1	0
1616	2	1	1	0	22	693	0	1	1
1617	1	1	1	0	22	807	0	1	0
1617	2	1	1	0	22	807	0	1	1
1618	1	1	1	0	22	693	0	1	0
1618	2	1	1	0	22	693	0	1	1
1619	1	1	1	0	22	693	0	1	0
1619	2	1	1	0	22	693	0	1	1
1620	1	1	1	0	22	807	0	1	0
1620	2	1	1	0	22	807	0	1	1
1621	1	1	1	0	22	693	0	1	0
1621	2	1	1	0	22	693	0	1	1
1622	1	1	1	0	24	807	0	1	0
1622	2	1	1	0	24	807	0	1	1
1623	1	1	1	0	24	1620	0	1	0
1623	2	1	1	0	24	1620	0	1	1
1624	1	1	1	0	24	1620	0	1	0
1624	2	1	1	0	24	1620	0	1	1
1625	1	1	1	0	24	1191	0	1	0
1625	2	1	1	0	24	1191	0	1	1
1626	1	1	1	0	26	749	0	1	0
1626	2	1	1	0	26	749	0	1	1
1627	1	1	1	0	26	749	0	1	0
1627	2	1	1	0	26	749	0	1	1
1628	1	1	1	0	26	749	0	1	0
1628	2	1	1	0	26	749	0	1	1
1629	1	1	1	0	26	749	0	1	0
1629	2	1	1	0	26	749	0	1	1
1630	1	1	1	0	28	749	0	1	0
1630	2	1	1	0	28	749	0	1	1
1631	1	1	1	0	28	749	0	1	0
1631	2	1	1	0	28	749	0	1	1
1632	1	1	1	0	28	749	0	1	0
1632	2	1	1	0	28	749	0	1	1
1634	1	1	1	0	28	749	0	1	0
1634	2	1	1	0	28	749	0	1	1
1635	1	1	1	0	28	749	0	1	0
1635	2	1	1	0	28	749	0	1	1
1636	1	1	1	0	28	749	0	1	0
1636	2	1	1	0	28	749	0	1	1
1637	1	1	1	0	28	749	0	1	0
1637	2	1	1	0	28	749	0	1	1
1638	1	1	1	0	28	2196	0	1	0
1638	2	1	1	0	28	2196	0	1	1
1639	1	1	1	0	28	2196	0	1	0
1639	2	1	1	0	28	2196	0	1	1
1640	1	1	1	0	28	1479	0	1	0
1640	2	1	1	0	28	1479	0	1	1
1641	1	1	1	0	28	749	0	1	0
1641	2	1	1	0	28	749	0	1	1
1642	1	1	1	0	28	185	0	1	0
1642	2	1	1	0	28	185	0	1	1
1643	1	1	1	0	28	749	0	1	0
1643	2	1	1	0	28	749	0	1	1
1644	1	1	1	0	28	749	0	1	0
1644	2	1	1	0	28	749	0	1	1
1645	1	1	1	0	28	749	0	1	0
1645	2	1	1	0	28	749	0	1	1
1646	1	1	1	0	28	749	0	1	0
1646	2	1	1	0	28	749	0	1	1
1647	1	1	1	0	28	749	0	1	0
1647	2	1	1	0	28	749	0	1	1
1648	1	1	1	0	28	749	0	1	0
1648	2	1	1	0	28	749	0	1	1
1649	1	1	1	0	28	749	0	1	0
1649	2	1	1	0	28	749	0	1	1
1650	1	1	1	0	28	749	0	1	0
1650	2	1	1	0	28	749	0	1	1
1651	1	1	1	0	28	749	0	1	0
1651	2	1	1	0	28	749	0	1	1
1653	1	1	1	0	28	749	0	1	0
1653	2	1	1	0	28	749	0	1	1
1654	1	1	1	0	28	2196	0	1	0
1654	2	1	1	0	28	2196	0	1	1
1655	1	1	1	0	28	2052	0	1	0
1655	2	1	1	0	28	2052	0	1	1
1656	1	1	1	0	28	935	0	1	0
1656	2	1	1	0	28	935	0	1	1
1657	1	1	1	0	28	749	0	1	0
1657	2	1	1	0	28	749	0	1	1
1658	1	1	1	0	28	749	0	1	0
1658	2	1	1	0	28	749	0	1	1
1659	1	1	1	0	28	749	0	1	0
1659	2	1	1	0	28	749	0	1	1
1660	1	1	1	0	28	749	0	1	0
1660	2	1	1	0	28	749	0	1	1
1662	1	1	1	0	28	749	0	1	0
1662	2	1	1	0	28	749	0	1	1
1663	1	1	1	0	28	749	0	1	0
1663	2	1	1	0	28	749	0	1	1
1664	1	1	1	0	28	749	0	1	0
1664	2	1	1	0	28	749	0	1	1
1665	1	1	1	0	28	749	0	1	0
1665	2	1	1	0	28	749	0	1	1
1666	1	1	1	0	28	749	0	1	0
1666	2	1	1	0	28	749	0	1	1
1667	1	1	1	0	28	749	0	1	0
1667	2	1	1	0	28	749	0	1	1
1668	1	1	1	0	28	749	0	1	0
1668	2	1	1	0	28	749	0	1	1
1669	1	1	1	0	28	2196	0	1	0
1669	2	1	1	0	28	2196	0	1	1
1670	1	1	1	0	28	2196	0	1	0
1670	2	1	1	0	28	2196	0	1	1
1671	1	1	1	0	28	749	0	1	0
1671	2	1	1	0	28	749	0	1	1
1672	1	1	1	0	28	749	0	1	0
1672	2	1	1	0	28	749	0	1	1
1673	1	1	1	0	28	749	0	1	0
1673	2	1	1	0	28	749	0	1	1
1674	1	1	1	0	28	749	0	1	0
1674	2	1	1	0	28	749	0	1	1
1675	1	1	1	0	28	749	0	1	0
1675	2	1	1	0	28	749	0	1	1
1676	1	1	1	0	28	749	0	1	0
1676	2	1	1	0	28	749	0	1	1
1677	1	1	1	0	28	749	0	1	0
1677	2	1	1	0	28	749	0	1	1
1678	1	1	1	0	28	749	0	1	0
1678	2	1	1	0	28	749	0	1	1
1679	1	1	1	0	28	749	0	1	0
1679	2	1	1	0	28	749	0	1	1
1681	1	1	1	0	28	749	0	1	0
1681	2	1	1	0	28	749	0	1	1
1682	1	1	1	0	28	749	0	1	0
1682	2	1	1	0	28	749	0	1	1
1683	1	1	1	0	28	749	0	1	0
1683	2	1	1	0	28	749	0	1	1
1684	1	1	1	0	28	2196	0	1	0
1684	2	1	1	0	28	2196	0	1	1
1685	1	1	1	0	28	2196	0	1	0
1685	2	1	1	0	28	2196	0	1	1
1686	1	1	1	0	28	1479	0	1	0
1686	2	1	1	0	28	1479	0	1	1
1687	1	1	1	0	28	749	0	1	0
1687	2	1	1	0	28	749	0	1	1
1688	1	1	1	0	28	749	0	1	0
1688	2	1	1	0	28	749	0	1	1
1690	1	1	1	0	28	749	0	1	0
1690	2	1	1	0	28	749	0	1	1
1691	1	1	1	0	28	749	0	1	0
1691	2	1	1	0	28	749	0	1	1
1692	1	1	1	0	28	749	0	1	0
1692	2	1	1	0	28	749	0	1	1
1693	1	1	1	0	28	749	0	1	0
1693	2	1	1	0	28	749	0	1	1
1694	1	1	1	0	28	749	0	1	0
1694	2	1	1	0	28	749	0	1	1
1695	1	1	1	0	28	749	0	1	0
1695	2	1	1	0	28	749	0	1	1
1696	1	1	1	0	28	749	0	1	0
1696	2	1	1	0	28	749	0	1	1
1697	1	1	1	0	28	749	0	1	0
1697	2	1	1	0	28	749	0	1	1
1699	1	1	1	0	28	749	0	1	0
1699	2	1	1	0	28	749	0	1	1
1700	1	1	1	0	28	2196	0	1	0
1700	2	1	1	0	28	2196	0	1	1
1701	1	1	1	0	28	2196	0	1	0
1701	2	1	1	0	28	2196	0	1	1
1702	1	1	1	0	28	1479	0	1	0
1702	2	1	1	0	28	1479	0	1	1
1703	1	1	1	0	28	749	0	1	0
1703	2	1	1	0	28	749	0	1	1
1704	1	1	1	0	28	749	0	1	0
1704	2	1	1	0	28	749	0	1	1
1705	1	1	1	0	28	749	0	1	0
1705	2	1	1	0	28	749	0	1	1
1706	1	1	1	0	28	749	0	1	0
1706	2	1	1	0	28	749	0	1	1
1707	1	1	1	0	28	749	0	1	0
1707	2	1	1	0	28	749	0	1	1
1709	1	1	1	0	28	749	0	1	0
1709	2	1	1	0	28	749	0	1	1
1710	1	1	1	0	28	749	0	1	0
1710	2	1	1	0	28	749	0	1	1
1711	1	1	1	0	28	749	0	1	0
1711	2	1	1	0	28	749	0	1	1
1712	1	1	1	0	28	749	0	1	0
1712	2	1	1	0	28	749	0	1	1
1713	1	1	1	0	28	749	0	1	0
1713	2	1	1	0	28	749	0	1	1
1714	1	1	1	0	28	749	0	1	0
1714	2	1	1	0	28	749	0	1	1
1715	1	1	1	0	28	2196	0	1	0
1715	2	1	1	0	28	2196	0	1	1
1716	1	1	1	0	28	2196	0	1	0
1716	2	1	1	0	28	2196	0	1	1
1717	1	1	1	0	28	749	0	1	0
1717	2	1	1	0	28	749	0	1	1
1718	1	1	1	0	28	749	0	1	0
1718	2	1	1	0	28	749	0	1	1
1719	1	1	1	0	28	749	0	1	0
1719	2	1	1	0	28	749	0	1	1
1720	1	1	1	0	28	749	0	1	0
1720	2	1	1	0	28	749	0	1	1
1721	1	1	1	0	28	749	0	1	0
1721	2	1	1	0	28	749	0	1	1
1722	1	1	1	0	28	749	0	1	0
1722	2	1	1	0	28	749	0	1	1
1723	1	1	1	0	28	749	0	1	0
1723	2	1	1	0	28	749	0	1	1
1724	1	1	1	0	28	749	0	1	0
1724	2	1	1	0	28	749	0	1	1
1725	1	1	1	0	28	749	0	1	0
1725	2	1	1	0	28	749	0	1	1
1727	1	1	1	0	28	749	0	1	0
1727	2	1	1	0	28	749	0	1	1
1728	1	1	1	0	28	749	0	1	0
1728	2	1	1	0	28	749	0	1	1
1729	1	1	1	0	28	749	0	1	0
1729	2	1	1	0	28	749	0	1	1
1730	1	1	1	0	28	2196	0	1	0
1730	2	1	1	0	28	2196	0	1	1
1731	1	1	1	0	28	1479	0	1	0
1731	2	1	1	0	28	1479	0	1	1
1732	1	1	1	0	28	749	0	1	0
1732	2	1	1	0	28	749	0	1	1
1733	1	1	1	0	28	749	0	1	0
1733	2	1	1	0	28	749	0	1	1
1734	1	1	1	0	28	749	0	1	0
1734	2	1	1	0	28	749	0	1	1
1735	1	1	1	0	28	749	0	1	0
1735	2	1	1	0	28	749	0	1	1
1737	1	1	1	0	28	749	0	1	0
1737	2	1	1	0	28	749	0	1	1
1738	1	1	1	0	28	749	0	1	0
1738	2	1	1	0	28	749	0	1	1
1739	1	1	1	0	28	749	0	1	0
1739	2	1	1	0	28	749	0	1	1
1740	1	1	1	0	26	749	0	1	0
1740	2	1	1	0	26	749	0	1	1
1741	1	1	1	0	26	749	0	1	0
1741	2	1	1	0	26	749	0	1	1
1742	1	1	1	0	26	749	0	1	0
1742	2	1	1	0	26	749	0	1	1
1743	1	1	1	0	26	749	0	1	0
1743	2	1	1	0	26	749	0	1	1
1744	1	1	1	0	24	669	0	1	0
1744	2	1	1	0	24	669	0	1	1
1745	1	1	1	0	24	1620	0	1	0
1745	2	1	1	0	24	1620	0	1	1
1746	1	1	1	0	24	1335	0	1	0
1746	2	1	1	0	24	1335	0	1	1
1747	1	1	1	0	24	807	0	1	0
1747	2	1	1	0	24	807	0	1	1
1748	1	1	1	0	24	669	0	1	0
1748	2	1	1	0	24	669	0	1	1
1749	1	1	1	0	24	807	0	1	0
1749	2	1	1	0	24	807	0	1	1
1750	1	1	1	0	24	669	0	1	0
1750	2	1	1	0	24	669	0	1	1
1751	1	1	1	0	24	807	0	1	0
1751	2	1	1	0	24	807	0	1	1
1752	1	1	1	0	22	693	0	1	0
1752	2	1	1	0	22	693	0	1	1
1753	1	1	1	0	22	693	0	1	0
1753	2	1	1	0	22	693	0	1	1
1754	1	1	1	0	22	113	0	1	0
1754	2	1	1	0	22	113	0	1	1
1755	1	1	1	0	22	693	0	1	0
1755	2	1	1	0	22	693	0	1	1
1756	1	1	1	0	22	693	0	1	0
1756	2	1	1	0	22	693	0	1	1
1757	1	1	1	0	22	807	0	1	0
1757	2	1	1	0	22	807	0	1	1
1758	1	1	1	0	20	693	0	1	0
1758	2	1	1	0	20	693	0	1	1
1759	1	1	1	0	20	693	0	1	0
1759	2	1	1	0	20	693	0	1	1
1760	1	1	1	0	20	1191	0	1	0
1760	2	1	1	0	20	1191	0	1	1
1761	1	1	1	0	20	1191	0	1	0
1761	2	1	1	0	20	1191	0	1	1
1762	1	1	1	0	20	1191	0	1	0
1762	2	1	1	0	20	1191	0	1	1
1763	1	1	1	0	20	1191	0	1	0
1763	2	1	1	0	20	1191	0	1	1
1764	1	1	1	0	20	389	0	1	0
1764	2	1	1	0	20	389	0	1	1
1765	1	1	1	0	20	693	0	1	0
1765	2	1	1	0	20	693	0	1	1
1766	1	1	1	0	18	749	0	1	0
1766	2	1	1	0	18	749	0	1	1
1767	1	1	1	0	18	749	0	1	0
1767	2	1	1	0	18	749	0	1	1
1768	1	1	1	0	18	749	0	1	0
1768	2	1	1	0	18	749	0	1	1
1769	1	1	1	0	18	749	0	1	0
1769	2	1	1	0	18	749	0	1	1
1770	1	1	1	0	18	749	0	1	0
1770	2	1	1	0	18	749	0	1	1
1771	1	1	1	0	18	749	0	1	0
1771	2	1	1	0	18	749	0	1	1
1772	1	1	1	0	18	749	0	1	0
1772	2	1	1	0	18	749	0	1	1
1774	1	1	1	0	18	749	0	1	0
1774	2	1	1	0	18	749	0	1	1
1775	1	1	1	0	18	749	0	1	0
1775	2	1	1	0	18	749	0	1	1
1776	1	1	1	0	18	967	0	1	0
1776	2	1	1	0	18	967	0	1	1
1777	1	1	1	0	18	967	0	1	0
1777	2	1	1	0	18	967	0	1	1
1778	1	1	1	0	18	967	0	1	0
1778	2	1	1	0	18	967	0	1	1
1779	1	1	1	0	18	967	0	1	0
1779	2	1	1	0	18	967	0	1	1
1780	1	1	1	0	18	967	0	1	0
1780	2	1	1	0	18	967	0	1	1
1781	1	1	1	0	18	967	0	1	0
1781	2	1	1	0	18	967	0	1	1
1782	1	1	1	0	20	1191	0	1	0
1782	2	1	1	0	20	1191	0	1	1
1783	1	1	1	0	20	999	0	1	0
1783	2	1	1	0	20	999	0	1	1
1784	1	1	1	0	20	693	0	1	0
1784	2	1	1	0	20	693	0	1	1
1785	1	1	1	0	20	775	0	1	0
1785	2	1	1	0	20	775	0	1	1
1786	1	1	1	0	20	693	0	1	0
1786	2	1	1	0	20	693	0	1	1
1787	1	1	1	0	20	693	0	1	0
1787	2	1	1	0	20	693	0	1	1
1788	1	1	1	0	20	775	0	1	0
1788	2	1	1	0	20	775	0	1	1
1789	1	1	1	0	20	693	0	1	0
1789	2	1	1	0	20	693	0	1	1
1790	1	1	1	0	20	693	0	1	0
1790	2	1	1	0	20	693	0	1	1
1791	1	1	1	0	20	775	0	1	0
1791	2	1	1	0	20	775	0	1	1
1793	1	1	1	0	20	1191	0	1	0
1793	2	1	1	0	20	1191	0	1	1
1794	1	1	1	0	20	1191	0	1	0
1794	2	1	1	0	20	1191	0	1	1
1795	1	1	1	0	20	1191	0	1	0
1795	2	1	1	0	20	1191	0	1	1
1796	1	1	1	0	20	1191	0	1	0
1796	2	1	1	0	20	1191	0	1	1
1797	1	1	1	0	20	1191	0	1	0
1797	2	1	1	0	20	1191	0	1	1
1798	1	1	1	0	20	1191	0	1	0
1798	2	1	1	0	20	1191	0	1	1
1799	1	1	1	0	20	903	0	1	0
1799	2	1	1	0	20	903	0	1	1
1800	1	1	1	0	20	693	0	1	0
1800	2	1	1	0	20	693	0	1	1
1801	1	1	1	0	20	97	0	1	0
1801	2	1	1	0	20	97	0	1	1
1802	1	1	1	0	20	693	0	1	0
1802	2	1	1	0	20	693	0	1	1
1803	1	1	1	0	20	693	0	1	0
1803	2	1	1	0	20	693	0	1	1
1804	1	1	1	0	22	807	0	1	0
1804	2	1	1	0	22	807	0	1	1
1805	1	1	1	0	22	693	0	1	0
1805	2	1	1	0	22	693	0	1	1
1806	1	1	1	0	22	693	0	1	0
1806	2	1	1	0	22	693	0	1	1
1807	1	1	1	0	22	807	0	1	0
1807	2	1	1	0	22	807	0	1	1
1808	1	1	1	0	22	693	0	1	0
1808	2	1	1	0	22	693	0	1	1
1809	1	1	1	0	22	1383	0	1	0
1809	2	1	1	0	22	1383	0	1	1
1810	1	1	1	0	22	1383	0	1	0
1810	2	1	1	0	22	1383	0	1	1
1811	1	1	1	0	22	1383	0	1	0
1811	2	1	1	0	22	1383	0	1	1
1812	1	1	1	0	22	1383	0	1	0
1812	2	1	1	0	22	1383	0	1	1
1813	1	1	1	0	22	1031	0	1	0
1813	2	1	1	0	22	1031	0	1	1
1814	1	1	1	0	22	807	0	1	0
1814	2	1	1	0	22	807	0	1	1
1815	1	1	1	0	22	693	0	1	0
1815	2	1	1	0	22	693	0	1	1
1816	1	1	1	0	22	693	0	1	0
1816	2	1	1	0	22	693	0	1	1
1817	1	1	1	0	22	807	0	1	0
1817	2	1	1	0	22	807	0	1	1
1818	1	1	1	0	22	693	0	1	0
1818	2	1	1	0	22	693	0	1	1
1819	1	1	1	0	22	693	0	1	0
1819	2	1	1	0	22	693	0	1	1
1820	1	1	1	0	22	113	0	1	0
1820	2	1	1	0	22	113	0	1	1
1821	1	1	1	0	22	693	0	1	0
1821	2	1	1	0	22	693	0	1	1
1822	1	1	1	0	24	807	0	1	0
1822	2	1	1	0	24	807	0	1	1
1823	1	1	1	0	24	669	0	1	0
1823	2	1	1	0	24	669	0	1	1
1824	1	1	1	0	24	807	0	1	0
1824	2	1	1	0	24	807	0	1	1
1825	1	1	1	0	24	669	0	1	0
1825	2	1	1	0	24	669	0	1	1
1826	1	1	1	0	24	807	0	1	0
1826	2	1	1	0	24	807	0	1	1
1827	1	1	1	0	24	669	0	1	0
1827	2	1	1	0	24	669	0	1	1
1828	1	1	1	0	24	807	0	1	0
1828	2	1	1	0	24	807	0	1	1
1830	1	1	1	0	24	669	0	1	0
1830	2	1	1	0	24	669	0	1	1
1831	1	1	1	0	24	807	0	1	0
1831	2	1	1	0	24	807	0	1	1
1832	1	1	1	0	24	1620	0	1	0
1832	2	1	1	0	24	1620	0	1	1
1833	1	1	1	0	24	1620	0	1	0
1833	2	1	1	0	24	1620	0	1	1
1834	1	1	1	0	26	1836	0	1	0
1834	2	1	1	0	26	1836	0	1	1
1835	1	1	1	0	26	749	0	1	0
1835	2	1	1	0	26	749	0	1	1
1836	1	1	1	0	26	749	0	1	0
1836	2	1	1	0	26	749	0	1	1
1837	1	1	1	0	26	749	0	1	0
1837	2	1	1	0	26	749	0	1	1
1839	1	1	1	0	26	749	0	1	0
1839	2	1	1	0	26	749	0	1	1
1840	1	1	1	0	26	749	0	1	0
1840	2	1	1	0	26	749	0	1	1
1841	1	1	1	0	26	749	0	1	0
1841	2	1	1	0	26	749	0	1	1
1842	1	1	1	0	26	749	0	1	0
1842	2	1	1	0	26	749	0	1	1
1843	1	1	1	0	26	749	0	1	0
1843	2	1	1	0	26	749	0	1	1
1844	1	1	1	0	26	749	0	1	0
1844	2	1	1	0	26	749	0	1	1
1845	1	1	1	0	26	749	0	1	0
1845	2	1	1	0	26	749	0	1	1
1846	1	1	1	0	28	749	0	1	0
1846	2	1	1	0	28	749	0	1	1
1847	1	1	1	0	28	2196	0	1	0
1847	2	1	1	0	28	2196	0	1	1
1848	1	1	1	0	28	2196	0	1	0
1848	2	1	1	0	28	2196	0	1	1
1849	1	1	1	0	28	749	0	1	0
1849	2	1	1	0	28	749	0	1	1
1850	1	1	1	0	28	749	0	1	0
1850	2	1	1	0	28	749	0	1	1
1851	1	1	1	0	28	749	0	1	0
1851	2	1	1	0	28	749	0	1	1
1852	1	1	1	0	28	749	0	1	0
1852	2	1	1	0	28	749	0	1	1
1853	1	1	1	0	28	749	0	1	0
1853	2	1	1	0	28	749	0	1	1
1854	1	1	1	0	28	749	0	1	0
1854	2	1	1	0	28	749	0	1	1
1855	1	1	1	0	28	749	0	1	0
1855	2	1	1	0	28	749	0	1	1
1856	1	1	1	0	28	749	0	1	0
1856	2	1	1	0	28	749	0	1	1
1858	1	1	1	0	28	749	0	1	0
1858	2	1	1	0	28	749	0	1	1
1859	1	1	1	0	28	749	0	1	0
1859	2	1	1	0	28	749	0	1	1
1860	1	1	1	0	28	749	0	1	0
1860	2	1	1	0	28	749	0	1	1
1861	1	1	1	0	28	749	0	1	0
1861	2	1	1	0	28	749	0	1	1
1862	1	1	1	0	28	2196	0	1	0
1862	2	1	1	0	28	2196	0	1	1
1863	1	1	1	0	28	2196	0	1	0
1863	2	1	1	0	28	2196	0	1	1
1864	1	1	1	0	28	1479	0	1	0
1864	2	1	1	0	28	1479	0	1	1
1865	1	1	1	0	28	749	0	1	0
1865	2	1	1	0	28	749	0	1	1
1866	1	1	1	0	28	185	0	1	0
1866	2	1	1	0	28	185	0	1	1
1867	1	1	1	0	28	749	0	1	0
1867	2	1	1	0	28	749	0	1	1
1868	1	1	1	0	28	749	0	1	0
1868	2	1	1	0	28	749	0	1	1
1869	1	1	1	0	28	749	0	1	0
1869	2	1	1	0	28	749	0	1	1
1870	1	1	1	0	28	749	0	1	0
1870	2	1	1	0	28	749	0	1	1
1871	1	1	1	0	28	749	0	1	0
1871	2	1	1	0	28	749	0	1	1
1872	1	1	1	0	28	749	0	1	0
1872	2	1	1	0	28	749	0	1	1
1873	1	1	1	0	28	749	0	1	0
1873	2	1	1	0	28	749	0	1	1
1874	1	1	1	0	28	749	0	1	0
1874	2	1	1	0	28	749	0	1	1
1875	1	1	1	0	28	749	0	1	0
1875	2	1	1	0	28	749	0	1	1
1877	1	1	1	0	28	749	0	1	0
1877	2	1	1	0	28	749	0	1	1
1878	1	1	1	0	26	1836	0	1	0
1878	2	1	1	0	26	1836	0	1	1
1879	1	1	1	0	26	1836	0	1	0
1879	2	1	1	0	26	1836	0	1	1
1880	1	1	1	0	24	1620	0	1	0
1880	2	1	1	0	24	1620	0	1	1
1881	1	1	1	0	26	1239	0	1	0
1881	2	1	1	0	26	1239	0	1	1
1882	1	1	1	0	26	749	0	1	0
1882	2	1	1	0	26	749	0	1	1
1883	1	1	1	0	26	749	0	1	0
1883	2	1	1	0	26	749	0	1	1
1884	1	1	1	0	26	749	0	1	0
1884	2	1	1	0	26	749	0	1	1
1885	1	1	1	0	28	185	0	1	0
1885	2	1	1	0	28	185	0	1	1
1886	1	1	1	0	24	669	0	1	0
1886	2	1	1	0	24	669	0	1	1
1887	1	1	1	0	24	807	0	1	0
1887	2	1	1	0	24	807	0	1	1
1888	1	1	1	0	24	669	0	1	0
1888	2	1	1	0	24	669	0	1	1
1889	1	1	1	0	24	807	0	1	0
1889	2	1	1	0	24	807	0	1	1
1890	1	1	1	0	22	693	0	1	0
1890	2	1	1	0	22	693	0	1	1
1891	1	1	1	0	22	693	0	1	0
1891	2	1	1	0	22	693	0	1	1
1892	1	1	1	0	20	775	0	1	0
1892	2	1	1	0	20	775	0	1	1
1893	1	1	1	0	12	597	0	1	0
1893	2	1	1	0	12	597	0	1	1
1894	1	1	1	0	18	967	0	1	0
1894	2	1	1	0	18	967	0	1	1
1895	1	1	1	0	18	967	0	1	0
1895	2	1	1	0	18	967	0	1	1
1896	1	1	1	0	18	967	0	1	0
1896	2	1	1	0	18	967	0	1	1
1897	1	1	1	0	18	967	0	1	0
1897	2	1	1	0	18	967	0	1	1
1898	1	1	1	0	14	775	0	1	0
1898	2	1	1	0	14	775	0	1	1
1899	1	1	1	0	14	775	0	1	0
1899	2	1	1	0	14	775	0	1	1
1900	1	1	1	0	12	597	0	1	0
1900	2	1	1	0	12	597	0	1	1
1901	1	1	1	0	12	597	0	1	0
1901	2	1	1	0	12	597	0	1	1
1902	1	1	1	0	10	469	0	1	0
1902	2	1	1	0	10	469	0	1	1
1903	1	1	1	0	10	469	0	1	0
1903	2	1	1	0	10	469	0	1	1
1904	1	1	1	0	8	421	0	1	0
1904	2	1	1	0	8	421	0	1	1
1905	1	1	1	0	8	421	0	1	0
1905	2	1	1	0	8	421	0	1	1
1906	1	1	1	0	6	309	0	1	0
1906	2	1	1	0	6	309	0	1	1
1907	1	1	1	0	6	309	0	1	0
1907	2	1	1	0	6	309	0	1	1
1908	1	1	1	0	4	217	0	1	0
1908	2	1	1	0	4	217	0	1	1
1909	1	1	1	0	4	217	0	1	0
1909	2	1	1	0	4	217	0	1	1
1910	1	1	1	0	6	309	0	1	0
1910	2	1	1	0	6	309	0	1	1
1911	1	1	1	0	6	309	0	1	0
1911	2	1	1	0	6	309	0	1	1
1912	1	1	1	0	6	309	0	1	0
1912	2	1	1	0	6	309	0	1	1
1913	1	1	1	0	6	309	0	1	0
1913	2	1	1	0	6	309	0	1	1
1914	1	1	1	0	2	133	0	1	0
1914	2	1	1	0	2	133	0	1	1
1915	1	1	1	0	2	133	0	1	0
1915	2	1	1	0	2	133	0	1	1
1916	1	1	1	0	4	217	0	1	0
1916	2	1	1	0	4	217	0	1	1
1917	1	1	1	0	4	217	0	1	0
1917	2	1	1	0	4	217	0	1	1
1918	1	1	1	0	2	133	0	1	0
1918	2	1	1	0	2	133	0	1	1
1919	1	1	1	0	2	133	0	1	0
1919	2	1	1	0	2	133	0	1	1
1920	1	1	1	0	4	217	0	1	0
1920	2	1	1	0	4	217	0	1	1
1921	1	1	1	0	4	217	0	1	0
1921	2	1	1	0	4	217	0	1	1
1922	1	1	1	0	6	309	0	1	0
1922	2	1	1	0	6	309	0	1	1
1923	1	1	1	0	6	309	0	1	0
1923	2	1	1	0	6	309	0	1	1
1924	1	1	1	0	8	421	0	1	0
1924	2	1	1	0	8	421	0	1	1
1925	1	1	1	0	8	421	0	1	0
1925	2	1	1	0	8	421	0	1	1
1926	1	1	1	0	10	469	0	1	0
1926	2	1	1	0	10	469	0	1	1
1927	1	1	1	0	10	469	0	1	0
1927	2	1	1	0	10	469	0	1	1
1928	1	1	1	0	10	469	0	1	0
1928	2	1	1	0	10	469	0	1	1
1929	1	1	1	0	10	469	0	1	0
1929	2	1	1	0	10	469	0	1	1
1930	1	1	1	0	12	597	0	1	0
1930	2	1	1	0	12	597	0	1	1
1931	1	1	1	0	12	597	0	1	0
1931	2	1	1	0	12	597	0	1	1
1932	1	1	1	0	14	775	0	1	0
1932	2	1	1	0	14	775	0	1	1
1933	1	1	1	0	14	775	0	1	0
1933	2	1	1	0	14	775	0	1	1
1934	1	1	1	0	14	775	0	1	0
1934	2	1	1	0	14	775	0	1	1
1935	1	1	1	0	14	775	0	1	0
1935	2	1	1	0	14	775	0	1	1
1936	1	1	1	0	16	903	0	1	0
1936	2	1	1	0	16	903	0	1	1
1937	1	1	1	0	16	903	0	1	0
1937	2	1	1	0	16	903	0	1	1
1938	1	1	1	0	16	903	0	1	0
1938	2	1	1	0	16	903	0	1	1
1939	1	1	1	0	16	903	0	1	0
1939	2	1	1	0	16	903	0	1	1
1940	1	1	1	0	16	903	0	1	0
1940	2	1	1	0	16	903	0	1	1
1941	1	1	1	0	16	903	0	1	0
1941	2	1	1	0	16	903	0	1	1
1942	1	1	1	0	16	903	0	1	0
1942	2	1	1	0	16	903	0	1	1
1943	1	1	1	0	16	903	0	1	0
1943	2	1	1	0	16	903	0	1	1
1944	1	1	1	0	16	903	0	1	0
1944	2	1	1	0	16	903	0	1	1
1945	1	1	1	0	16	903	0	1	0
1945	2	1	1	0	16	903	0	1	1
1946	1	1	1	0	16	903	0	1	0
1946	2	1	1	0	16	903	0	1	1
1947	1	1	1	0	16	903	0	1	0
1947	2	1	1	0	16	903	0	1	1
1948	1	1	1	0	16	903	0	1	0
1948	2	1	1	0	16	903	0	1	1
1949	1	1	1	0	16	903	0	1	0
1949	2	1	1	0	16	903	0	1	1
1950	1	1	1	0	16	309	0	1	0
1950	2	1	1	0	16	309	0	1	1
1951	1	1	1	0	16	693	0	1	0
1951	2	1	1	0	16	693	0	1	1
1952	1	1	1	0	16	693	0	1	0
1952	2	1	1	0	16	693	0	1	1
1953	1	1	1	0	16	775	0	1	0
1953	2	1	1	0	16	775	0	1	1
1954	1	1	1	0	14	717	0	1	0
1954	2	1	1	0	14	717	0	1	1
1955	1	1	1	0	14	717	0	1	0
1955	2	1	1	0	14	717	0	1	1
1956	1	1	1	0	14	717	0	1	0
1956	2	1	1	0	14	717	0	1	1
1957	1	1	1	0	14	717	0	1	0
1957	2	1	1	0	14	717	0	1	1
1958	1	1	1	0	12	597	0	1	0
1958	2	1	1	0	12	597	0	1	1
1959	1	1	1	0	12	597	0	1	0
1959	2	1	1	0	12	597	0	1	1
1960	1	1	1	0	10	233	0	1	0
1960	2	1	1	0	10	233	0	1	1
1961	1	1	1	0	10	469	0	1	0
1961	2	1	1	0	10	469	0	1	1
1962	1	1	1	0	10	469	0	1	0
1962	2	1	1	0	10	469	0	1	1
1963	1	1	1	0	10	469	0	1	0
1963	2	1	1	0	10	469	0	1	1
1964	1	1	1	0	8	421	0	1	0
1964	2	1	1	0	8	421	0	1	1
1965	1	1	1	0	8	421	0	1	0
1965	2	1	1	0	8	421	0	1	1
1966	1	1	1	0	4	217	0	1	0
1966	2	1	1	0	4	217	0	1	1
1967	1	1	1	0	4	217	0	1	0
1967	2	1	1	0	4	217	0	1	1
1968	1	1	1	0	2	133	0	1	0
1968	2	1	1	0	2	133	0	1	1
1969	1	1	1	0	2	133	0	1	0
1969	2	1	1	0	2	133	0	1	1
1970	1	1	1	0	2	133	0	1	0
1970	2	1	1	0	2	133	0	1	1
1971	1	1	1	0	2	133	0	1	0
1971	2	1	1	0	2	133	0	1	1
1972	1	1	1	0	4	217	0	1	0
1972	2	1	1	0	4	217	0	1	1
1973	1	1	1	0	4	217	0	1	0
1973	2	1	1	0	4	217	0	1	1
1974	1	1	1	0	8	421	0	1	0
1974	2	1	1	0	8	421	0	1	1
1975	1	1	1	0	8	421	0	1	0
1975	2	1	1	0	8	421	0	1	1
1976	1	1	1	0	12	597	0	1	0
1976	2	1	1	0	12	597	0	1	1
1977	1	1	1	0	12	597	0	1	0
1977	2	1	1	0	12	597	0	1	1
1978	1	1	1	0	14	775	0	1	0
1978	2	1	1	0	14	775	0	1	1
1979	1	1	1	0	14	775	0	1	0
1979	2	1	1	0	14	775	0	1	1
1980	1	1	1	0	16	903	0	1	0
1980	2	1	1	0	16	903	0	1	1
1981	1	1	1	0	16	903	0	1	0
1981	2	1	1	0	16	903	0	1	1
1982	1	1	1	0	18	967	0	1	0
1982	2	1	1	0	18	967	0	1	1
1983	1	1	1	0	18	967	0	1	0
1983	2	1	1	0	18	967	0	1	1
1984	1	1	1	0	20	1191	0	1	0
1984	2	1	1	0	20	1191	0	1	1
1985	1	1	1	0	20	1191	0	1	0
1985	2	1	1	0	20	1191	0	1	1
1986	1	1	1	0	20	1191	0	1	0
1986	2	1	1	0	20	1191	0	1	1
1987	1	1	1	0	20	1191	0	1	0
1987	2	1	1	0	20	1191	0	1	1
1988	1	1	1	0	22	807	0	1	0
1988	2	1	1	0	22	807	0	1	1
1989	1	1	1	0	22	693	0	1	0
1989	2	1	1	0	22	693	0	1	1
1990	1	1	1	0	24	807	0	1	0
1990	2	1	1	0	24	807	0	1	1
1991	1	1	1	0	24	669	0	1	0
1991	2	1	1	0	24	669	0	1	1
1992	1	1	1	0	24	807	0	1	0
1992	2	1	1	0	24	807	0	1	1
1993	1	1	1	0	24	669	0	1	0
1993	2	1	1	0	24	669	0	1	1
1994	1	1	1	0	26	749	0	1	0
1994	2	1	1	0	26	749	0	1	1
1995	1	1	1	0	26	749	0	1	0
1995	2	1	1	0	26	749	0	1	1
1996	1	1	1	0	26	749	0	1	0
1996	2	1	1	0	26	749	0	1	1
1998	1	1	1	0	28	749	0	1	0
1998	2	1	1	0	28	749	0	1	1
1999	1	1	1	0	28	749	0	1	0
1999	2	1	1	0	28	749	0	1	1
2000	1	1	1	0	28	749	0	1	0
2000	2	1	1	0	28	749	0	1	1
2001	1	1	1	0	28	749	0	1	0
2001	2	1	1	0	28	749	0	1	1
2002	1	1	1	0	28	749	0	1	0
2002	2	1	1	0	28	749	0	1	1
2003	1	1	1	0	28	749	0	1	0
2003	2	1	1	0	28	749	0	1	1
2004	1	1	1	0	28	749	0	1	0
2004	2	1	1	0	28	749	0	1	1
2005	1	1	1	0	28	749	0	1	0
2005	2	1	1	0	28	749	0	1	1
2007	1	1	1	0	28	749	0	1	0
2007	2	1	1	0	28	749	0	1	1
2008	1	1	1	0	28	749	0	1	0
2008	2	1	1	0	28	749	0	1	1
2009	1	1	1	0	28	749	0	1	0
2009	2	1	1	0	28	749	0	1	1
2010	1	1	1	0	28	749	0	1	0
2010	2	1	1	0	28	749	0	1	1
2011	1	1	1	0	28	749	0	1	0
2011	2	1	1	0	28	749	0	1	1
2012	1	1	1	0	28	749	0	1	0
2012	2	1	1	0	28	749	0	1	1
2013	1	1	1	0	28	749	0	1	0
2013	2	1	1	0	28	749	0	1	1
2014	1	1	1	0	28	749	0	1	0
2014	2	1	1	0	28	749	0	1	1
2015	1	1	1	0	28	749	0	1	0
2015	2	1	1	0	28	749	0	1	1
2017	1	1	1	0	28	749	0	1	0
2017	2	1	1	0	28	749	0	1	1
2018	1	1	1	0	28	749	0	1	0
2018	2	1	1	0	28	749	0	1	1
2019	1	1	1	0	28	749	0	1	0
2019	2	1	1	0	28	749	0	1	1
2020	1	1	1	0	28	749	0	1	0
2020	2	1	1	0	28	749	0	1	1
2021	1	1	1	0	28	749	0	1	0
2021	2	1	1	0	28	749	0	1	1
2022	1	1	1	0	28	749	0	1	0
2022	2	1	1	0	28	749	0	1	1
2023	1	1	1	0	28	749	0	1	0
2023	2	1	1	0	28	749	0	1	1
2024	1	1	1	0	14	717	0	1	0
2024	2	1	1	0	14	717	0	1	1
2025	1	1	1	0	28	185	0	1	0
2025	2	1	1	0	28	185	0	1	1
2026	1	1	1	0	10	469	0	1	0
2026	2	1	1	0	10	469	0	1	1
2027	1	1	1	0	10	469	0	1	0
2027	2	1	1	0	10	469	0	1	1
2028	1	1	1	0	6	309	0	1	0
2028	2	1	1	0	6	309	0	1	1
2029	1	1	1	0	6	309	0	1	0
2029	2	1	1	0	6	309	0	1	1
2030	1	1	1	0	12	597	0	1	0
2030	2	1	1	0	12	597	0	1	1
2031	1	1	1	0	12	597	0	1	0
2031	2	1	1	0	12	597	0	1	1
2032	1	1	1	0	14	775	0	1	0
2032	2	1	1	0	14	775	0	1	1
2033	1	1	1	0	14	775	0	1	0
2033	2	1	1	0	14	775	0	1	1
2034	1	1	1	0	18	967	0	1	0
2034	2	1	1	0	18	967	0	1	1
2035	1	1	1	0	18	967	0	1	0
2035	2	1	1	0	18	967	0	1	1
2036	1	1	1	0	20	903	0	1	0
2036	2	1	1	0	20	903	0	1	1
2037	1	1	1	0	20	693	0	1	0
2037	2	1	1	0	20	693	0	1	1
2038	1	1	1	0	22	807	0	1	0
2038	2	1	1	0	22	807	0	1	1
2039	1	1	1	0	22	693	0	1	0
2039	2	1	1	0	22	693	0	1	1
2040	1	1	1	0	24	807	0	1	0
2040	2	1	1	0	24	807	0	1	1
2041	1	1	1	0	24	669	0	1	0
2041	2	1	1	0	24	669	0	1	1
2042	1	1	1	0	24	807	0	1	0
2042	2	1	1	0	24	807	0	1	1
2043	1	1	1	0	24	669	0	1	0
2043	2	1	1	0	24	669	0	1	1
2044	1	1	1	0	28	185	0	1	0
2044	2	1	1	0	28	185	0	1	1
2045	1	1	1	0	26	749	0	1	0
2045	2	1	1	0	26	749	0	1	1
2046	1	1	1	0	28	749	0	1	0
2046	2	1	1	0	28	749	0	1	1
2047	1	1	1	0	28	749	0	1	0
2047	2	1	1	0	28	749	0	1	1
2048	1	1	1	0	28	749	0	1	0
2048	2	1	1	0	28	749	0	1	1
2049	1	1	1	0	28	749	0	1	0
2049	2	1	1	0	28	749	0	1	1
2050	1	1	1	0	28	749	0	1	0
2050	2	1	1	0	28	749	0	1	1
2051	1	1	1	0	28	749	0	1	0
2051	2	1	1	0	28	749	0	1	1
2052	1	1	1	0	28	749	0	1	0
2052	2	1	1	0	28	749	0	1	1
2054	1	1	1	0	28	749	0	1	0
2054	2	1	1	0	28	749	0	1	1
2055	1	1	1	0	28	749	0	1	0
2055	2	1	1	0	28	749	0	1	1
2056	1	1	1	0	28	749	0	1	0
2056	2	1	1	0	28	749	0	1	1
2057	1	1	1	0	28	749	0	1	0
2057	2	1	1	0	28	749	0	1	1
2058	1	1	1	0	28	749	0	1	0
2058	2	1	1	0	28	749	0	1	1
2059	1	1	1	0	28	749	0	1	0
2059	2	1	1	0	28	749	0	1	1
2060	1	1	1	0	28	749	0	1	0
2060	2	1	1	0	28	749	0	1	1
2061	1	1	1	0	28	749	0	1	0
2061	2	1	1	0	28	749	0	1	1
2063	1	1	1	0	28	749	0	1	0
2063	2	1	1	0	28	749	0	1	1
2064	1	1	1	0	28	749	0	1	0
2064	2	1	1	0	28	749	0	1	1
2065	1	1	1	0	28	749	0	1	0
2065	2	1	1	0	28	749	0	1	1
2066	1	1	1	0	28	749	0	1	0
2066	2	1	1	0	28	749	0	1	1
2067	1	1	1	0	28	749	0	1	0
2067	2	1	1	0	28	749	0	1	1
2068	1	1	1	0	28	749	0	1	0
2068	2	1	1	0	28	749	0	1	1
2069	1	1	1	0	28	749	0	1	0
2069	2	1	1	0	28	749	0	1	1
2070	1	1	1	0	28	749	0	1	0
2070	2	1	1	0	28	749	0	1	1
2071	1	1	1	0	28	749	0	1	0
2071	2	1	1	0	28	749	0	1	1
2073	1	1	1	0	28	749	0	1	0
2073	2	1	1	0	28	749	0	1	1
2074	1	1	1	0	28	749	0	1	0
2074	2	1	1	0	28	749	0	1	1
2075	1	1	1	0	28	749	0	1	0
2075	2	1	1	0	28	749	0	1	1
2076	1	1	1	0	28	749	0	1	0
2076	2	1	1	0	28	749	0	1	1
2077	1	1	1	0	28	749	0	1	0
2077	2	1	1	0	28	749	0	1	1
2078	1	1	1	0	28	749	0	1	0
2078	2	1	1	0	28	749	0	1	1
2079	1	1	1	0	28	749	0	1	0
2079	2	1	1	0	28	749	0	1	1
2080	1	1	1	0	28	749	0	1	0
2080	2	1	1	0	28	749	0	1	1
2082	1	1	1	0	28	749	0	1	0
2082	2	1	1	0	28	749	0	1	1
2083	1	1	1	0	28	749	0	1	0
2083	2	1	1	0	28	749	0	1	1
2084	1	1	1	0	28	749	0	1	0
2084	2	1	1	0	28	749	0	1	1
2085	1	1	1	0	28	749	0	1	0
2085	2	1	1	0	28	749	0	1	1
2086	1	1	1	0	28	749	0	1	0
2086	2	1	1	0	28	749	0	1	1
2087	1	1	1	0	28	749	0	1	0
2087	2	1	1	0	28	749	0	1	1
2088	1	1	1	0	28	749	0	1	0
2088	2	1	1	0	28	749	0	1	1
2089	1	1	1	0	28	749	0	1	0
2089	2	1	1	0	28	749	0	1	1
2091	1	1	1	0	28	749	0	1	0
2091	2	1	1	0	28	749	0	1	1
2092	1	1	1	0	28	749	0	1	0
2092	2	1	1	0	28	749	0	1	1
2093	1	1	1	0	28	749	0	1	0
2093	2	1	1	0	28	749	0	1	1
2094	1	1	1	0	28	749	0	1	0
2094	2	1	1	0	28	749	0	1	1
2095	1	1	1	0	28	749	0	1	0
2095	2	1	1	0	28	749	0	1	1
2096	1	1	1	0	28	749	0	1	0
2096	2	1	1	0	28	749	0	1	1
2097	1	1	1	0	28	749	0	1	0
2097	2	1	1	0	28	749	0	1	1
2098	1	1	1	0	28	749	0	1	0
2098	2	1	1	0	28	749	0	1	1
2099	1	1	1	0	28	749	0	1	0
2099	2	1	1	0	28	749	0	1	1
2101	1	1	1	0	28	749	0	1	0
2101	2	1	1	0	28	749	0	1	1
2102	1	1	1	0	28	749	0	1	0
2102	2	1	1	0	28	749	0	1	1
2103	1	1	1	0	28	749	0	1	0
2103	2	1	1	0	28	749	0	1	1
2104	1	1	1	0	28	749	0	1	0
2104	2	1	1	0	28	749	0	1	1
2105	1	1	1	0	28	749	0	1	0
2105	2	1	1	0	28	749	0	1	1
2106	1	1	1	0	28	749	0	1	0
2106	2	1	1	0	28	749	0	1	1
2107	1	1	1	0	28	749	0	1	0
2107	2	1	1	0	28	749	0	1	1
2108	1	1	1	0	28	749	0	1	0
2108	2	1	1	0	28	749	0	1	1
2110	1	1	1	0	28	749	0	1	0
2110	2	1	1	0	28	749	0	1	1
2111	1	1	1	0	28	749	0	1	0
2111	2	1	1	0	28	749	0	1	1
2112	1	1	1	0	28	749	0	1	0
2112	2	1	1	0	28	749	0	1	1
2113	1	1	1	0	28	749	0	1	0
2113	2	1	1	0	28	749	0	1	1
2114	1	1	1	0	28	749	0	1	0
2114	2	1	1	0	28	749	0	1	1
2115	1	1	1	0	28	749	0	1	0
2115	2	1	1	0	28	749	0	1	1
2116	1	1	1	0	28	749	0	1	0
2116	2	1	1	0	28	749	0	1	1
2117	1	1	1	0	28	749	0	1	0
2117	2	1	1	0	28	749	0	1	1
2119	1	1	1	0	28	749	0	1	0
2119	2	1	1	0	28	749	0	1	1
2120	1	1	1	0	28	749	0	1	0
2120	2	1	1	0	28	749	0	1	1
2121	1	1	1	0	28	749	0	1	0
2121	2	1	1	0	28	749	0	1	1
2122	1	1	1	0	28	749	0	1	0
2122	2	1	1	0	28	749	0	1	1
2123	1	1	1	0	28	749	0	1	0
2123	2	1	1	0	28	749	0	1	1
2124	1	1	1	0	28	749	0	1	0
2124	2	1	1	0	28	749	0	1	1
2125	1	1	1	0	28	749	0	1	0
2125	2	1	1	0	28	749	0	1	1
2126	1	1	1	0	28	749	0	1	0
2126	2	1	1	0	28	749	0	1	1
2127	1	1	1	0	28	749	0	1	0
2127	2	1	1	0	28	749	0	1	1
2129	1	1	1	0	28	749	0	1	0
2129	2	1	1	0	28	749	0	1	1
2130	1	1	1	0	28	749	0	1	0
2130	2	1	1	0	28	749	0	1	1
2131	1	1	1	0	28	749	0	1	0
2131	2	1	1	0	28	749	0	1	1
2132	1	1	1	0	28	749	0	1	0
2132	2	1	1	0	28	749	0	1	1
2133	1	1	1	0	28	749	0	1	0
2133	2	1	1	0	28	749	0	1	1
2134	1	1	1	0	28	749	0	1	0
2134	2	1	1	0	28	749	0	1	1
2135	1	1	1	0	28	749	0	1	0
2135	2	1	1	0	28	749	0	1	1
2136	1	1	1	0	28	749	0	1	0
2136	2	1	1	0	28	749	0	1	1
2138	1	1	1	0	28	749	0	1	0
2138	2	1	1	0	28	749	0	1	1
2139	1	1	1	0	28	749	0	1	0
2139	2	1	1	0	28	749	0	1	1
2140	1	1	1	0	28	749	0	1	0
2140	2	1	1	0	28	749	0	1	1
2141	1	1	1	0	28	749	0	1	0
2141	2	1	1	0	28	749	0	1	1
2142	1	1	1	0	28	749	0	1	0
2142	2	1	1	0	28	749	0	1	1
2143	1	1	1	0	28	749	0	1	0
2143	2	1	1	0	28	749	0	1	1
2144	1	1	1	0	28	749	0	1	0
2144	2	1	1	0	28	749	0	1	1
2145	1	1	1	0	28	749	0	1	0
2145	2	1	1	0	28	749	0	1	1
2147	1	1	1	0	28	749	0	1	0
2147	2	1	1	0	28	749	0	1	1
2148	1	1	1	0	28	749	0	1	0
2148	2	1	1	0	28	749	0	1	1
2149	1	1	1	0	28	749	0	1	0
2149	2	1	1	0	28	749	0	1	1
2150	1	1	1	0	28	749	0	1	0
2150	2	1	1	0	28	749	0	1	1
2151	1	1	1	0	28	749	0	1	0
2151	2	1	1	0	28	749	0	1	1
2152	1	1	1	0	28	749	0	1	0
2152	2	1	1	0	28	749	0	1	1
2153	1	1	1	0	28	749	0	1	0
2153	2	1	1	0	28	749	0	1	1
2154	1	1	1	0	28	749	0	1	0
2154	2	1	1	0	28	749	0	1	1
2155	1	1	1	0	28	749	0	1	0
2155	2	1	1	0	28	749	0	1	1
2157	1	1	1	0	28	749	0	1	0
2157	2	1	1	0	28	749	0	1	1
2158	1	1	1	0	28	749	0	1	0
2158	2	1	1	0	28	749	0	1	1
2159	1	1	1	0	28	749	0	1	0
2159	2	1	1	0	28	749	0	1	1
2160	1	1	1	0	28	749	0	1	0
2160	2	1	1	0	28	749	0	1	1
2161	1	1	1	0	28	749	0	1	0
2161	2	1	1	0	28	749	0	1	1
2162	1	1	1	0	28	749	0	1	0
2162	2	1	1	0	28	749	0	1	1
2163	1	1	1	0	28	749	0	1	0
2163	2	1	1	0	28	749	0	1	1
2164	1	1	1	0	28	749	0	1	0
2164	2	1	1	0	28	749	0	1	1
2166	1	1	1	0	28	749	0	1	0
2166	2	1	1	0	28	749	0	1	1
2167	1	1	1	0	28	749	0	1	0
2167	2	1	1	0	28	749	0	1	1
2168	1	1	1	0	28	749	0	1	0
2168	2	1	1	0	28	749	0	1	1
2169	1	1	1	0	28	749	0	1	0
2169	2	1	1	0	28	749	0	1	1
2170	1	1	1	0	28	749	0	1	0
2170	2	1	1	0	28	749	0	1	1
2171	1	1	1	0	28	749	0	1	0
2171	2	1	1	0	28	749	0	1	1
2172	1	1	1	0	28	749	0	1	0
2172	2	1	1	0	28	749	0	1	1
2173	1	1	1	0	28	749	0	1	0
2173	2	1	1	0	28	749	0	1	1
2175	1	1	1	0	28	749	0	1	0
2175	2	1	1	0	28	749	0	1	1
2176	1	1	1	0	28	749	0	1	0
2176	2	1	1	0	28	749	0	1	1
2177	1	1	1	0	28	749	0	1	0
2177	2	1	1	0	28	749	0	1	1
2178	1	1	1	0	28	749	0	1	0
2178	2	1	1	0	28	749	0	1	1
2179	1	1	1	0	28	749	0	1	0
2179	2	1	1	0	28	749	0	1	1
2180	1	1	1	0	28	749	0	1	0
2180	2	1	1	0	28	749	0	1	1
2181	1	1	1	0	28	749	0	1	0
2181	2	1	1	0	28	749	0	1	1
2182	1	1	1	0	28	749	0	1	0
2182	2	1	1	0	28	749	0	1	1
2183	1	1	1	0	28	749	0	1	0
2183	2	1	1	0	28	749	0	1	1
2185	1	1	1	0	28	749	0	1	0
2185	2	1	1	0	28	749	0	1	1
2186	1	1	1	0	28	749	0	1	0
2186	2	1	1	0	28	749	0	1	1
2187	1	1	1	0	28	749	0	1	0
2187	2	1	1	0	28	749	0	1	1
2188	1	1	1	0	28	749	0	1	0
2188	2	1	1	0	28	749	0	1	1
2189	1	1	1	0	28	749	0	1	0
2189	2	1	1	0	28	749	0	1	1
2190	1	1	1	0	28	749	0	1	0
2190	2	1	1	0	28	749	0	1	1
2191	1	1	1	0	28	749	0	1	0
2191	2	1	1	0	28	749	0	1	1
2192	1	1	1	0	28	749	0	1	0
2192	2	1	1	0	28	749	0	1	1
2194	1	1	1	0	28	749	0	1	0
2194	2	1	1	0	28	749	0	1	1
2195	1	1	1	0	28	749	0	1	0
2195	2	1	1	0	28	749	0	1	1
2196	1	1	1	0	28	749	0	1	0
2196	2	1	1	0	28	749	0	1	1
2197	1	1	1	0	28	749	0	1	0
2197	2	1	1	0	28	749	0	1	1
2198	1	1	1	0	28	749	0	1	0
2198	2	1	1	0	28	749	0	1	1
2199	1	1	1	0	28	749	0	1	0
2199	2	1	1	0	28	749	0	1	1
2200	1	1	1	0	28	749	0	1	0
2200	2	1	1	0	28	749	0	1	1
2201	1	1	1	0	28	749	0	1	0
2201	2	1	1	0	28	749	0	1	1
2203	1	1	1	0	28	749	0	1	0
2203	2	1	1	0	28	749	0	1	1
2204	1	1	1	0	28	749	0	1	0
2204	2	1	1	0	28	749	0	1	1
2205	1	1	1	0	28	749	0	1	0
2205	2	1	1	0	28	749	0	1	1
2206	1	1	1	0	28	749	0	1	0
2206	2	1	1	0	28	749	0	1	1
2207	1	1	1	0	28	749	0	1	0
2207	2	1	1	0	28	749	0	1	1
2208	1	1	1	0	28	749	0	1	0
2208	2	1	1	0	28	749	0	1	1
2209	1	1	1	0	28	749	0	1	0
2209	2	1	1	0	28	749	0	1	1
2210	1	1	1	0	28	749	0	1	0
2210	2	1	1	0	28	749	0	1	1
2211	1	1	1	0	28	749	0	1	0
2211	2	1	1	0	28	749	0	1	1
2213	1	1	1	0	28	749	0	1	0
2213	2	1	1	0	28	749	0	1	1
2214	1	1	1	0	28	749	0	1	0
2214	2	1	1	0	28	749	0	1	1
2215	1	1	1	0	28	749	0	1	0
2215	2	1	1	0	28	749	0	1	1
2216	1	1	1	0	28	749	0	1	0
2216	2	1	1	0	28	749	0	1	1
2217	1	1	1	0	28	749	0	1	0
2217	2	1	1	0	28	749	0	1	1
2218	1	1	1	0	28	749	0	1	0
2218	2	1	1	0	28	749	0	1	1
2219	1	1	1	0	28	749	0	1	0
2219	2	1	1	0	28	749	0	1	1
2220	1	1	1	0	28	749	0	1	0
2220	2	1	1	0	28	749	0	1	1
2222	1	1	1	0	28	749	0	1	0
2222	2	1	1	0	28	749	0	1	1
2223	1	1	1	0	28	749	0	1	0
2223	2	1	1	0	28	749	0	1	1
2224	1	1	1	0	26	749	0	1	0
2224	2	1	1	0	26	749	0	1	1
2225	1	1	1	0	26	749	0	1	0
2225	2	1	1	0	26	749	0	1	1
2226	1	1	1	0	26	749	0	1	0
2226	2	1	1	0	26	749	0	1	1
2227	1	1	1	0	26	749	0	1	0
2227	2	1	1	0	26	749	0	1	1
2228	1	1	1	0	24	669	0	1	0
2228	2	1	1	0	24	669	0	1	1
2229	1	1	1	0	24	807	0	1	0
2229	2	1	1	0	24	807	0	1	1
2231	1	1	1	0	24	669	0	1	0
2231	2	1	1	0	24	669	0	1	1
2232	1	1	1	0	22	807	0	1	0
2232	2	1	1	0	22	807	0	1	1
2233	1	1	1	0	22	693	0	1	0
2233	2	1	1	0	22	693	0	1	1
2234	1	1	1	0	20	693	0	1	0
2234	2	1	1	0	20	693	0	1	1
2235	1	1	1	0	20	775	0	1	0
2235	2	1	1	0	20	775	0	1	1
2236	1	1	1	0	20	693	0	1	0
2236	2	1	1	0	20	693	0	1	1
2237	1	1	1	0	20	693	0	1	0
2237	2	1	1	0	20	693	0	1	1
2238	1	1	1	0	20	775	0	1	0
2238	2	1	1	0	20	775	0	1	1
2239	1	1	1	0	20	693	0	1	0
2239	2	1	1	0	20	693	0	1	1
2240	1	1	1	0	18	79	0	1	0
2240	2	1	1	0	18	79	0	1	1
2241	1	1	1	0	18	749	0	1	0
2241	2	1	1	0	18	749	0	1	1
2242	1	1	1	0	18	749	0	1	0
2242	2	1	1	0	18	749	0	1	1
2243	1	1	1	0	18	749	0	1	0
2243	2	1	1	0	18	749	0	1	1
2244	1	1	1	0	18	749	0	1	0
2244	2	1	1	0	18	749	0	1	1
2245	1	1	1	0	18	749	0	1	0
2245	2	1	1	0	18	749	0	1	1
2246	1	1	1	0	20	693	0	1	0
2246	2	1	1	0	20	693	0	1	1
2247	1	1	1	0	20	693	0	1	0
2247	2	1	1	0	20	693	0	1	1
2248	1	1	1	0	20	775	0	1	0
2248	2	1	1	0	20	775	0	1	1
2250	1	1	1	0	22	693	0	1	0
2250	2	1	1	0	22	693	0	1	1
2251	1	1	1	0	22	693	0	1	0
2251	2	1	1	0	22	693	0	1	1
2252	1	1	1	0	22	807	0	1	0
2252	2	1	1	0	22	807	0	1	1
2253	1	1	1	0	22	693	0	1	0
2253	2	1	1	0	22	693	0	1	1
2254	1	1	1	0	24	807	0	1	0
2254	2	1	1	0	24	807	0	1	1
2255	1	1	1	0	24	669	0	1	0
2255	2	1	1	0	24	669	0	1	1
2256	1	1	1	0	24	807	0	1	0
2256	2	1	1	0	24	807	0	1	1
2257	1	1	1	0	24	669	0	1	0
2257	2	1	1	0	24	669	0	1	1
2258	1	1	1	0	24	133	0	1	0
2258	2	1	1	0	24	133	0	1	1
2259	1	1	1	0	24	669	0	1	0
2259	2	1	1	0	24	669	0	1	1
2260	1	1	1	0	26	749	0	1	0
2260	2	1	1	0	26	749	0	1	1
2261	1	1	1	0	26	749	0	1	0
2261	2	1	1	0	26	749	0	1	1
2262	1	1	1	0	26	749	0	1	0
2262	2	1	1	0	26	749	0	1	1
2263	1	1	1	0	26	749	0	1	0
2263	2	1	1	0	26	749	0	1	1
2264	1	1	1	0	26	749	0	1	0
2264	2	1	1	0	26	749	0	1	1
2265	1	1	1	0	26	749	0	1	0
2265	2	1	1	0	26	749	0	1	1
2266	1	1	1	0	24	669	0	1	0
2266	2	1	1	0	24	669	0	1	1
2267	1	1	1	0	18	749	0	1	0
2267	2	1	1	0	18	749	0	1	1
2268	1	1	1	0	28	185	0	1	0
2268	2	1	1	0	28	185	0	1	1
2269	1	1	1	0	24	669	0	1	0
2269	2	1	1	0	24	669	0	1	1
2270	1	1	1	0	10	469	0	1	0
2270	2	1	1	0	10	469	0	1	1
2271	1	1	1	0	10	469	0	1	0
2271	2	1	1	0	10	469	0	1	1
2272	1	1	1	0	8	421	0	1	0
2272	2	1	1	0	8	421	0	1	1
2273	1	1	1	0	8	421	0	1	0
2273	2	1	1	0	8	421	0	1	1
2274	1	1	1	0	6	309	0	1	0
2274	2	1	1	0	6	309	0	1	1
2275	1	1	1	0	6	309	0	1	0
2275	2	1	1	0	6	309	0	1	1
2276	1	1	1	0	10	469	0	1	0
2276	2	1	1	0	10	469	0	1	1
2277	1	1	1	0	10	469	0	1	0
2277	2	1	1	0	10	469	0	1	1
2278	1	1	1	0	12	597	0	1	0
2278	2	1	1	0	12	597	0	1	1
2279	1	1	1	0	12	597	0	1	0
2279	2	1	1	0	12	597	0	1	1
2280	1	1	1	0	16	903	0	1	0
2280	2	1	1	0	16	903	0	1	1
2281	1	1	1	0	16	903	0	1	0
2281	2	1	1	0	16	903	0	1	1
2282	1	1	1	0	18	967	0	1	0
2282	2	1	1	0	18	967	0	1	1
2283	1	1	1	0	18	967	0	1	0
2283	2	1	1	0	18	967	0	1	1
2284	1	1	1	0	20	1191	0	1	0
2284	2	1	1	0	20	1191	0	1	1
2285	1	1	1	0	20	1191	0	1	0
2285	2	1	1	0	20	1191	0	1	1
2286	1	1	1	0	28	185	0	1	0
2286	2	1	1	0	28	185	0	1	1
2287	1	1	1	0	24	669	0	1	0
2287	2	1	1	0	24	669	0	1	1
2288	1	1	1	0	22	807	0	1	0
2288	2	1	1	0	22	807	0	1	1
2289	1	1	1	0	22	693	0	1	0
2289	2	1	1	0	22	693	0	1	1
2290	1	1	1	0	22	693	0	1	0
2290	2	1	1	0	22	693	0	1	1
2291	1	1	1	0	22	807	0	1	0
2291	2	1	1	0	22	807	0	1	1
2292	1	1	1	0	22	693	0	1	0
2292	2	1	1	0	22	693	0	1	1
2293	1	1	1	0	22	693	0	1	0
2293	2	1	1	0	22	693	0	1	1
2294	1	1	1	0	22	807	0	1	0
2294	2	1	1	0	22	807	0	1	1
2295	1	1	1	0	22	693	0	1	0
2295	2	1	1	0	22	693	0	1	1
2296	1	1	1	0	26	149	0	1	0
2296	2	1	1	0	26	149	0	1	1
2297	1	1	1	0	20	693	0	1	0
2297	2	1	1	0	20	693	0	1	1
2298	1	1	1	0	18	749	0	1	0
2298	2	1	1	0	18	749	0	1	1
2299	1	1	1	0	18	749	0	1	0
2299	2	1	1	0	18	749	0	1	1
2300	1	1	1	0	18	749	0	1	0
2300	2	1	1	0	18	749	0	1	1
2301	1	1	1	0	18	749	0	1	0
2301	2	1	1	0	18	749	0	1	1
2302	1	1	1	0	16	693	0	1	0
2302	2	1	1	0	16	693	0	1	1
2303	1	1	1	0	16	693	0	1	0
2303	2	1	1	0	16	693	0	1	1
2304	1	1	1	0	14	717	0	1	0
2304	2	1	1	0	14	717	0	1	1
2305	1	1	1	0	22	113	0	1	0
2305	2	1	1	0	22	113	0	1	1
2306	1	1	1	0	14	717	0	1	0
2306	2	1	1	0	14	717	0	1	1
2307	1	1	1	0	14	717	0	1	0
2307	2	1	1	0	14	717	0	1	1
2308	1	1	1	0	14	717	0	1	0
2308	2	1	1	0	14	717	0	1	1
2309	1	1	1	0	14	717	0	1	0
2309	2	1	1	0	14	717	0	1	1
2310	1	1	1	0	14	717	0	1	0
2310	2	1	1	0	14	717	0	1	1
2311	1	1	1	0	14	717	0	1	0
2311	2	1	1	0	14	717	0	1	1
2312	1	1	1	0	18	749	0	1	0
2312	2	1	1	0	18	749	0	1	1
2313	1	1	1	0	18	749	0	1	0
2313	2	1	1	0	18	749	0	1	1
2315	1	1	1	0	18	749	0	1	0
2315	2	1	1	0	18	749	0	1	1
2316	1	1	1	0	16	693	0	1	0
2316	2	1	1	0	16	693	0	1	1
2317	1	1	1	0	16	693	0	1	0
2317	2	1	1	0	16	693	0	1	1
2318	1	1	1	0	16	775	0	1	0
2318	2	1	1	0	16	775	0	1	1
2319	1	1	1	0	16	693	0	1	0
2319	2	1	1	0	16	693	0	1	1
2320	1	1	1	0	18	749	0	1	0
2320	2	1	1	0	18	749	0	1	1
2321	1	1	1	0	18	749	0	1	0
2321	2	1	1	0	18	749	0	1	1
2322	1	1	1	0	20	693	0	1	0
2322	2	1	1	0	20	693	0	1	1
2323	1	1	1	0	20	693	0	1	0
2323	2	1	1	0	20	693	0	1	1
2324	1	1	1	0	20	97	0	1	0
2324	2	1	1	0	20	97	0	1	1
2325	1	1	1	0	20	693	0	1	0
2325	2	1	1	0	20	693	0	1	1
2326	1	1	1	0	22	693	0	1	0
2326	2	1	1	0	22	693	0	1	1
2327	1	1	1	0	22	807	0	1	0
2327	2	1	1	0	22	807	0	1	1
2328	1	1	1	0	24	669	0	1	0
2328	2	1	1	0	24	669	0	1	1
2329	1	1	1	0	24	807	0	1	0
2329	2	1	1	0	24	807	0	1	1
2330	1	1	1	0	26	749	0	1	0
2330	2	1	1	0	26	749	0	1	1
2331	1	1	1	0	26	749	0	1	0
2331	2	1	1	0	26	749	0	1	1
2332	1	1	1	0	26	749	0	1	0
2332	2	1	1	0	26	749	0	1	1
2334	1	1	1	0	28	749	0	1	0
2334	2	1	1	0	28	749	0	1	1
2335	1	1	1	0	28	749	0	1	0
2335	2	1	1	0	28	749	0	1	1
2336	1	1	1	0	28	749	0	1	0
2336	2	1	1	0	28	749	0	1	1
2337	1	1	1	0	28	749	0	1	0
2337	2	1	1	0	28	749	0	1	1
2338	1	1	1	0	28	749	0	1	0
2338	2	1	1	0	28	749	0	1	1
2339	1	1	1	0	28	749	0	1	0
2339	2	1	1	0	28	749	0	1	1
2340	1	1	1	0	28	749	0	1	0
2340	2	1	1	0	28	749	0	1	1
2341	1	1	1	0	28	749	0	1	0
2341	2	1	1	0	28	749	0	1	1
2343	1	1	1	0	28	749	0	1	0
2343	2	1	1	0	28	749	0	1	1
2344	1	1	1	0	28	749	0	1	0
2344	2	1	1	0	28	749	0	1	1
2345	1	1	1	0	28	749	0	1	0
2345	2	1	1	0	28	749	0	1	1
2346	1	1	1	0	28	749	0	1	0
2346	2	1	1	0	28	749	0	1	1
2347	1	1	1	0	28	749	0	1	0
2347	2	1	1	0	28	749	0	1	1
2348	1	1	1	0	28	749	0	1	0
2348	2	1	1	0	28	749	0	1	1
2349	1	1	1	0	28	749	0	1	0
2349	2	1	1	0	28	749	0	1	1
2350	1	1	1	0	28	749	0	1	0
2350	2	1	1	0	28	749	0	1	1
2351	1	1	1	0	28	749	0	1	0
2351	2	1	1	0	28	749	0	1	1
2353	1	1	1	0	28	749	0	1	0
2353	2	1	1	0	28	749	0	1	1
2354	1	1	1	0	28	749	0	1	0
2354	2	1	1	0	28	749	0	1	1
2355	1	1	1	0	28	749	0	1	0
2355	2	1	1	0	28	749	0	1	1
2356	1	1	1	0	28	749	0	1	0
2356	2	1	1	0	28	749	0	1	1
2357	1	1	1	0	28	749	0	1	0
2357	2	1	1	0	28	749	0	1	1
2358	1	1	1	0	28	749	0	1	0
2358	2	1	1	0	28	749	0	1	1
2359	1	1	1	0	28	749	0	1	0
2359	2	1	1	0	28	749	0	1	1
2360	1	1	1	0	28	749	0	1	0
2360	2	1	1	0	28	749	0	1	1
2362	1	1	1	0	28	749	0	1	0
2362	2	1	1	0	28	749	0	1	1
2363	1	1	1	0	28	749	0	1	0
2363	2	1	1	0	28	749	0	1	1
2364	1	1	1	0	28	749	0	1	0
2364	2	1	1	0	28	749	0	1	1
2365	1	1	1	0	28	749	0	1	0
2365	2	1	1	0	28	749	0	1	1
2366	1	1	1	0	28	749	0	1	0
2366	2	1	1	0	28	749	0	1	1
2367	1	1	1	0	28	749	0	1	0
2367	2	1	1	0	28	749	0	1	1
2368	1	1	1	0	28	749	0	1	0
2368	2	1	1	0	28	749	0	1	1
2369	1	1	1	0	28	749	0	1	0
2369	2	1	1	0	28	749	0	1	1
2371	1	1	1	0	28	749	0	1	0
2371	2	1	1	0	28	749	0	1	1
2372	1	1	1	0	28	749	0	1	0
2372	2	1	1	0	28	749	0	1	1
2373	1	1	1	0	28	749	0	1	0
2373	2	1	1	0	28	749	0	1	1
2374	1	1	1	0	28	749	0	1	0
2374	2	1	1	0	28	749	0	1	1
2375	1	1	1	0	28	749	0	1	0
2375	2	1	1	0	28	749	0	1	1
2376	1	1	1	0	28	749	0	1	0
2376	2	1	1	0	28	749	0	1	1
2377	1	1	1	0	28	749	0	1	0
2377	2	1	1	0	28	749	0	1	1
2378	1	1	1	0	28	749	0	1	0
2378	2	1	1	0	28	749	0	1	1
2379	1	1	1	0	28	749	0	1	0
2379	2	1	1	0	28	749	0	1	1
2381	1	1	1	0	28	749	0	1	0
2381	2	1	1	0	28	749	0	1	1
2382	1	1	1	0	28	749	0	1	0
2382	2	1	1	0	28	749	0	1	1
2383	1	1	1	0	28	749	0	1	0
2383	2	1	1	0	28	749	0	1	1
2384	1	1	1	0	28	749	0	1	0
2384	2	1	1	0	28	749	0	1	1
2385	1	1	1	0	28	749	0	1	0
2385	2	1	1	0	28	749	0	1	1
2386	1	1	1	0	28	749	0	1	0
2386	2	1	1	0	28	749	0	1	1
2387	1	1	1	0	28	749	0	1	0
2387	2	1	1	0	28	749	0	1	1
2388	1	1	1	0	28	749	0	1	0
2388	2	1	1	0	28	749	0	1	1
2390	1	1	1	0	28	749	0	1	0
2390	2	1	1	0	28	749	0	1	1
2391	1	1	1	0	28	749	0	1	0
2391	2	1	1	0	28	749	0	1	1
2392	1	1	1	0	28	749	0	1	0
2392	2	1	1	0	28	749	0	1	1
2393	1	1	1	0	28	749	0	1	0
2393	2	1	1	0	28	749	0	1	1
2394	1	1	1	0	28	749	0	1	0
2394	2	1	1	0	28	749	0	1	1
2395	1	1	1	0	28	749	0	1	0
2395	2	1	1	0	28	749	0	1	1
2396	1	1	1	0	28	749	0	1	0
2396	2	1	1	0	28	749	0	1	1
2397	1	1	1	0	28	749	0	1	0
2397	2	1	1	0	28	749	0	1	1
2399	1	1	1	0	28	749	0	1	0
2399	2	1	1	0	28	749	0	1	1
2400	1	1	1	0	28	749	0	1	0
2400	2	1	1	0	28	749	0	1	1
2401	1	1	1	0	28	749	0	1	0
2401	2	1	1	0	28	749	0	1	1
2402	1	1	1	0	28	749	0	1	0
2402	2	1	1	0	28	749	0	1	1
2403	1	1	1	0	28	749	0	1	0
2403	2	1	1	0	28	749	0	1	1
2404	1	1	1	0	28	749	0	1	0
2404	2	1	1	0	28	749	0	1	1
2405	1	1	1	0	28	749	0	1	0
2405	2	1	1	0	28	749	0	1	1
2406	1	1	1	0	28	749	0	1	0
2406	2	1	1	0	28	749	0	1	1
2407	1	1	1	0	28	749	0	1	0
2407	2	1	1	0	28	749	0	1	1
2409	1	1	1	0	28	749	0	1	0
2409	2	1	1	0	28	749	0	1	1
2410	1	1	1	0	28	749	0	1	0
2410	2	1	1	0	28	749	0	1	1
2411	1	1	1	0	28	749	0	1	0
2411	2	1	1	0	28	749	0	1	1
2412	1	1	1	0	28	749	0	1	0
2412	2	1	1	0	28	749	0	1	1
2413	1	1	1	0	28	749	0	1	0
2413	2	1	1	0	28	749	0	1	1
2414	1	1	1	0	28	749	0	1	0
2414	2	1	1	0	28	749	0	1	1
2415	1	1	1	0	28	749	0	1	0
2415	2	1	1	0	28	749	0	1	1
2416	1	1	1	0	28	749	0	1	0
2416	2	1	1	0	28	749	0	1	1
2418	1	1	1	0	28	749	0	1	0
2418	2	1	1	0	28	749	0	1	1
2419	1	1	1	0	28	749	0	1	0
2419	2	1	1	0	28	749	0	1	1
2420	1	1	1	0	28	749	0	1	0
2420	2	1	1	0	28	749	0	1	1
2421	1	1	1	0	28	749	0	1	0
2421	2	1	1	0	28	749	0	1	1
2422	1	1	1	0	28	749	0	1	0
2422	2	1	1	0	28	749	0	1	1
2423	1	1	1	0	28	749	0	1	0
2423	2	1	1	0	28	749	0	1	1
2424	1	1	1	0	28	749	0	1	0
2424	2	1	1	0	28	749	0	1	1
2425	1	1	1	0	28	749	0	1	0
2425	2	1	1	0	28	749	0	1	1
2427	1	1	1	0	28	749	0	1	0
2427	2	1	1	0	28	749	0	1	1
2428	1	1	1	0	28	749	0	1	0
2428	2	1	1	0	28	749	0	1	1
2429	1	1	1	0	28	749	0	1	0
2429	2	1	1	0	28	749	0	1	1
2430	1	1	1	0	28	749	0	1	0
2430	2	1	1	0	28	749	0	1	1
2431	1	1	1	0	28	749	0	1	0
2431	2	1	1	0	28	749	0	1	1
2432	1	1	1	0	28	749	0	1	0
2432	2	1	1	0	28	749	0	1	1
2433	1	1	1	0	28	749	0	1	0
2433	2	1	1	0	28	749	0	1	1
2434	1	1	1	0	28	749	0	1	0
2434	2	1	1	0	28	749	0	1	1
2435	1	1	1	0	28	749	0	1	0
2435	2	1	1	0	28	749	0	1	1
2437	1	1	1	0	28	749	0	1	0
2437	2	1	1	0	28	749	0	1	1
2438	1	1	1	0	28	749	0	1	0
2438	2	1	1	0	28	749	0	1	1
2439	1	1	1	0	28	749	0	1	0
2439	2	1	1	0	28	749	0	1	1
2440	1	1	1	0	28	749	0	1	0
2440	2	1	1	0	28	749	0	1	1
2441	1	1	1	0	28	749	0	1	0
2441	2	1	1	0	28	749	0	1	1
2442	1	1	1	0	28	749	0	1	0
2442	2	1	1	0	28	749	0	1	1
2443	1	1	1	0	28	749	0	1	0
2443	2	1	1	0	28	749	0	1	1
2444	1	1	1	0	28	749	0	1	0
2444	2	1	1	0	28	749	0	1	1
2446	1	1	1	0	28	749	0	1	0
2446	2	1	1	0	28	749	0	1	1
2447	1	1	1	0	28	749	0	1	0
2447	2	1	1	0	28	749	0	1	1
2448	1	1	1	0	28	749	0	1	0
2448	2	1	1	0	28	749	0	1	1
2449	1	1	1	0	28	749	0	1	0
2449	2	1	1	0	28	749	0	1	1
2450	1	1	1	0	28	749	0	1	0
2450	2	1	1	0	28	749	0	1	1
2451	1	1	1	0	28	749	0	1	0
2451	2	1	1	0	28	749	0	1	1
2452	1	1	1	0	28	749	0	1	0
2452	2	1	1	0	28	749	0	1	1
2453	1	1	1	0	28	749	0	1	0
2453	2	1	1	0	28	749	0	1	1
2455	1	1	1	0	28	749	0	1	0
2455	2	1	1	0	28	749	0	1	1
2456	1	1	1	0	28	749	0	1	0
2456	2	1	1	0	28	749	0	1	1
2457	1	1	1	0	28	749	0	1	0
2457	2	1	1	0	28	749	0	1	1
2458	1	1	1	0	28	749	0	1	0
2458	2	1	1	0	28	749	0	1	1
2459	1	1	1	0	28	749	0	1	0
2459	2	1	1	0	28	749	0	1	1
2460	1	1	1	0	28	749	0	1	0
2460	2	1	1	0	28	749	0	1	1
2461	1	1	1	0	28	749	0	1	0
2461	2	1	1	0	28	749	0	1	1
2462	1	1	1	0	28	749	0	1	0
2462	2	1	1	0	28	749	0	1	1
2463	1	1	1	0	28	749	0	1	0
2463	2	1	1	0	28	749	0	1	1
2465	1	1	1	0	28	749	0	1	0
2465	2	1	1	0	28	749	0	1	1
2466	1	1	1	0	28	749	0	1	0
2466	2	1	1	0	28	749	0	1	1
2467	1	1	1	0	28	749	0	1	0
2467	2	1	1	0	28	749	0	1	1
2468	1	1	1	0	28	749	0	1	0
2468	2	1	1	0	28	749	0	1	1
2469	1	1	1	0	28	749	0	1	0
2469	2	1	1	0	28	749	0	1	1
2470	1	1	1	0	28	749	0	1	0
2470	2	1	1	0	28	749	0	1	1
2471	1	1	1	0	28	749	0	1	0
2471	2	1	1	0	28	749	0	1	1
2472	1	1	1	0	28	749	0	1	0
2472	2	1	1	0	28	749	0	1	1
2474	1	1	1	0	28	749	0	1	0
2474	2	1	1	0	28	749	0	1	1
2475	1	1	1	0	28	749	0	1	0
2475	2	1	1	0	28	749	0	1	1
2476	1	1	1	0	28	749	0	1	0
2476	2	1	1	0	28	749	0	1	1
2477	1	1	1	0	28	749	0	1	0
2477	2	1	1	0	28	749	0	1	1
2478	1	1	1	0	28	749	0	1	0
2478	2	1	1	0	28	749	0	1	1
2479	1	1	1	0	28	749	0	1	0
2479	2	1	1	0	28	749	0	1	1
2480	1	1	1	0	28	749	0	1	0
2480	2	1	1	0	28	749	0	1	1
2481	1	1	1	0	28	749	0	1	0
2481	2	1	1	0	28	749	0	1	1
2483	1	1	1	0	28	749	0	1	0
2483	2	1	1	0	28	749	0	1	1
2484	1	1	1	0	28	749	0	1	0
2484	2	1	1	0	28	749	0	1	1
2485	1	1	1	0	28	749	0	1	0
2485	2	1	1	0	28	749	0	1	1
2486	1	1	1	0	28	749	0	1	0
2486	2	1	1	0	28	749	0	1	1
2487	1	1	1	0	28	749	0	1	0
2487	2	1	1	0	28	749	0	1	1
2488	1	1	1	0	28	749	0	1	0
2488	2	1	1	0	28	749	0	1	1
2489	1	1	1	0	28	749	0	1	0
2489	2	1	1	0	28	749	0	1	1
2490	1	1	1	0	28	749	0	1	0
2490	2	1	1	0	28	749	0	1	1
2491	1	1	1	0	28	749	0	1	0
2491	2	1	1	0	28	749	0	1	1
2493	1	1	1	0	28	749	0	1	0
2493	2	1	1	0	28	749	0	1	1
2494	1	1	1	0	28	749	0	1	0
2494	2	1	1	0	28	749	0	1	1
2495	1	1	1	0	28	749	0	1	0
2495	2	1	1	0	28	749	0	1	1
2496	1	1	1	0	28	749	0	1	0
2496	2	1	1	0	28	749	0	1	1
2497	1	1	1	0	28	749	0	1	0
2497	2	1	1	0	28	749	0	1	1
2498	1	1	1	0	28	749	0	1	0
2498	2	1	1	0	28	749	0	1	1
2499	1	1	1	0	28	749	0	1	0
2499	2	1	1	0	28	749	0	1	1
2500	1	1	1	0	28	749	0	1	0
2500	2	1	1	0	28	749	0	1	1
2502	1	1	1	0	28	749	0	1	0
2502	2	1	1	0	28	749	0	1	1
2503	1	1	1	0	28	749	0	1	0
2503	2	1	1	0	28	749	0	1	1
2504	1	1	1	0	28	749	0	1	0
2504	2	1	1	0	28	749	0	1	1
2505	1	1	1	0	28	749	0	1	0
2505	2	1	1	0	28	749	0	1	1
2506	1	1	1	0	28	749	0	1	0
2506	2	1	1	0	28	749	0	1	1
2507	1	1	1	0	28	749	0	1	0
2507	2	1	1	0	28	749	0	1	1
2508	1	1	1	0	28	749	0	1	0
2508	2	1	1	0	28	749	0	1	1
2509	1	1	1	0	28	749	0	1	0
2509	2	1	1	0	28	749	0	1	1
2511	1	1	1	0	28	749	0	1	0
2511	2	1	1	0	28	749	0	1	1
2512	1	1	1	0	28	749	0	1	0
2512	2	1	1	0	28	749	0	1	1
2513	1	1	1	0	28	749	0	1	0
2513	2	1	1	0	28	749	0	1	1
2514	1	1	1	0	28	749	0	1	0
2514	2	1	1	0	28	749	0	1	1
2515	1	1	1	0	28	749	0	1	0
2515	2	1	1	0	28	749	0	1	1
2516	1	1	1	0	28	749	0	1	0
2516	2	1	1	0	28	749	0	1	1
2517	1	1	1	0	28	749	0	1	0
2517	2	1	1	0	28	749	0	1	1
2518	1	1	1	0	28	749	0	1	0
2518	2	1	1	0	28	749	0	1	1
2519	1	1	1	0	28	749	0	1	0
2519	2	1	1	0	28	749	0	1	1
2521	1	1	1	0	28	749	0	1	0
2521	2	1	1	0	28	749	0	1	1
2522	1	1	1	0	28	749	0	1	0
2522	2	1	1	0	28	749	0	1	1
2523	1	1	1	0	28	749	0	1	0
2523	2	1	1	0	28	749	0	1	1
2524	1	1	1	0	28	749	0	1	0
2524	2	1	1	0	28	749	0	1	1
2525	1	1	1	0	28	749	0	1	0
2525	2	1	1	0	28	749	0	1	1
2526	1	1	1	0	28	749	0	1	0
2526	2	1	1	0	28	749	0	1	1
2527	1	1	1	0	28	749	0	1	0
2527	2	1	1	0	28	749	0	1	1
2528	1	1	1	0	28	749	0	1	0
2528	2	1	1	0	28	749	0	1	1
2530	1	1	1	0	28	749	0	1	0
2530	2	1	1	0	28	749	0	1	1
2531	1	1	1	0	28	749	0	1	0
2531	2	1	1	0	28	749	0	1	1
2532	1	1	1	0	28	749	0	1	0
2532	2	1	1	0	28	749	0	1	1
2533	1	1	1	0	28	749	0	1	0
2533	2	1	1	0	28	749	0	1	1
2534	1	1	1	0	28	749	0	1	0
2534	2	1	1	0	28	749	0	1	1
2535	1	1	1	0	28	749	0	1	0
2535	2	1	1	0	28	749	0	1	1
2536	1	1	1	0	28	749	0	1	0
2536	2	1	1	0	28	749	0	1	1
2537	1	1	1	0	28	749	0	1	0
2537	2	1	1	0	28	749	0	1	1
2539	1	1	1	0	28	749	0	1	0
2539	2	1	1	0	28	749	0	1	1
2540	1	1	1	0	28	749	0	1	0
2540	2	1	1	0	28	749	0	1	1
2541	1	1	1	0	28	749	0	1	0
2541	2	1	1	0	28	749	0	1	1
2542	1	1	1	0	28	749	0	1	0
2542	2	1	1	0	28	749	0	1	1
2543	1	1	1	0	28	749	0	1	0
2543	2	1	1	0	28	749	0	1	1
2544	1	1	1	0	28	749	0	1	0
2544	2	1	1	0	28	749	0	1	1
2545	1	1	1	0	28	749	0	1	0
2545	2	1	1	0	28	749	0	1	1
2546	1	1	1	0	28	749	0	1	0
2546	2	1	1	0	28	749	0	1	1
2547	1	1	1	0	28	749	0	1	0
2547	2	1	1	0	28	749	0	1	1
2549	1	1	1	0	28	749	0	1	0
2549	2	1	1	0	28	749	0	1	1
2550	1	1	1	0	28	749	0	1	0
2550	2	1	1	0	28	749	0	1	1
2551	1	1	1	0	28	749	0	1	0
2551	2	1	1	0	28	749	0	1	1
2552	1	1	1	0	28	749	0	1	0
2552	2	1	1	0	28	749	0	1	1
2553	1	1	1	0	28	749	0	1	0
2553	2	1	1	0	28	749	0	1	1
2554	1	1	1	0	28	749	0	1	0
2554	2	1	1	0	28	749	0	1	1
2555	1	1	1	0	28	749	0	1	0
2555	2	1	1	0	28	749	0	1	1
2556	1	1	1	0	28	749	0	1	0
2556	2	1	1	0	28	749	0	1	1
2558	1	1	1	0	28	749	0	1	0
2558	2	1	1	0	28	749	0	1	1
2559	1	1	1	0	28	749	0	1	0
2559	2	1	1	0	28	749	0	1	1
2560	1	1	1	0	28	749	0	1	0
2560	2	1	1	0	28	749	0	1	1
2561	1	1	1	0	28	749	0	1	0
2561	2	1	1	0	28	749	0	1	1
2562	1	1	1	0	28	749	0	1	0
2562	2	1	1	0	28	749	0	1	1
2563	1	1	1	0	28	749	0	1	0
2563	2	1	1	0	28	749	0	1	1
2564	1	1	1	0	28	749	0	1	0
2564	2	1	1	0	28	749	0	1	1
2565	1	1	1	0	28	749	0	1	0
2565	2	1	1	0	28	749	0	1	1
2567	1	1	1	0	28	749	0	1	0
2567	2	1	1	0	28	749	0	1	1
2568	1	1	1	0	28	749	0	1	0
2568	2	1	1	0	28	749	0	1	1
2569	1	1	1	0	28	749	0	1	0
2569	2	1	1	0	28	749	0	1	1
2570	1	1	1	0	28	749	0	1	0
2570	2	1	1	0	28	749	0	1	1
2571	1	1	1	0	28	749	0	1	0
2571	2	1	1	0	28	749	0	1	1
2572	1	1	1	0	28	749	0	1	0
2572	2	1	1	0	28	749	0	1	1
2573	1	1	1	0	28	749	0	1	0
2573	2	1	1	0	28	749	0	1	1
2574	1	1	1	0	28	749	0	1	0
2574	2	1	1	0	28	749	0	1	1
2575	1	1	1	0	28	749	0	1	0
2575	2	1	1	0	28	749	0	1	1
2577	1	1	1	0	28	749	0	1	0
2577	2	1	1	0	28	749	0	1	1
2578	1	1	1	0	28	749	0	1	0
2578	2	1	1	0	28	749	0	1	1
2579	1	1	1	0	28	749	0	1	0
2579	2	1	1	0	28	749	0	1	1
2580	1	1	1	0	28	749	0	1	0
2580	2	1	1	0	28	749	0	1	1
2581	1	1	1	0	28	749	0	1	0
2581	2	1	1	0	28	749	0	1	1
2582	1	1	1	0	28	749	0	1	0
2582	2	1	1	0	28	749	0	1	1
2583	1	1	1	0	28	749	0	1	0
2583	2	1	1	0	28	749	0	1	1
2584	1	1	1	0	28	749	0	1	0
2584	2	1	1	0	28	749	0	1	1
2586	1	1	1	0	28	749	0	1	0
2586	2	1	1	0	28	749	0	1	1
2587	1	1	1	0	28	749	0	1	0
2587	2	1	1	0	28	749	0	1	1
2588	1	1	1	0	28	749	0	1	0
2588	2	1	1	0	28	749	0	1	1
2589	1	1	1	0	28	749	0	1	0
2589	2	1	1	0	28	749	0	1	1
2590	1	1	1	0	28	749	0	1	0
2590	2	1	1	0	28	749	0	1	1
2591	1	1	1	0	28	749	0	1	0
2591	2	1	1	0	28	749	0	1	1
2592	1	1	1	0	28	749	0	1	0
2592	2	1	1	0	28	749	0	1	1
2593	1	1	1	0	28	749	0	1	0
2593	2	1	1	0	28	749	0	1	1
2595	1	1	1	0	28	749	0	1	0
2595	2	1	1	0	28	749	0	1	1
2596	1	1	1	0	28	749	0	1	0
2596	2	1	1	0	28	749	0	1	1
2597	1	1	1	0	28	749	0	1	0
2597	2	1	1	0	28	749	0	1	1
2598	1	1	1	0	28	749	0	1	0
2598	2	1	1	0	28	749	0	1	1
2599	1	1	1	0	28	749	0	1	0
2599	2	1	1	0	28	749	0	1	1
2600	1	1	1	0	28	749	0	1	0
2600	2	1	1	0	28	749	0	1	1
2601	1	1	1	0	28	749	0	1	0
2601	2	1	1	0	28	749	0	1	1
2602	1	1	1	0	28	749	0	1	0
2602	2	1	1	0	28	749	0	1	1
2603	1	1	1	0	28	749	0	1	0
2603	2	1	1	0	28	749	0	1	1
2605	1	1	1	0	28	749	0	1	0
2605	2	1	1	0	28	749	0	1	1
2606	1	1	1	0	28	749	0	1	0
2606	2	1	1	0	28	749	0	1	1
2607	1	1	1	0	28	749	0	1	0
2607	2	1	1	0	28	749	0	1	1
2608	1	1	1	0	28	749	0	1	0
2608	2	1	1	0	28	749	0	1	1
2609	1	1	1	0	28	749	0	1	0
2609	2	1	1	0	28	749	0	1	1
2610	1	1	1	0	28	749	0	1	0
2610	2	1	1	0	28	749	0	1	1
2611	1	1	1	0	28	749	0	1	0
2611	2	1	1	0	28	749	0	1	1
2612	1	1	1	0	28	749	0	1	0
2612	2	1	1	0	28	749	0	1	1
2614	1	1	1	0	28	749	0	1	0
2614	2	1	1	0	28	749	0	1	1
2615	1	1	1	0	28	749	0	1	0
2615	2	1	1	0	28	749	0	1	1
2616	1	1	1	0	28	749	0	1	0
2616	2	1	1	0	28	749	0	1	1
2617	1	1	1	0	28	749	0	1	0
2617	2	1	1	0	28	749	0	1	1
2618	1	1	1	0	28	749	0	1	0
2618	2	1	1	0	28	749	0	1	1
2619	1	1	1	0	28	749	0	1	0
2619	2	1	1	0	28	749	0	1	1
2620	1	1	1	0	28	749	0	1	0
2620	2	1	1	0	28	749	0	1	1
2621	1	1	1	0	28	749	0	1	0
2621	2	1	1	0	28	749	0	1	1
2623	1	1	1	0	28	749	0	1	0
2623	2	1	1	0	28	749	0	1	1
2624	1	1	1	0	28	749	0	1	0
2624	2	1	1	0	28	749	0	1	1
2625	1	1	1	0	28	749	0	1	0
2625	2	1	1	0	28	749	0	1	1
2626	1	1	1	0	28	749	0	1	0
2626	2	1	1	0	28	749	0	1	1
2627	1	1	1	0	28	749	0	1	0
2627	2	1	1	0	28	749	0	1	1
2628	1	1	1	0	28	749	0	1	0
2628	2	1	1	0	28	749	0	1	1
2629	1	1	1	0	28	749	0	1	0
2629	2	1	1	0	28	749	0	1	1
2630	1	1	1	0	28	749	0	1	0
2630	2	1	1	0	28	749	0	1	1
2631	1	1	1	0	28	749	0	1	0
2631	2	1	1	0	28	749	0	1	1
2633	1	1	1	0	28	749	0	1	0
2633	2	1	1	0	28	749	0	1	1
2634	1	1	1	0	28	749	0	1	0
2634	2	1	1	0	28	749	0	1	1
2635	1	1	1	0	28	749	0	1	0
2635	2	1	1	0	28	749	0	1	1
2636	1	1	1	0	28	749	0	1	0
2636	2	1	1	0	28	749	0	1	1
2637	1	1	1	0	28	749	0	1	0
2637	2	1	1	0	28	749	0	1	1
2638	1	1	1	0	28	749	0	1	0
2638	2	1	1	0	28	749	0	1	1
2639	1	1	1	0	28	749	0	1	0
2639	2	1	1	0	28	749	0	1	1
2640	1	1	1	0	28	749	0	1	0
2640	2	1	1	0	28	749	0	1	1
2642	1	1	1	0	28	749	0	1	0
2642	2	1	1	0	28	749	0	1	1
2643	1	1	1	0	28	749	0	1	0
2643	2	1	1	0	28	749	0	1	1
2644	1	1	1	0	28	749	0	1	0
2644	2	1	1	0	28	749	0	1	1
2645	1	1	1	0	28	749	0	1	0
2645	2	1	1	0	28	749	0	1	1
2646	1	1	1	0	28	749	0	1	0
2646	2	1	1	0	28	749	0	1	1
2647	1	1	1	0	28	749	0	1	0
2647	2	1	1	0	28	749	0	1	1
2648	1	1	1	0	28	749	0	1	0
2648	2	1	1	0	28	749	0	1	1
2649	1	1	1	0	28	749	0	1	0
2649	2	1	1	0	28	749	0	1	1
2651	1	1	1	0	28	749	0	1	0
2651	2	1	1	0	28	749	0	1	1
2652	1	1	1	0	28	749	0	1	0
2652	2	1	1	0	28	749	0	1	1
2653	1	1	1	0	28	749	0	1	0
2653	2	1	1	0	28	749	0	1	1
2654	1	1	1	0	28	749	0	1	0
2654	2	1	1	0	28	749	0	1	1
2655	1	1	1	0	28	749	0	1	0
2655	2	1	1	0	28	749	0	1	1
2656	1	1	1	0	28	749	0	1	0
2656	2	1	1	0	28	749	0	1	1
2657	1	1	1	0	28	749	0	1	0
2657	2	1	1	0	28	749	0	1	1
2658	1	1	1	0	28	749	0	1	0
2658	2	1	1	0	28	749	0	1	1
2659	1	1	1	0	28	749	0	1	0
2659	2	1	1	0	28	749	0	1	1
2661	1	1	1	0	28	749	0	1	0
2661	2	1	1	0	28	749	0	1	1
2662	1	1	1	0	26	749	0	1	0
2662	2	1	1	0	26	749	0	1	1
2663	1	1	1	0	26	749	0	1	0
2663	2	1	1	0	26	749	0	1	1
2664	1	1	1	0	26	749	0	1	0
2664	2	1	1	0	26	749	0	1	1
2665	1	1	1	0	26	749	0	1	0
2665	2	1	1	0	26	749	0	1	1
2666	1	1	1	0	22	693	0	1	0
2666	2	1	1	0	22	693	0	1	1
2667	1	1	1	0	22	693	0	1	0
2667	2	1	1	0	22	693	0	1	1
2668	1	1	1	0	20	775	0	1	0
2668	2	1	1	0	20	775	0	1	1
2670	1	1	1	0	18	749	0	1	0
2670	2	1	1	0	18	749	0	1	1
2671	1	1	1	0	18	749	0	1	0
2671	2	1	1	0	18	749	0	1	1
2672	1	1	1	0	20	693	0	1	0
2672	2	1	1	0	20	693	0	1	1
2673	1	1	1	0	20	693	0	1	0
2673	2	1	1	0	20	693	0	1	1
2674	1	1	1	0	22	807	0	1	0
2674	2	1	1	0	22	807	0	1	1
2675	1	1	1	0	22	693	0	1	0
2675	2	1	1	0	22	693	0	1	1
2676	1	1	1	0	22	693	0	1	0
2676	2	1	1	0	22	693	0	1	1
2677	1	1	1	0	22	807	0	1	0
2677	2	1	1	0	22	807	0	1	1
2679	1	1	1	0	24	669	0	1	0
2679	2	1	1	0	24	669	0	1	1
2680	1	1	1	0	28	749	0	1	0
2680	2	1	1	0	28	749	0	1	1
2681	1	1	1	0	28	749	0	1	0
2681	2	1	1	0	28	749	0	1	1
2682	1	1	1	0	28	749	0	1	0
2682	2	1	1	0	28	749	0	1	1
2683	1	1	1	0	28	749	0	1	0
2683	2	1	1	0	28	749	0	1	1
2684	1	1	1	0	28	749	0	1	0
2684	2	1	1	0	28	749	0	1	1
2685	1	1	1	0	28	749	0	1	0
2685	2	1	1	0	28	749	0	1	1
2686	1	1	1	0	28	749	0	1	0
2686	2	1	1	0	28	749	0	1	1
2687	1	1	1	0	28	749	0	1	0
2687	2	1	1	0	28	749	0	1	1
2689	1	1	1	0	28	749	0	1	0
2689	2	1	1	0	28	749	0	1	1
2690	1	1	1	0	28	749	0	1	0
2690	2	1	1	0	28	749	0	1	1
2691	1	1	1	0	28	749	0	1	0
2691	2	1	1	0	28	749	0	1	1
2692	1	1	1	0	28	749	0	1	0
2692	2	1	1	0	28	749	0	1	1
2693	1	1	1	0	28	749	0	1	0
2693	2	1	1	0	28	749	0	1	1
2694	1	1	1	0	28	749	0	1	0
2694	2	1	1	0	28	749	0	1	1
2695	1	1	1	0	28	749	0	1	0
2695	2	1	1	0	28	749	0	1	1
2696	1	1	1	0	28	749	0	1	0
2696	2	1	1	0	28	749	0	1	1
2698	1	1	1	0	28	749	0	1	0
2698	2	1	1	0	28	749	0	1	1
2699	1	1	1	0	28	749	0	1	0
2699	2	1	1	0	28	749	0	1	1
2700	1	1	1	0	28	749	0	1	0
2700	2	1	1	0	28	749	0	1	1
2701	1	1	1	0	28	749	0	1	0
2701	2	1	1	0	28	749	0	1	1
2702	1	1	1	0	28	749	0	1	0
2702	2	1	1	0	28	749	0	1	1
2703	1	1	1	0	28	749	0	1	0
2703	2	1	1	0	28	749	0	1	1
2704	1	1	1	0	28	749	0	1	0
2704	2	1	1	0	28	749	0	1	1
2705	1	1	1	0	28	749	0	1	0
2705	2	1	1	0	28	749	0	1	1
2707	1	1	1	0	28	749	0	1	0
2707	2	1	1	0	28	749	0	1	1
2708	1	1	1	0	28	749	0	1	0
2708	2	1	1	0	28	749	0	1	1
2709	1	1	1	0	28	749	0	1	0
2709	2	1	1	0	28	749	0	1	1
2710	1	1	1	0	28	749	0	1	0
2710	2	1	1	0	28	749	0	1	1
2711	1	1	1	0	28	749	0	1	0
2711	2	1	1	0	28	749	0	1	1
2712	1	1	1	0	28	749	0	1	0
2712	2	1	1	0	28	749	0	1	1
2713	1	1	1	0	28	749	0	1	0
2713	2	1	1	0	28	749	0	1	1
2714	1	1	1	0	28	749	0	1	0
2714	2	1	1	0	28	749	0	1	1
2715	1	1	1	0	28	749	0	1	0
2715	2	1	1	0	28	749	0	1	1
2717	1	1	1	0	28	749	0	1	0
2717	2	1	1	0	28	749	0	1	1
2718	1	1	1	0	28	749	0	1	0
2718	2	1	1	0	28	749	0	1	1
2719	1	1	1	0	28	749	0	1	0
2719	2	1	1	0	28	749	0	1	1
2720	1	1	1	0	28	749	0	1	0
2720	2	1	1	0	28	749	0	1	1
2721	1	1	1	0	28	749	0	1	0
2721	2	1	1	0	28	749	0	1	1
2722	1	1	1	0	28	749	0	1	0
2722	2	1	1	0	28	749	0	1	1
2723	1	1	1	0	28	749	0	1	0
2723	2	1	1	0	28	749	0	1	1
2724	1	1	1	0	28	749	0	1	0
2724	2	1	1	0	28	749	0	1	1
2726	1	1	1	0	28	749	0	1	0
2726	2	1	1	0	28	749	0	1	1
2727	1	1	1	0	28	749	0	1	0
2727	2	1	1	0	28	749	0	1	1
2728	1	1	1	0	28	749	0	1	0
2728	2	1	1	0	28	749	0	1	1
2729	1	1	1	0	28	749	0	1	0
2729	2	1	1	0	28	749	0	1	1
2730	1	1	1	0	28	749	0	1	0
2730	2	1	1	0	28	749	0	1	1
2731	1	1	1	0	28	749	0	1	0
2731	2	1	1	0	28	749	0	1	1
2732	1	1	1	0	28	749	0	1	0
2732	2	1	1	0	28	749	0	1	1
2733	1	1	1	0	28	749	0	1	0
2733	2	1	1	0	28	749	0	1	1
2735	1	1	1	0	28	749	0	1	0
2735	2	1	1	0	28	749	0	1	1
2736	1	1	1	0	28	749	0	1	0
2736	2	1	1	0	28	749	0	1	1
2737	1	1	1	0	28	749	0	1	0
2737	2	1	1	0	28	749	0	1	1
2738	1	1	1	0	28	749	0	1	0
2738	2	1	1	0	28	749	0	1	1
2739	1	1	1	0	28	749	0	1	0
2739	2	1	1	0	28	749	0	1	1
2740	1	1	1	0	28	749	0	1	0
2740	2	1	1	0	28	749	0	1	1
2741	1	1	1	0	28	749	0	1	0
2741	2	1	1	0	28	749	0	1	1
2742	1	1	1	0	28	749	0	1	0
2742	2	1	1	0	28	749	0	1	1
2743	1	1	1	0	28	749	0	1	0
2743	2	1	1	0	28	749	0	1	1
2745	1	1	1	0	28	749	0	1	0
2745	2	1	1	0	28	749	0	1	1
2746	1	1	1	0	28	749	0	1	0
2746	2	1	1	0	28	749	0	1	1
2747	1	1	1	0	28	749	0	1	0
2747	2	1	1	0	28	749	0	1	1
2748	1	1	1	0	28	749	0	1	0
2748	2	1	1	0	28	749	0	1	1
2749	1	1	1	0	28	749	0	1	0
2749	2	1	1	0	28	749	0	1	1
2750	1	1	1	0	28	749	0	1	0
2750	2	1	1	0	28	749	0	1	1
2751	1	1	1	0	28	749	0	1	0
2751	2	1	1	0	28	749	0	1	1
2752	1	1	1	0	28	749	0	1	0
2752	2	1	1	0	28	749	0	1	1
2754	1	1	1	0	28	749	0	1	0
2754	2	1	1	0	28	749	0	1	1
2755	1	1	1	0	28	749	0	1	0
2755	2	1	1	0	28	749	0	1	1
2756	1	1	1	0	28	749	0	1	0
2756	2	1	1	0	28	749	0	1	1
2757	1	1	1	0	28	749	0	1	0
2757	2	1	1	0	28	749	0	1	1
2758	1	1	1	0	28	749	0	1	0
2758	2	1	1	0	28	749	0	1	1
2759	1	1	1	0	28	749	0	1	0
2759	2	1	1	0	28	749	0	1	1
2760	1	1	1	0	28	749	0	1	0
2760	2	1	1	0	28	749	0	1	1
2761	1	1	1	0	28	749	0	1	0
2761	2	1	1	0	28	749	0	1	1
2763	1	1	1	0	28	749	0	1	0
2763	2	1	1	0	28	749	0	1	1
2764	1	1	1	0	28	749	0	1	0
2764	2	1	1	0	28	749	0	1	1
2765	1	1	1	0	28	749	0	1	0
2765	2	1	1	0	28	749	0	1	1
2766	1	1	1	0	28	749	0	1	0
2766	2	1	1	0	28	749	0	1	1
2767	1	1	1	0	28	749	0	1	0
2767	2	1	1	0	28	749	0	1	1
2768	1	1	1	0	28	749	0	1	0
2768	2	1	1	0	28	749	0	1	1
2769	1	1	1	0	28	749	0	1	0
2769	2	1	1	0	28	749	0	1	1
2770	1	1	1	0	28	749	0	1	0
2770	2	1	1	0	28	749	0	1	1
2771	1	1	1	0	28	749	0	1	0
2771	2	1	1	0	28	749	0	1	1
2773	1	1	1	0	28	749	0	1	0
2773	2	1	1	0	28	749	0	1	1
2774	1	1	1	0	24	669	0	1	0
2774	2	1	1	0	24	669	0	1	1
2775	1	1	1	0	24	807	0	1	0
2775	2	1	1	0	24	807	0	1	1
2776	1	1	1	0	20	693	0	1	0
2776	2	1	1	0	20	693	0	1	1
2777	1	1	1	0	28	749	1	0	0
2777	2	1	1	0	28	749	1	0	1
2778	1	1	1	0	28	749	1	0	0
2778	2	1	1	0	28	749	1	0	1
2779	1	1	1	0	16	903	0	1	0
2779	2	1	1	0	16	903	0	1	1
2780	1	1	1	0	28	749	1	0	0
2780	2	1	1	0	28	749	1	0	1
2781	1	1	1	0	24	669	1	0	0
2781	2	1	1	0	24	669	1	0	1
2782	1	1	1	0	24	807	1	0	0
2782	2	1	1	0	24	807	1	0	1
2783	1	1	1	0	8	421	0	1	0
2783	2	1	1	0	8	421	0	1	1
2784	1	1	1	0	18	967	0	1	0
2784	2	1	1	0	18	967	0	1	1
2785	1	1	1	0	18	967	0	1	0
2785	2	1	1	0	18	967	0	1	1
2786	1	1	1	0	22	1383	0	1	0
2786	2	1	1	0	22	1383	0	1	1
2787	1	1	1	0	22	1383	0	1	0
2787	2	1	1	0	22	1383	0	1	1
2788	1	1	1	0	26	1836	0	1	0
2788	2	1	1	0	26	1836	0	1	1
2789	1	1	1	0	26	749	0	1	0
2789	2	1	1	0	26	749	0	1	1
2790	1	1	1	0	28	185	0	1	0
2790	2	1	1	0	28	185	0	1	1
2791	1	1	1	0	28	749	0	1	0
2791	2	1	1	0	28	749	0	1	1
2792	1	1	1	0	28	749	0	1	0
2792	2	1	1	0	28	749	0	1	1
2793	1	1	1	0	28	749	0	1	0
2793	2	1	1	0	28	749	0	1	1
2794	1	1	1	0	28	749	0	1	0
2794	2	1	1	0	28	749	0	1	1
2795	1	1	1	0	28	749	0	1	0
2795	2	1	1	0	28	749	0	1	1
2796	1	1	1	0	28	749	0	1	0
2796	2	1	1	0	28	749	0	1	1
2797	1	1	1	0	28	749	0	1	0
2797	2	1	1	0	28	749	0	1	1
2798	1	1	1	0	28	749	0	1	0
2798	2	1	1	0	28	749	0	1	1
2799	1	1	1	0	28	749	0	1	0
2799	2	1	1	0	28	749	0	1	1
2801	1	1	1	0	28	749	0	1	0
2801	2	1	1	0	28	749	0	1	1
2802	1	1	1	0	28	749	0	1	0
2802	2	1	1	0	28	749	0	1	1
2803	1	1	1	0	28	749	0	1	0
2803	2	1	1	0	28	749	0	1	1
2804	1	1	1	0	28	749	0	1	0
2804	2	1	1	0	28	749	0	1	1
2805	1	1	1	0	28	749	0	1	0
2805	2	1	1	0	28	749	0	1	1
2806	1	1	1	0	28	749	0	1	0
2806	2	1	1	0	28	749	0	1	1
2807	1	1	1	0	28	749	0	1	0
2807	2	1	1	0	28	749	0	1	1
2808	1	1	1	0	28	749	0	1	0
2808	2	1	1	0	28	749	0	1	1
2810	1	1	1	0	28	749	0	1	0
2810	2	1	1	0	28	749	0	1	1
2811	1	1	1	0	28	749	0	1	0
2811	2	1	1	0	28	749	0	1	1
2812	1	1	1	0	28	749	0	1	0
2812	2	1	1	0	28	749	0	1	1
2813	1	1	1	0	28	749	0	1	0
2813	2	1	1	0	28	749	0	1	1
2814	1	1	1	0	28	749	0	1	0
2814	2	1	1	0	28	749	0	1	1
2815	1	1	1	0	28	749	0	1	0
2815	2	1	1	0	28	749	0	1	1
2816	1	1	1	0	28	749	0	1	0
2816	2	1	1	0	28	749	0	1	1
2817	1	1	1	0	28	749	0	1	0
2817	2	1	1	0	28	749	0	1	1
2819	1	1	1	0	28	749	0	1	0
2819	2	1	1	0	28	749	0	1	1
2820	1	1	1	0	28	749	0	1	0
2820	2	1	1	0	28	749	0	1	1
2821	1	1	1	0	28	749	0	1	0
2821	2	1	1	0	28	749	0	1	1
2822	1	1	1	0	28	749	0	1	0
2822	2	1	1	0	28	749	0	1	1
2823	1	1	1	0	28	749	0	1	0
2823	2	1	1	0	28	749	0	1	1
2824	1	1	1	0	28	749	0	1	0
2824	2	1	1	0	28	749	0	1	1
2825	1	1	1	0	28	749	0	1	0
2825	2	1	1	0	28	749	0	1	1
2826	1	1	1	0	28	749	0	1	0
2826	2	1	1	0	28	749	0	1	1
2827	1	1	1	0	28	749	0	1	0
2827	2	1	1	0	28	749	0	1	1
2829	1	1	1	0	28	749	0	1	0
2829	2	1	1	0	28	749	0	1	1
2830	1	1	1	0	28	749	0	1	0
2830	2	1	1	0	28	749	0	1	1
2831	1	1	1	0	28	749	0	1	0
2831	2	1	1	0	28	749	0	1	1
2832	1	1	1	0	28	749	0	1	0
2832	2	1	1	0	28	749	0	1	1
2833	1	1	1	0	28	749	0	1	0
2833	2	1	1	0	28	749	0	1	1
2834	1	1	1	0	28	749	0	1	0
2834	2	1	1	0	28	749	0	1	1
2835	1	1	1	0	28	749	0	1	0
2835	2	1	1	0	28	749	0	1	1
2836	1	1	1	0	28	749	0	1	0
2836	2	1	1	0	28	749	0	1	1
2838	1	1	1	0	28	749	0	1	0
2838	2	1	1	0	28	749	0	1	1
2839	1	1	1	0	28	749	0	1	0
2839	2	1	1	0	28	749	0	1	1
2840	1	1	1	0	28	749	0	1	0
2840	2	1	1	0	28	749	0	1	1
2841	1	1	1	0	28	749	0	1	0
2841	2	1	1	0	28	749	0	1	1
2842	1	1	1	0	28	749	0	1	0
2842	2	1	1	0	28	749	0	1	1
2843	1	1	1	0	28	749	0	1	0
2843	2	1	1	0	28	749	0	1	1
2844	1	1	1	0	28	749	0	1	0
2844	2	1	1	0	28	749	0	1	1
2845	1	1	1	0	28	749	0	1	0
2845	2	1	1	0	28	749	0	1	1
2847	1	1	1	0	28	749	0	1	0
2847	2	1	1	0	28	749	0	1	1
2848	1	1	1	0	28	749	0	1	0
2848	2	1	1	0	28	749	0	1	1
2849	1	1	1	0	28	749	0	1	0
2849	2	1	1	0	28	749	0	1	1
2850	1	1	1	0	28	749	0	1	0
2850	2	1	1	0	28	749	0	1	1
2851	1	1	1	0	28	749	0	1	0
2851	2	1	1	0	28	749	0	1	1
2852	1	1	1	0	28	749	0	1	0
2852	2	1	1	0	28	749	0	1	1
2853	1	1	1	0	28	749	0	1	0
2853	2	1	1	0	28	749	0	1	1
2854	1	1	1	0	28	749	0	1	0
2854	2	1	1	0	28	749	0	1	1
2855	1	1	1	0	28	749	0	1	0
2855	2	1	1	0	28	749	0	1	1
2857	1	1	1	0	28	749	0	1	0
2857	2	1	1	0	28	749	0	1	1
2858	1	1	1	0	28	749	0	1	0
2858	2	1	1	0	28	749	0	1	1
2859	1	1	1	0	28	749	0	1	0
2859	2	1	1	0	28	749	0	1	1
2860	1	1	1	0	28	749	0	1	0
2860	2	1	1	0	28	749	0	1	1
2861	1	1	1	0	28	749	0	1	0
2861	2	1	1	0	28	749	0	1	1
2862	1	1	1	0	28	749	0	1	0
2862	2	1	1	0	28	749	0	1	1
2863	1	1	1	0	28	749	0	1	0
2863	2	1	1	0	28	749	0	1	1
2864	1	1	1	0	28	749	0	1	0
2864	2	1	1	0	28	749	0	1	1
2866	1	1	1	0	28	749	0	1	0
2866	2	1	1	0	28	749	0	1	1
2867	1	1	1	0	28	749	0	1	0
2867	2	1	1	0	28	749	0	1	1
2868	1	1	1	0	28	749	0	1	0
2868	2	1	1	0	28	749	0	1	1
2869	1	1	1	0	28	749	0	1	0
2869	2	1	1	0	28	749	0	1	1
2870	1	1	1	0	28	749	0	1	0
2870	2	1	1	0	28	749	0	1	1
2871	1	1	1	0	28	749	0	1	0
2871	2	1	1	0	28	749	0	1	1
2872	1	1	1	0	28	749	0	1	0
2872	2	1	1	0	28	749	0	1	1
2873	1	1	1	0	28	749	0	1	0
2873	2	1	1	0	28	749	0	1	1
2875	1	1	1	0	28	749	0	1	0
2875	2	1	1	0	28	749	0	1	1
2876	1	1	1	0	28	749	0	1	0
2876	2	1	1	0	28	749	0	1	1
2877	1	1	1	0	28	749	0	1	0
2877	2	1	1	0	28	749	0	1	1
2878	1	1	1	0	28	749	0	1	0
2878	2	1	1	0	28	749	0	1	1
2879	1	1	1	0	28	749	0	1	0
2879	2	1	1	0	28	749	0	1	1
2880	1	1	1	0	28	749	0	1	0
2880	2	1	1	0	28	749	0	1	1
2881	1	1	1	0	28	749	0	1	0
2881	2	1	1	0	28	749	0	1	1
2882	1	1	1	0	28	749	0	1	0
2882	2	1	1	0	28	749	0	1	1
2883	1	1	1	0	28	749	0	1	0
2883	2	1	1	0	28	749	0	1	1
2885	1	1	1	0	28	749	0	1	0
2885	2	1	1	0	28	749	0	1	1
2886	1	1	1	0	28	749	0	1	0
2886	2	1	1	0	28	749	0	1	1
2887	1	1	1	0	28	749	0	1	0
2887	2	1	1	0	28	749	0	1	1
2888	1	1	1	0	28	749	0	1	0
2888	2	1	1	0	28	749	0	1	1
2889	1	1	1	0	28	749	0	1	0
2889	2	1	1	0	28	749	0	1	1
2890	1	1	1	0	28	749	0	1	0
2890	2	1	1	0	28	749	0	1	1
2891	1	1	1	0	28	749	0	1	0
2891	2	1	1	0	28	749	0	1	1
2892	1	1	1	0	28	749	0	1	0
2892	2	1	1	0	28	749	0	1	1
2894	1	1	1	0	28	749	0	1	0
2894	2	1	1	0	28	749	0	1	1
2895	1	1	1	0	28	749	0	1	0
2895	2	1	1	0	28	749	0	1	1
2896	1	1	1	0	28	749	0	1	0
2896	2	1	1	0	28	749	0	1	1
2897	1	1	1	0	28	749	0	1	0
2897	2	1	1	0	28	749	0	1	1
2898	1	1	1	0	28	749	0	1	0
2898	2	1	1	0	28	749	0	1	1
2899	1	1	1	0	28	749	0	1	0
2899	2	1	1	0	28	749	0	1	1
2900	1	1	1	0	28	749	0	1	0
2900	2	1	1	0	28	749	0	1	1
2901	1	1	1	0	28	749	0	1	0
2901	2	1	1	0	28	749	0	1	1
2903	1	1	1	0	28	749	0	1	0
2903	2	1	1	0	28	749	0	1	1
2904	1	1	1	0	28	749	0	1	0
2904	2	1	1	0	28	749	0	1	1
2905	1	1	1	0	28	749	0	1	0
2905	2	1	1	0	28	749	0	1	1
2906	1	1	1	0	28	749	0	1	0
2906	2	1	1	0	28	749	0	1	1
2907	1	1	1	0	28	749	0	1	0
2907	2	1	1	0	28	749	0	1	1
2908	1	1	1	0	28	749	0	1	0
2908	2	1	1	0	28	749	0	1	1
2909	1	1	1	0	28	749	0	1	0
2909	2	1	1	0	28	749	0	1	1
2910	1	1	1	0	28	749	0	1	0
2910	2	1	1	0	28	749	0	1	1
2911	1	1	1	0	28	749	0	1	0
2911	2	1	1	0	28	749	0	1	1
2913	1	1	1	0	28	749	0	1	0
2913	2	1	1	0	28	749	0	1	1
2914	1	1	1	0	28	749	0	1	0
2914	2	1	1	0	28	749	0	1	1
2915	1	1	1	0	28	749	0	1	0
2915	2	1	1	0	28	749	0	1	1
2916	1	1	1	0	28	749	0	1	0
2916	2	1	1	0	28	749	0	1	1
2917	1	1	1	0	28	749	0	1	0
2917	2	1	1	0	28	749	0	1	1
2918	1	1	1	0	28	749	0	1	0
2918	2	1	1	0	28	749	0	1	1
2919	1	1	1	0	28	749	0	1	0
2919	2	1	1	0	28	749	0	1	1
2920	1	1	1	0	28	749	0	1	0
2920	2	1	1	0	28	749	0	1	1
2922	1	1	1	0	28	749	0	1	0
2922	2	1	1	0	28	749	0	1	1
2923	1	1	1	0	28	749	0	1	0
2923	2	1	1	0	28	749	0	1	1
2924	1	1	1	0	28	749	0	1	0
2924	2	1	1	0	28	749	0	1	1
2925	1	1	1	0	28	749	0	1	0
2925	2	1	1	0	28	749	0	1	1
2926	1	1	1	0	28	749	0	1	0
2926	2	1	1	0	28	749	0	1	1
2927	1	1	1	0	28	749	0	1	0
2927	2	1	1	0	28	749	0	1	1
2928	1	1	1	0	28	749	0	1	0
2928	2	1	1	0	28	749	0	1	1
2929	1	1	1	0	28	749	0	1	0
2929	2	1	1	0	28	749	0	1	1
2931	1	1	1	0	28	749	0	1	0
2931	2	1	1	0	28	749	0	1	1
2932	1	1	1	0	28	749	0	1	0
2932	2	1	1	0	28	749	0	1	1
2933	1	1	1	0	28	749	0	1	0
2933	2	1	1	0	28	749	0	1	1
2934	1	1	1	0	28	749	0	1	0
2934	2	1	1	0	28	749	0	1	1
2935	1	1	1	0	28	749	0	1	0
2935	2	1	1	0	28	749	0	1	1
2936	1	1	1	0	28	749	0	1	0
2936	2	1	1	0	28	749	0	1	1
2937	1	1	1	0	28	749	0	1	0
2937	2	1	1	0	28	749	0	1	1
2938	1	1	1	0	28	749	0	1	0
2938	2	1	1	0	28	749	0	1	1
2939	1	1	1	0	28	749	0	1	0
2939	2	1	1	0	28	749	0	1	1
2941	1	1	1	0	28	749	0	1	0
2941	2	1	1	0	28	749	0	1	1
2942	1	1	1	0	28	749	0	1	0
2942	2	1	1	0	28	749	0	1	1
2943	1	1	1	0	28	749	0	1	0
2943	2	1	1	0	28	749	0	1	1
2944	1	1	1	0	28	749	0	1	0
2944	2	1	1	0	28	749	0	1	1
2945	1	1	1	0	28	749	0	1	0
2945	2	1	1	0	28	749	0	1	1
2946	1	1	1	0	28	749	0	1	0
2946	2	1	1	0	28	749	0	1	1
2947	1	1	1	0	28	749	0	1	0
2947	2	1	1	0	28	749	0	1	1
2948	1	1	1	0	28	749	0	1	0
2948	2	1	1	0	28	749	0	1	1
2950	1	1	1	0	28	749	0	1	0
2950	2	1	1	0	28	749	0	1	1
2951	1	1	1	0	28	749	0	1	0
2951	2	1	1	0	28	749	0	1	1
2952	1	1	1	0	28	749	0	1	0
2952	2	1	1	0	28	749	0	1	1
2953	1	1	1	0	28	749	0	1	0
2953	2	1	1	0	28	749	0	1	1
2954	1	1	1	0	28	749	0	1	0
2954	2	1	1	0	28	749	0	1	1
2955	1	1	1	0	28	749	0	1	0
2955	2	1	1	0	28	749	0	1	1
2956	1	1	1	0	28	749	0	1	0
2956	2	1	1	0	28	749	0	1	1
2957	1	1	1	0	28	749	0	1	0
2957	2	1	1	0	28	749	0	1	1
2959	1	1	1	0	28	749	0	1	0
2959	2	1	1	0	28	749	0	1	1
2960	1	1	1	0	28	749	0	1	0
2960	2	1	1	0	28	749	0	1	1
2961	1	1	1	0	28	749	0	1	0
2961	2	1	1	0	28	749	0	1	1
2962	1	1	1	0	28	749	0	1	0
2962	2	1	1	0	28	749	0	1	1
2963	1	1	1	0	28	749	0	1	0
2963	2	1	1	0	28	749	0	1	1
2964	1	1	1	0	28	749	0	1	0
2964	2	1	1	0	28	749	0	1	1
2965	1	1	1	0	28	749	0	1	0
2965	2	1	1	0	28	749	0	1	1
2966	1	1	1	0	28	749	0	1	0
2966	2	1	1	0	28	749	0	1	1
2967	1	1	1	0	28	749	0	1	0
2967	2	1	1	0	28	749	0	1	1
2969	1	1	1	0	28	749	0	1	0
2969	2	1	1	0	28	749	0	1	1
2970	1	1	1	0	28	749	0	1	0
2970	2	1	1	0	28	749	0	1	1
2971	1	1	1	0	28	749	0	1	0
2971	2	1	1	0	28	749	0	1	1
2972	1	1	1	0	28	749	0	1	0
2972	2	1	1	0	28	749	0	1	1
2973	1	1	1	0	28	749	0	1	0
2973	2	1	1	0	28	749	0	1	1
2974	1	1	1	0	28	749	0	1	0
2974	2	1	1	0	28	749	0	1	1
2975	1	1	1	0	28	749	0	1	0
2975	2	1	1	0	28	749	0	1	1
2976	1	1	1	0	28	749	0	1	0
2976	2	1	1	0	28	749	0	1	1
2978	1	1	1	0	28	749	0	1	0
2978	2	1	1	0	28	749	0	1	1
2979	1	1	1	0	28	749	0	1	0
2979	2	1	1	0	28	749	0	1	1
2980	1	1	1	0	28	749	0	1	0
2980	2	1	1	0	28	749	0	1	1
2981	1	1	1	0	28	749	0	1	0
2981	2	1	1	0	28	749	0	1	1
2982	1	1	1	0	28	749	0	1	0
2982	2	1	1	0	28	749	0	1	1
2983	1	1	1	0	28	749	0	1	0
2983	2	1	1	0	28	749	0	1	1
2984	1	1	1	0	28	749	0	1	0
2984	2	1	1	0	28	749	0	1	1
2985	1	1	1	0	28	749	0	1	0
2985	2	1	1	0	28	749	0	1	1
2987	1	1	1	0	28	749	0	1	0
2987	2	1	1	0	28	749	0	1	1
2988	1	1	1	0	28	749	0	1	0
2988	2	1	1	0	28	749	0	1	1
2989	1	1	1	0	28	749	0	1	0
2989	2	1	1	0	28	749	0	1	1
2990	1	1	1	0	28	749	0	1	0
2990	2	1	1	0	28	749	0	1	1
2991	1	1	1	0	28	749	0	1	0
2991	2	1	1	0	28	749	0	1	1
2992	1	1	1	0	28	749	0	1	0
2992	2	1	1	0	28	749	0	1	1
2993	1	1	1	0	28	749	0	1	0
2993	2	1	1	0	28	749	0	1	1
2994	1	1	1	0	28	749	0	1	0
2994	2	1	1	0	28	749	0	1	1
2995	1	1	1	0	28	749	0	1	0
2995	2	1	1	0	28	749	0	1	1
2997	1	1	1	0	28	749	0	1	0
2997	2	1	1	0	28	749	0	1	1
2998	1	1	1	0	28	749	0	1	0
2998	2	1	1	0	28	749	0	1	1
2999	1	1	1	0	28	749	0	1	0
2999	2	1	1	0	28	749	0	1	1
3000	1	1	1	0	28	749	0	1	0
3000	2	1	1	0	28	749	0	1	1
3001	1	1	1	0	28	749	0	1	0
3001	2	1	1	0	28	749	0	1	1
3002	1	1	1	0	28	749	0	1	0
3002	2	1	1	0	28	749	0	1	1
3003	1	1	1	0	28	749	0	1	0
3003	2	1	1	0	28	749	0	1	1
3004	1	1	1	0	28	749	0	1	0
3004	2	1	1	0	28	749	0	1	1
3006	1	1	1	0	28	749	0	1	0
3006	2	1	1	0	28	749	0	1	1
3007	1	1	1	0	28	749	0	1	0
3007	2	1	1	0	28	749	0	1	1
3008	1	1	1	0	28	749	0	1	0
3008	2	1	1	0	28	749	0	1	1
3009	1	1	1	0	28	749	0	1	0
3009	2	1	1	0	28	749	0	1	1
3010	1	1	1	0	28	749	0	1	0
3010	2	1	1	0	28	749	0	1	1
3011	1	1	1	0	28	749	0	1	0
3011	2	1	1	0	28	749	0	1	1
3012	1	1	1	0	28	749	0	1	0
3012	2	1	1	0	28	749	0	1	1
3013	1	1	1	0	28	749	0	1	0
3013	2	1	1	0	28	749	0	1	1
3015	1	1	1	0	28	749	0	1	0
3015	2	1	1	0	28	749	0	1	1
3016	1	1	1	0	28	749	0	1	0
3016	2	1	1	0	28	749	0	1	1
3017	1	1	1	0	28	749	0	1	0
3017	2	1	1	0	28	749	0	1	1
3018	1	1	1	0	28	749	0	1	0
3018	2	1	1	0	28	749	0	1	1
3019	1	1	1	0	28	749	0	1	0
3019	2	1	1	0	28	749	0	1	1
3020	1	1	1	0	28	749	0	1	0
3020	2	1	1	0	28	749	0	1	1
3021	1	1	1	0	28	749	0	1	0
3021	2	1	1	0	28	749	0	1	1
3022	1	1	1	0	28	749	0	1	0
3022	2	1	1	0	28	749	0	1	1
3023	1	1	1	0	28	749	0	1	0
3023	2	1	1	0	28	749	0	1	1
3025	1	1	1	0	28	749	0	1	0
3025	2	1	1	0	28	749	0	1	1
3026	1	1	1	0	28	749	0	1	0
3026	2	1	1	0	28	749	0	1	1
3027	1	1	1	0	28	749	0	1	0
3027	2	1	1	0	28	749	0	1	1
3028	1	1	1	0	28	749	0	1	0
3028	2	1	1	0	28	749	0	1	1
3029	1	1	1	0	28	749	0	1	0
3029	2	1	1	0	28	749	0	1	1
3030	1	1	1	0	28	749	0	1	0
3030	2	1	1	0	28	749	0	1	1
3031	1	1	1	0	28	749	0	1	0
3031	2	1	1	0	28	749	0	1	1
3032	1	1	1	0	28	749	0	1	0
3032	2	1	1	0	28	749	0	1	1
3034	1	1	1	0	28	749	0	1	0
3034	2	1	1	0	28	749	0	1	1
3035	1	1	1	0	28	749	0	1	0
3035	2	1	1	0	28	749	0	1	1
3036	1	1	1	0	28	749	0	1	0
3036	2	1	1	0	28	749	0	1	1
3037	1	1	1	0	28	749	0	1	0
3037	2	1	1	0	28	749	0	1	1
3038	1	1	1	0	28	749	0	1	0
3038	2	1	1	0	28	749	0	1	1
3039	1	1	1	0	28	749	0	1	0
3039	2	1	1	0	28	749	0	1	1
3040	1	1	1	0	26	749	0	1	0
3040	2	1	1	0	26	749	0	1	1
3041	1	1	1	0	26	749	0	1	0
3041	2	1	1	0	26	749	0	1	1
3043	1	1	1	0	26	749	0	1	0
3043	2	1	1	0	26	749	0	1	1
3044	1	1	1	0	24	669	0	1	0
3044	2	1	1	0	24	669	0	1	1
3045	1	1	1	0	24	807	0	1	0
3045	2	1	1	0	24	807	0	1	1
3046	1	1	1	0	24	669	0	1	0
3046	2	1	1	0	24	669	0	1	1
3047	1	1	1	0	24	807	0	1	0
3047	2	1	1	0	24	807	0	1	1
3048	1	1	1	0	22	693	0	1	0
3048	2	1	1	0	22	693	0	1	1
3049	1	1	1	0	22	693	0	1	0
3049	2	1	1	0	22	693	0	1	1
3050	1	1	1	0	20	775	0	1	0
3050	2	1	1	0	20	775	0	1	1
3051	1	1	1	0	20	693	0	1	0
3051	2	1	1	0	20	693	0	1	1
3052	1	1	1	0	16	75	0	1	0
3052	2	1	1	0	16	75	0	1	1
3053	1	1	1	0	16	693	0	1	0
3053	2	1	1	0	16	693	0	1	1
3054	1	1	1	0	12	597	0	1	0
3054	2	1	1	0	12	597	0	1	1
3055	1	1	1	0	12	597	0	1	0
3055	2	1	1	0	12	597	0	1	1
3056	1	1	1	0	8	421	0	1	0
3056	2	1	1	0	8	421	0	1	1
3057	1	1	1	0	8	421	0	1	0
3057	2	1	1	0	8	421	0	1	1
3058	1	1	1	0	8	421	0	1	0
3058	2	1	1	0	8	421	0	1	1
3059	1	1	1	0	8	421	0	1	0
3059	2	1	1	0	8	421	0	1	1
3060	1	1	1	0	4	217	0	1	0
3060	2	1	1	0	4	217	0	1	1
3061	1	1	1	0	4	217	0	1	0
3061	2	1	1	0	4	217	0	1	1
3062	1	1	1	0	0	81	0	1	0
3062	2	1	1	0	0	81	0	1	1
3063	1	1	1	0	0	81	0	1	0
3063	2	1	1	0	0	81	0	1	1
3064	1	1	1	0	2	133	0	1	0
3064	2	1	1	0	2	133	0	1	1
3065	1	1	1	0	2	133	0	1	0
3065	2	1	1	0	2	133	0	1	1
3066	1	1	1	0	8	421	0	1	0
3066	2	1	1	0	8	421	0	1	1
3067	1	1	1	0	8	421	0	1	0
3067	2	1	1	0	8	421	0	1	1
3068	1	1	1	0	12	597	0	1	0
3068	2	1	1	0	12	597	0	1	1
3069	1	1	1	0	12	597	0	1	0
3069	2	1	1	0	12	597	0	1	1
3070	1	1	1	0	14	775	0	1	0
3070	2	1	1	0	14	775	0	1	1
3071	1	1	1	0	14	775	0	1	0
3071	2	1	1	0	14	775	0	1	1
3072	1	1	1	0	16	903	0	1	0
3072	2	1	1	0	16	903	0	1	1
3073	1	1	1	0	16	903	0	1	0
3073	2	1	1	0	16	903	0	1	1
3074	1	1	1	0	18	967	0	1	0
3074	2	1	1	0	18	967	0	1	1
3075	1	1	1	0	18	967	0	1	0
3075	2	1	1	0	18	967	0	1	1
3076	1	1	1	0	20	1191	0	1	0
3076	2	1	1	0	20	1191	0	1	1
3077	1	1	1	0	20	1191	0	1	0
3077	2	1	1	0	20	1191	0	1	1
3078	1	1	1	0	20	1191	0	1	0
3078	2	1	1	0	20	1191	0	1	1
3079	1	1	1	0	20	1191	0	1	0
3079	2	1	1	0	20	1191	0	1	1
3080	1	1	1	0	22	693	0	1	0
3080	2	1	1	0	22	693	0	1	1
3081	1	1	1	0	22	693	0	1	0
3081	2	1	1	0	22	693	0	1	1
3082	1	1	1	0	22	807	0	1	0
3082	2	1	1	0	22	807	0	1	1
3083	1	1	1	0	24	669	0	1	0
3083	2	1	1	0	24	669	0	1	1
3084	1	1	1	0	28	749	0	1	0
3084	2	1	1	0	28	749	0	1	1
3085	1	1	1	0	28	749	0	1	0
3085	2	1	1	0	28	749	0	1	1
3086	1	1	1	0	28	749	0	1	0
3086	2	1	1	0	28	749	0	1	1
3087	1	1	1	0	28	749	0	1	0
3087	2	1	1	0	28	749	0	1	1
3088	1	1	1	0	28	749	0	1	0
3088	2	1	1	0	28	749	0	1	1
3090	1	1	1	0	28	749	0	1	0
3090	2	1	1	0	28	749	0	1	1
3091	1	1	1	0	28	749	0	1	0
3091	2	1	1	0	28	749	0	1	1
3092	1	1	1	0	28	749	0	1	0
3092	2	1	1	0	28	749	0	1	1
3093	1	1	1	0	28	749	0	1	0
3093	2	1	1	0	28	749	0	1	1
3094	1	1	1	0	28	749	0	1	0
3094	2	1	1	0	28	749	0	1	1
3095	1	1	1	0	28	749	0	1	0
3095	2	1	1	0	28	749	0	1	1
3096	1	1	1	0	28	749	0	1	0
3096	2	1	1	0	28	749	0	1	1
3097	1	1	1	0	28	749	0	1	0
3097	2	1	1	0	28	749	0	1	1
3099	1	1	1	0	28	749	0	1	0
3099	2	1	1	0	28	749	0	1	1
3100	1	1	1	0	28	749	0	1	0
3100	2	1	1	0	28	749	0	1	1
3101	1	1	1	0	28	749	0	1	0
3101	2	1	1	0	28	749	0	1	1
3102	1	1	1	0	28	749	0	1	0
3102	2	1	1	0	28	749	0	1	1
3103	1	1	1	0	28	749	0	1	0
3103	2	1	1	0	28	749	0	1	1
3104	1	1	1	0	28	749	0	1	0
3104	2	1	1	0	28	749	0	1	1
3105	1	1	1	0	28	749	0	1	0
3105	2	1	1	0	28	749	0	1	1
3106	1	1	1	0	28	749	0	1	0
3106	2	1	1	0	28	749	0	1	1
3107	1	1	1	0	28	749	0	1	0
3107	2	1	1	0	28	749	0	1	1
3109	1	1	1	0	28	749	0	1	0
3109	2	1	1	0	28	749	0	1	1
3110	1	1	1	0	28	749	0	1	0
3110	2	1	1	0	28	749	0	1	1
3111	1	1	1	0	28	749	0	1	0
3111	2	1	1	0	28	749	0	1	1
3112	1	1	1	0	28	749	0	1	0
3112	2	1	1	0	28	749	0	1	1
3113	1	1	1	0	28	1479	0	1	0
3113	2	1	1	0	28	1479	0	1	1
3114	1	1	1	0	28	749	0	1	0
3114	2	1	1	0	28	749	0	1	1
3115	1	1	1	0	28	749	0	1	0
3115	2	1	1	0	28	749	0	1	1
3116	1	1	1	0	28	749	0	1	0
3116	2	1	1	0	28	749	0	1	1
3118	1	1	1	0	28	749	0	1	0
3118	2	1	1	0	28	749	0	1	1
3119	1	1	1	0	28	749	0	1	0
3119	2	1	1	0	28	749	0	1	1
3120	1	1	1	0	28	749	0	1	0
3120	2	1	1	0	28	749	0	1	1
3121	1	1	1	0	28	749	0	1	0
3121	2	1	1	0	28	749	0	1	1
3122	1	1	1	0	28	749	0	1	0
3122	2	1	1	0	28	749	0	1	1
3123	1	1	1	0	28	749	0	1	0
3123	2	1	1	0	28	749	0	1	1
3124	1	1	1	0	28	749	0	1	0
3124	2	1	1	0	28	749	0	1	1
3125	1	1	1	0	28	749	0	1	0
3125	2	1	1	0	28	749	0	1	1
3127	1	1	1	0	28	749	0	1	0
3127	2	1	1	0	28	749	0	1	1
3128	1	1	1	0	28	749	0	1	0
3128	2	1	1	0	28	749	0	1	1
3129	1	1	1	0	28	749	0	1	0
3129	2	1	1	0	28	749	0	1	1
3130	1	1	1	0	28	749	0	1	0
3130	2	1	1	0	28	749	0	1	1
3131	1	1	1	0	28	749	0	1	0
3131	2	1	1	0	28	749	0	1	1
3132	1	1	1	0	28	749	0	1	0
3132	2	1	1	0	28	749	0	1	1
3133	1	1	1	0	28	749	0	1	0
3133	2	1	1	0	28	749	0	1	1
3134	1	1	1	0	28	749	0	1	0
3134	2	1	1	0	28	749	0	1	1
3135	1	1	1	0	28	749	0	1	0
3135	2	1	1	0	28	749	0	1	1
3137	1	1	1	0	28	749	0	1	0
3137	2	1	1	0	28	749	0	1	1
3138	1	1	1	0	28	749	0	1	0
3138	2	1	1	0	28	749	0	1	1
3139	1	1	1	0	28	749	0	1	0
3139	2	1	1	0	28	749	0	1	1
3140	1	1	1	0	28	749	0	1	0
3140	2	1	1	0	28	749	0	1	1
3141	1	1	1	0	28	749	0	1	0
3141	2	1	1	0	28	749	0	1	1
3142	1	1	1	0	28	749	0	1	0
3142	2	1	1	0	28	749	0	1	1
3143	1	1	1	0	28	749	0	1	0
3143	2	1	1	0	28	749	0	1	1
3144	1	1	1	0	28	749	0	1	0
3144	2	1	1	0	28	749	0	1	1
3146	1	1	1	0	28	749	0	1	0
3146	2	1	1	0	28	749	0	1	1
3147	1	1	1	0	28	749	0	1	0
3147	2	1	1	0	28	749	0	1	1
3148	1	1	1	0	28	749	0	1	0
3148	2	1	1	0	28	749	0	1	1
3149	1	1	1	0	28	749	0	1	0
3149	2	1	1	0	28	749	0	1	1
3150	1	1	1	0	28	749	0	1	0
3150	2	1	1	0	28	749	0	1	1
3151	1	1	1	0	28	749	0	1	0
3151	2	1	1	0	28	749	0	1	1
3152	1	1	1	0	28	749	0	1	0
3152	2	1	1	0	28	749	0	1	1
3153	1	1	1	0	28	749	0	1	0
3153	2	1	1	0	28	749	0	1	1
3155	1	1	1	0	28	749	0	1	0
3155	2	1	1	0	28	749	0	1	1
3156	1	1	1	0	28	749	0	1	0
3156	2	1	1	0	28	749	0	1	1
3157	1	1	1	0	28	749	0	1	0
3157	2	1	1	0	28	749	0	1	1
3158	1	1	1	0	28	749	0	1	0
3158	2	1	1	0	28	749	0	1	1
3159	1	1	1	0	28	749	0	1	0
3159	2	1	1	0	28	749	0	1	1
3160	1	1	1	0	28	749	0	1	0
3160	2	1	1	0	28	749	0	1	1
3161	1	1	1	0	28	749	0	1	0
3161	2	1	1	0	28	749	0	1	1
3162	1	1	1	0	28	749	0	1	0
3162	2	1	1	0	28	749	0	1	1
3163	1	1	1	0	28	749	0	1	0
3163	2	1	1	0	28	749	0	1	1
3165	1	1	1	0	28	749	0	1	0
3165	2	1	1	0	28	749	0	1	1
3166	1	1	1	0	28	749	0	1	0
3166	2	1	1	0	28	749	0	1	1
3167	1	1	1	0	28	749	0	1	0
3167	2	1	1	0	28	749	0	1	1
3168	1	1	1	0	28	749	0	1	0
3168	2	1	1	0	28	749	0	1	1
3169	1	1	1	0	28	749	0	1	0
3169	2	1	1	0	28	749	0	1	1
3170	1	1	1	0	28	749	0	1	0
3170	2	1	1	0	28	749	0	1	1
3171	1	1	1	0	28	749	0	1	0
3171	2	1	1	0	28	749	0	1	1
3172	1	1	1	0	28	749	0	1	0
3172	2	1	1	0	28	749	0	1	1
3174	1	1	1	0	28	749	0	1	0
3174	2	1	1	0	28	749	0	1	1
3175	1	1	1	0	28	749	0	1	0
3175	2	1	1	0	28	749	0	1	1
3176	1	1	1	0	28	749	0	1	0
3176	2	1	1	0	28	749	0	1	1
3177	1	1	1	0	28	749	0	1	0
3177	2	1	1	0	28	749	0	1	1
3178	1	1	1	0	28	749	0	1	0
3178	2	1	1	0	28	749	0	1	1
3179	1	1	1	0	28	749	0	1	0
3179	2	1	1	0	28	749	0	1	1
3180	1	1	1	0	28	749	0	1	0
3180	2	1	1	0	28	749	0	1	1
3181	1	1	1	0	28	749	0	1	0
3181	2	1	1	0	28	749	0	1	1
3183	1	1	1	0	28	749	0	1	0
3183	2	1	1	0	28	749	0	1	1
3184	1	1	1	0	28	749	0	1	0
3184	2	1	1	0	28	749	0	1	1
3185	1	1	1	0	28	749	0	1	0
3185	2	1	1	0	28	749	0	1	1
3186	1	1	1	0	28	749	0	1	0
3186	2	1	1	0	28	749	0	1	1
3187	1	1	1	0	28	749	0	1	0
3187	2	1	1	0	28	749	0	1	1
3188	1	1	1	0	28	749	0	1	0
3188	2	1	1	0	28	749	0	1	1
3189	1	1	1	0	28	749	0	1	0
3189	2	1	1	0	28	749	0	1	1
3190	1	1	1	0	28	749	0	1	0
3190	2	1	1	0	28	749	0	1	1
3191	1	1	1	0	28	749	0	1	0
3191	2	1	1	0	28	749	0	1	1
3193	1	1	1	0	28	749	0	1	0
3193	2	1	1	0	28	749	0	1	1
3194	1	1	1	0	28	749	0	1	0
3194	2	1	1	0	28	749	0	1	1
3195	1	1	1	0	28	749	0	1	0
3195	2	1	1	0	28	749	0	1	1
3196	1	1	1	0	28	749	0	1	0
3196	2	1	1	0	28	749	0	1	1
3197	1	1	1	0	28	749	0	1	0
3197	2	1	1	0	28	749	0	1	1
3198	1	1	1	0	28	749	0	1	0
3198	2	1	1	0	28	749	0	1	1
3199	1	1	1	0	28	749	0	1	0
3199	2	1	1	0	28	749	0	1	1
3200	1	1	1	0	28	749	0	1	0
3200	2	1	1	0	28	749	0	1	1
3202	1	1	1	0	28	749	0	1	0
3202	2	1	1	0	28	749	0	1	1
3203	1	1	1	0	28	749	0	1	0
3203	2	1	1	0	28	749	0	1	1
3204	1	1	1	0	28	749	0	1	0
3204	2	1	1	0	28	749	0	1	1
3205	1	1	1	0	28	749	0	1	0
3205	2	1	1	0	28	749	0	1	1
3206	1	1	1	0	28	749	0	1	0
3206	2	1	1	0	28	749	0	1	1
3207	1	1	1	0	28	749	0	1	0
3207	2	1	1	0	28	749	0	1	1
3208	1	1	1	0	28	749	0	1	0
3208	2	1	1	0	28	749	0	1	1
3209	1	1	1	0	28	749	0	1	0
3209	2	1	1	0	28	749	0	1	1
3211	1	1	1	0	28	749	0	1	0
3211	2	1	1	0	28	749	0	1	1
3212	1	1	1	0	28	749	0	1	0
3212	2	1	1	0	28	749	0	1	1
3213	1	1	1	0	28	749	0	1	0
3213	2	1	1	0	28	749	0	1	1
3214	1	1	1	0	28	749	0	1	0
3214	2	1	1	0	28	749	0	1	1
3215	1	1	1	0	28	749	0	1	0
3215	2	1	1	0	28	749	0	1	1
3216	1	1	1	0	28	749	0	1	0
3216	2	1	1	0	28	749	0	1	1
3217	1	1	1	0	28	749	0	1	0
3217	2	1	1	0	28	749	0	1	1
3218	1	1	1	0	28	749	0	1	0
3218	2	1	1	0	28	749	0	1	1
3219	1	1	1	0	28	749	0	1	0
3219	2	1	1	0	28	749	0	1	1
3221	1	1	1	0	28	749	0	1	0
3221	2	1	1	0	28	749	0	1	1
3222	1	1	1	0	28	749	0	1	0
3222	2	1	1	0	28	749	0	1	1
3223	1	1	1	0	28	749	0	1	0
3223	2	1	1	0	28	749	0	1	1
3224	1	1	1	0	28	749	0	1	0
3224	2	1	1	0	28	749	0	1	1
3225	1	1	1	0	28	749	0	1	0
3225	2	1	1	0	28	749	0	1	1
3226	1	1	1	0	28	749	0	1	0
3226	2	1	1	0	28	749	0	1	1
3227	1	1	1	0	28	749	0	1	0
3227	2	1	1	0	28	749	0	1	1
3228	1	1	1	0	28	749	0	1	0
3228	2	1	1	0	28	749	0	1	1
3230	1	1	1	0	28	749	0	1	0
3230	2	1	1	0	28	749	0	1	1
3231	1	1	1	0	28	749	0	1	0
3231	2	1	1	0	28	749	0	1	1
3232	1	1	1	0	28	749	0	1	0
3232	2	1	1	0	28	749	0	1	1
3233	1	1	1	0	28	749	0	1	0
3233	2	1	1	0	28	749	0	1	1
3234	1	1	1	0	28	749	0	1	0
3234	2	1	1	0	28	749	0	1	1
3235	1	1	1	0	28	749	0	1	0
3235	2	1	1	0	28	749	0	1	1
3236	1	1	1	0	28	749	0	1	0
3236	2	1	1	0	28	749	0	1	1
3237	1	1	1	0	28	749	0	1	0
3237	2	1	1	0	28	749	0	1	1
3239	1	1	1	0	14	717	0	1	0
3239	2	1	1	0	14	717	0	1	1
3240	1	1	1	0	18	749	0	1	0
3240	2	1	1	0	18	749	0	1	1
3241	1	1	1	0	18	749	0	1	0
3241	2	1	1	0	18	749	0	1	1
3242	1	1	1	0	18	749	0	1	0
3242	2	1	1	0	18	749	0	1	1
3243	1	1	1	0	18	749	0	1	0
3243	2	1	1	0	18	749	0	1	1
3244	1	1	1	0	20	693	0	1	0
3244	2	1	1	0	20	693	0	1	1
3245	1	1	1	0	20	693	0	1	0
3245	2	1	1	0	20	693	0	1	1
3246	1	1	1	0	22	807	0	1	0
3246	2	1	1	0	22	807	0	1	1
3247	1	1	1	0	22	693	0	1	0
3247	2	1	1	0	22	693	0	1	1
3248	1	1	1	0	28	185	0	1	0
3248	2	1	1	0	28	185	0	1	1
3249	1	1	1	0	24	669	0	1	0
3249	2	1	1	0	24	669	0	1	1
3250	1	1	1	0	24	807	0	1	0
3250	2	1	1	0	24	807	0	1	1
3251	1	1	1	0	24	669	0	1	0
3251	2	1	1	0	24	669	0	1	1
3252	1	1	1	0	24	807	0	1	0
3252	2	1	1	0	24	807	0	1	1
3253	1	1	1	0	24	669	0	1	0
3253	2	1	1	0	24	669	0	1	1
3254	1	1	1	0	26	749	0	1	0
3254	2	1	1	0	26	749	0	1	1
3255	1	1	1	0	26	749	0	1	0
3255	2	1	1	0	26	749	0	1	1
3256	1	1	1	0	28	749	0	1	0
3256	2	1	1	0	28	749	0	1	1
3258	1	1	1	0	28	749	0	1	0
3258	2	1	1	0	28	749	0	1	1
3259	1	1	1	0	28	749	0	1	0
3259	2	1	1	0	28	749	0	1	1
3260	1	1	1	0	28	749	0	1	0
3260	2	1	1	0	28	749	0	1	1
3261	1	1	1	0	28	749	0	1	0
3261	2	1	1	0	28	749	0	1	1
3262	1	1	1	0	28	749	0	1	0
3262	2	1	1	0	28	749	0	1	1
3263	1	1	1	0	28	749	0	1	0
3263	2	1	1	0	28	749	0	1	1
3264	1	1	1	0	28	749	0	1	0
3264	2	1	1	0	28	749	0	1	1
3265	1	1	1	0	28	749	0	1	0
3265	2	1	1	0	28	749	0	1	1
3267	1	1	1	0	28	749	0	1	0
3267	2	1	1	0	28	749	0	1	1
3268	1	1	1	0	28	749	0	1	0
3268	2	1	1	0	28	749	0	1	1
3269	1	1	1	0	28	749	0	1	0
3269	2	1	1	0	28	749	0	1	1
3270	1	1	1	0	28	749	0	1	0
3270	2	1	1	0	28	749	0	1	1
3271	1	1	1	0	28	749	0	1	0
3271	2	1	1	0	28	749	0	1	1
3272	1	1	1	0	28	749	0	1	0
3272	2	1	1	0	28	749	0	1	1
3273	1	1	1	0	28	749	0	1	0
3273	2	1	1	0	28	749	0	1	1
3274	1	1	1	0	28	749	0	1	0
3274	2	1	1	0	28	749	0	1	1
3275	1	1	1	0	28	749	0	1	0
3275	2	1	1	0	28	749	0	1	1
3277	1	1	1	0	28	749	0	1	0
3277	2	1	1	0	28	749	0	1	1
3278	1	1	1	0	26	749	0	1	0
3278	2	1	1	0	26	749	0	1	1
3279	1	1	1	0	26	749	0	1	0
3279	2	1	1	0	26	749	0	1	1
3280	1	1	1	0	26	749	0	1	0
3280	2	1	1	0	26	749	0	1	1
3281	1	1	1	0	26	749	0	1	0
3281	2	1	1	0	26	749	0	1	1
3282	1	1	1	0	24	669	0	1	0
3282	2	1	1	0	24	669	0	1	1
3283	1	1	1	0	24	807	0	1	0
3283	2	1	1	0	24	807	0	1	1
3284	1	1	1	0	24	669	0	1	0
3284	2	1	1	0	24	669	0	1	1
3285	1	1	1	0	24	133	0	1	0
3285	2	1	1	0	24	133	0	1	1
3286	1	1	1	0	24	669	0	1	0
3286	2	1	1	0	24	669	0	1	1
3287	1	1	1	0	24	807	0	1	0
3287	2	1	1	0	24	807	0	1	1
3288	1	1	1	0	22	693	0	1	0
3288	2	1	1	0	22	693	0	1	1
3289	1	1	1	0	22	693	0	1	0
3289	2	1	1	0	22	693	0	1	1
3290	1	1	1	0	22	807	0	1	0
3290	2	1	1	0	22	807	0	1	1
3291	1	1	1	0	22	693	0	1	0
3291	2	1	1	0	22	693	0	1	1
3292	1	1	1	0	22	693	0	1	0
3292	2	1	1	0	22	693	0	1	1
3293	1	1	1	0	22	807	0	1	0
3293	2	1	1	0	22	807	0	1	1
3295	1	1	1	0	20	693	0	1	0
3295	2	1	1	0	20	693	0	1	1
3296	1	1	1	0	20	693	0	1	0
3296	2	1	1	0	20	693	0	1	1
3297	1	1	1	0	20	775	0	1	0
3297	2	1	1	0	20	775	0	1	1
3298	1	1	1	0	20	693	0	1	0
3298	2	1	1	0	20	693	0	1	1
3299	1	1	1	0	20	693	0	1	0
3299	2	1	1	0	20	693	0	1	1
3300	1	1	1	0	20	775	0	1	0
3300	2	1	1	0	20	775	0	1	1
3301	1	1	1	0	20	693	0	1	0
3301	2	1	1	0	20	693	0	1	1
3302	1	1	1	0	20	693	0	1	0
3302	2	1	1	0	20	693	0	1	1
3303	1	1	1	0	20	775	0	1	0
3303	2	1	1	0	20	775	0	1	1
3305	1	1	1	0	20	693	0	1	0
3305	2	1	1	0	20	693	0	1	1
3306	1	1	1	0	20	693	0	1	0
3306	2	1	1	0	20	693	0	1	1
3307	1	1	1	0	20	775	0	1	0
3307	2	1	1	0	20	775	0	1	1
3308	1	1	1	0	20	693	0	1	0
3308	2	1	1	0	20	693	0	1	1
3309	1	1	1	0	20	693	0	1	0
3309	2	1	1	0	20	693	0	1	1
3310	1	1	1	0	22	807	0	1	0
3310	2	1	1	0	22	807	0	1	1
3311	1	1	1	0	22	693	0	1	0
3311	2	1	1	0	22	693	0	1	1
3312	1	1	1	0	22	693	0	1	0
3312	2	1	1	0	22	693	0	1	1
3313	1	1	1	0	22	113	0	1	0
3313	2	1	1	0	22	113	0	1	1
3314	1	1	1	0	24	669	0	1	0
3314	2	1	1	0	24	669	0	1	1
3315	1	1	1	0	24	807	0	1	0
3315	2	1	1	0	24	807	0	1	1
3316	1	1	1	0	24	669	0	1	0
3316	2	1	1	0	24	669	0	1	1
3317	1	1	1	0	24	807	0	1	0
3317	2	1	1	0	24	807	0	1	1
3318	1	1	1	0	24	669	0	1	0
3318	2	1	1	0	24	669	0	1	1
3319	1	1	1	0	24	807	0	1	0
3319	2	1	1	0	24	807	0	1	1
3320	1	1	1	0	24	669	0	1	0
3320	2	1	1	0	24	669	0	1	1
3321	1	1	1	0	24	807	0	1	0
3321	2	1	1	0	24	807	0	1	1
3323	1	1	1	0	24	669	0	1	0
3323	2	1	1	0	24	669	0	1	1
3324	1	1	1	0	22	807	0	1	0
3324	2	1	1	0	22	807	0	1	1
3325	1	1	1	0	22	693	0	1	0
3325	2	1	1	0	22	693	0	1	1
3326	1	1	1	0	22	693	0	1	0
3326	2	1	1	0	22	693	0	1	1
3327	1	1	1	0	22	807	0	1	0
3327	2	1	1	0	22	807	0	1	1
3328	1	1	1	0	20	1191	0	1	0
3328	2	1	1	0	20	1191	0	1	1
3329	1	1	1	0	20	1191	0	1	0
3329	2	1	1	0	20	1191	0	1	1
3330	1	1	1	0	20	1191	0	1	0
3330	2	1	1	0	20	1191	0	1	1
3331	1	1	1	0	20	775	0	1	0
3331	2	1	1	0	20	775	0	1	1
3332	1	1	1	0	28	185	0	1	0
3332	2	1	1	0	28	185	0	1	1
3333	1	1	1	0	20	693	0	1	0
3333	2	1	1	0	20	693	0	1	1
3334	1	1	1	0	18	749	0	1	0
3334	2	1	1	0	18	749	0	1	1
3335	1	1	1	0	18	749	0	1	0
3335	2	1	1	0	18	749	0	1	1
3336	1	1	1	0	18	749	0	1	0
3336	2	1	1	0	18	749	0	1	1
3337	1	1	1	0	18	749	0	1	0
3337	2	1	1	0	18	749	0	1	1
3338	1	1	1	0	20	693	0	1	0
3338	2	1	1	0	20	693	0	1	1
3339	1	1	1	0	20	693	0	1	0
3339	2	1	1	0	20	693	0	1	1
3340	1	1	1	0	20	775	0	1	0
3340	2	1	1	0	20	775	0	1	1
3342	1	1	1	0	22	693	0	1	0
3342	2	1	1	0	22	693	0	1	1
3343	1	1	1	0	22	693	0	1	0
3343	2	1	1	0	22	693	0	1	1
3344	1	1	1	0	22	1383	0	1	0
3344	2	1	1	0	22	1383	0	1	1
3345	1	1	1	0	22	1383	0	1	0
3345	2	1	1	0	22	1383	0	1	1
3346	1	1	1	0	24	1620	0	1	0
3346	2	1	1	0	24	1620	0	1	1
3347	1	1	1	0	24	1479	0	1	0
3347	2	1	1	0	24	1479	0	1	1
3348	1	1	1	0	24	807	0	1	0
3348	2	1	1	0	24	807	0	1	1
3349	1	1	1	0	24	669	0	1	0
3349	2	1	1	0	24	669	0	1	1
3350	1	1	1	0	28	185	0	1	0
3350	2	1	1	0	28	185	0	1	1
3351	1	1	1	0	26	749	0	1	0
3351	2	1	1	0	26	749	0	1	1
3352	1	1	1	0	28	749	0	1	0
3352	2	1	1	0	28	749	0	1	1
3353	1	1	1	0	28	749	0	1	0
3353	2	1	1	0	28	749	0	1	1
3354	1	1	1	0	28	749	0	1	0
3354	2	1	1	0	28	749	0	1	1
3355	1	1	1	0	28	749	0	1	0
3355	2	1	1	0	28	749	0	1	1
3356	1	1	1	0	28	749	0	1	0
3356	2	1	1	0	28	749	0	1	1
3357	1	1	1	0	28	749	0	1	0
3357	2	1	1	0	28	749	0	1	1
3358	1	1	1	0	28	749	0	1	0
3358	2	1	1	0	28	749	0	1	1
3359	1	1	1	0	28	749	0	1	0
3359	2	1	1	0	28	749	0	1	1
3360	1	1	1	0	26	1836	0	1	0
3360	2	1	1	0	26	1836	0	1	1
3361	1	1	1	0	28	1836	0	1	0
3361	2	1	1	0	28	1836	0	1	1
3362	1	1	1	0	28	749	0	1	0
3362	2	1	1	0	28	749	0	1	1
3363	1	1	1	0	28	749	0	1	0
3363	2	1	1	0	28	749	0	1	1
3364	1	1	1	0	28	749	0	1	0
3364	2	1	1	0	28	749	0	1	1
3365	1	1	1	0	28	749	0	1	0
3365	2	1	1	0	28	749	0	1	1
3366	1	1	1	0	28	749	0	1	0
3366	2	1	1	0	28	749	0	1	1
3367	1	1	1	0	28	749	0	1	0
3367	2	1	1	0	28	749	0	1	1
3368	1	1	1	0	28	749	0	1	0
3368	2	1	1	0	28	749	0	1	1
3370	1	1	1	0	28	749	0	1	0
3370	2	1	1	0	28	749	0	1	1
3371	1	1	1	0	28	749	0	1	0
3371	2	1	1	0	28	749	0	1	1
3372	1	1	1	0	28	749	0	1	0
3372	2	1	1	0	28	749	0	1	1
3373	1	1	1	0	28	749	0	1	0
3373	2	1	1	0	28	749	0	1	1
3374	1	1	1	0	28	749	0	1	0
3374	2	1	1	0	28	749	0	1	1
3375	1	1	1	0	28	2196	0	1	0
3375	2	1	1	0	28	2196	0	1	1
3376	1	1	1	0	28	2052	0	1	0
3376	2	1	1	0	28	2052	0	1	1
3377	1	1	1	0	28	935	0	1	0
3377	2	1	1	0	28	935	0	1	1
3379	1	1	1	0	28	749	0	1	0
3379	2	1	1	0	28	749	0	1	1
3380	1	1	1	0	28	749	0	1	0
3380	2	1	1	0	28	749	0	1	1
3381	1	1	1	0	28	749	0	1	0
3381	2	1	1	0	28	749	0	1	1
3382	1	1	1	0	28	749	0	1	0
3382	2	1	1	0	28	749	0	1	1
3383	1	1	1	0	28	749	0	1	0
3383	2	1	1	0	28	749	0	1	1
3384	1	1	1	0	28	749	0	1	0
3384	2	1	1	0	28	749	0	1	1
3385	1	1	1	0	28	749	0	1	0
3385	2	1	1	0	28	749	0	1	1
3386	1	1	1	0	28	749	0	1	0
3386	2	1	1	0	28	749	0	1	1
3387	1	1	1	0	28	749	0	1	0
3387	2	1	1	0	28	749	0	1	1
3389	1	1	1	0	28	749	0	1	0
3389	2	1	1	0	28	749	0	1	1
3390	1	1	1	0	28	749	0	1	0
3390	2	1	1	0	28	749	0	1	1
3391	1	1	1	0	28	2196	0	1	0
3391	2	1	1	0	28	2196	0	1	1
3392	1	1	1	0	28	2196	0	1	0
3392	2	1	1	0	28	2196	0	1	1
3393	1	1	1	0	28	1479	0	1	0
3393	2	1	1	0	28	1479	0	1	1
3394	1	1	1	0	28	749	0	1	0
3394	2	1	1	0	28	749	0	1	1
3395	1	1	1	0	28	749	0	1	0
3395	2	1	1	0	28	749	0	1	1
3396	1	1	1	0	28	749	0	1	0
3396	2	1	1	0	28	749	0	1	1
3398	1	1	1	0	28	749	0	1	0
3398	2	1	1	0	28	749	0	1	1
3399	1	1	1	0	28	749	0	1	0
3399	2	1	1	0	28	749	0	1	1
3400	1	1	1	0	28	749	0	1	0
3400	2	1	1	0	28	749	0	1	1
3401	1	1	1	0	28	749	0	1	0
3401	2	1	1	0	28	749	0	1	1
3402	1	1	1	0	28	749	0	1	0
3402	2	1	1	0	28	749	0	1	1
3403	1	1	1	0	28	749	0	1	0
3403	2	1	1	0	28	749	0	1	1
3404	1	1	1	0	28	749	0	1	0
3404	2	1	1	0	28	749	0	1	1
3405	1	1	1	0	28	749	0	1	0
3405	2	1	1	0	28	749	0	1	1
3407	1	1	1	0	28	2196	0	1	0
3407	2	1	1	0	28	2196	0	1	1
3408	1	1	1	0	28	2052	0	1	0
3408	2	1	1	0	28	2052	0	1	1
3409	1	1	1	0	28	935	0	1	0
3409	2	1	1	0	28	935	0	1	1
3410	1	1	1	0	28	749	0	1	0
3410	2	1	1	0	28	749	0	1	1
3411	1	1	1	0	28	749	0	1	0
3411	2	1	1	0	28	749	0	1	1
3412	1	1	1	0	28	749	0	1	0
3412	2	1	1	0	28	749	0	1	1
3413	1	1	1	0	28	749	0	1	0
3413	2	1	1	0	28	749	0	1	1
3414	1	1	1	0	28	749	0	1	0
3414	2	1	1	0	28	749	0	1	1
3415	1	1	1	0	28	749	0	1	0
3415	2	1	1	0	28	749	0	1	1
3417	1	1	1	0	26	749	0	1	0
3417	2	1	1	0	26	749	0	1	1
3418	1	1	1	0	26	749	0	1	0
3418	2	1	1	0	26	749	0	1	1
3419	1	1	1	0	26	749	0	1	0
3419	2	1	1	0	26	749	0	1	1
3420	1	1	1	0	26	749	0	1	0
3420	2	1	1	0	26	749	0	1	1
3421	1	1	1	0	26	749	0	1	0
3421	2	1	1	0	26	749	0	1	1
3422	1	1	1	0	24	1620	0	1	0
3422	2	1	1	0	24	1620	0	1	1
3423	1	1	1	0	24	1620	0	1	0
3423	2	1	1	0	24	1620	0	1	1
3424	1	1	1	0	24	1620	0	1	0
3424	2	1	1	0	24	1620	0	1	1
3425	1	1	1	0	24	1063	0	1	0
3425	2	1	1	0	24	1063	0	1	1
3426	1	1	1	0	24	669	0	1	0
3426	2	1	1	0	24	669	0	1	1
3427	1	1	1	0	24	807	0	1	0
3427	2	1	1	0	24	807	0	1	1
3428	1	1	1	0	24	669	0	1	0
3428	2	1	1	0	24	669	0	1	1
3429	1	1	1	0	24	807	0	1	0
3429	2	1	1	0	24	807	0	1	1
3430	1	1	1	0	22	693	0	1	0
3430	2	1	1	0	22	693	0	1	1
3431	1	1	1	0	22	693	0	1	0
3431	2	1	1	0	22	693	0	1	1
3432	1	1	1	0	22	807	0	1	0
3432	2	1	1	0	22	807	0	1	1
3433	1	1	1	0	22	693	0	1	0
3433	2	1	1	0	22	693	0	1	1
3434	1	1	1	0	28	185	0	1	0
3434	2	1	1	0	28	185	0	1	1
3435	1	1	1	0	22	693	0	1	0
3435	2	1	1	0	22	693	0	1	1
3436	1	1	1	0	22	693	0	1	0
3436	2	1	1	0	22	693	0	1	1
3437	1	1	1	0	22	1383	0	1	0
3437	2	1	1	0	22	1383	0	1	1
3438	1	1	1	0	22	1383	0	1	0
3438	2	1	1	0	22	1383	0	1	1
3439	1	1	1	0	22	1383	0	1	0
3439	2	1	1	0	22	1383	0	1	1
3440	1	1	1	0	24	1620	0	1	0
3440	2	1	1	0	24	1620	0	1	1
3441	1	1	1	0	24	1620	0	1	0
3441	2	1	1	0	24	1620	0	1	1
3442	1	1	1	0	24	669	0	1	0
3442	2	1	1	0	24	669	0	1	1
3443	1	1	1	0	24	807	0	1	0
3443	2	1	1	0	24	807	0	1	1
3445	1	1	1	0	24	669	0	1	0
3445	2	1	1	0	24	669	0	1	1
3446	1	1	1	0	24	807	0	1	0
3446	2	1	1	0	24	807	0	1	1
3447	1	1	1	0	24	669	0	1	0
3447	2	1	1	0	24	669	0	1	1
3448	1	1	1	0	28	749	0	1	0
3448	2	1	1	0	28	749	0	1	1
3449	1	1	1	0	28	749	0	1	0
3449	2	1	1	0	28	749	0	1	1
3450	1	1	1	0	28	749	0	1	0
3450	2	1	1	0	28	749	0	1	1
3451	1	1	1	0	28	749	0	1	0
3451	2	1	1	0	28	749	0	1	1
3452	1	1	1	0	28	749	0	1	0
3452	2	1	1	0	28	749	0	1	1
3453	1	1	1	0	28	2196	0	1	0
3453	2	1	1	0	28	2196	0	1	1
3454	1	1	1	0	28	2196	0	1	0
3454	2	1	1	0	28	2196	0	1	1
3455	1	1	1	0	28	749	0	1	0
3455	2	1	1	0	28	749	0	1	1
3456	1	1	1	0	28	749	0	1	0
3456	2	1	1	0	28	749	0	1	1
3457	1	1	1	0	28	749	0	1	0
3457	2	1	1	0	28	749	0	1	1
3458	1	1	1	0	28	749	0	1	0
3458	2	1	1	0	28	749	0	1	1
3459	1	1	1	0	28	749	0	1	0
3459	2	1	1	0	28	749	0	1	1
3460	1	1	1	0	28	749	0	1	0
3460	2	1	1	0	28	749	0	1	1
3461	1	1	1	0	28	749	0	1	0
3461	2	1	1	0	28	749	0	1	1
3463	1	1	1	0	28	749	0	1	0
3463	2	1	1	0	28	749	0	1	1
3464	1	1	1	0	28	749	0	1	0
3464	2	1	1	0	28	749	0	1	1
3465	1	1	1	0	28	749	0	1	0
3465	2	1	1	0	28	749	0	1	1
3466	1	1	1	0	28	749	0	1	0
3466	2	1	1	0	28	749	0	1	1
3467	1	1	1	0	28	749	0	1	0
3467	2	1	1	0	28	749	0	1	1
3468	1	1	1	0	28	2196	0	1	0
3468	2	1	1	0	28	2196	0	1	1
3469	1	1	1	0	28	2196	0	1	0
3469	2	1	1	0	28	2196	0	1	1
3470	1	1	1	0	28	1479	0	1	0
3470	2	1	1	0	28	1479	0	1	1
3471	1	1	1	0	28	749	0	1	0
3471	2	1	1	0	28	749	0	1	1
3472	1	1	1	0	28	185	0	1	0
3472	2	1	1	0	28	185	0	1	1
3473	1	1	1	0	28	749	0	1	0
3473	2	1	1	0	28	749	0	1	1
3474	1	1	1	0	28	749	0	1	0
3474	2	1	1	0	28	749	0	1	1
3475	1	1	1	0	28	749	0	1	0
3475	2	1	1	0	28	749	0	1	1
3476	1	1	1	0	28	749	0	1	0
3476	2	1	1	0	28	749	0	1	1
3477	1	1	1	0	28	749	0	1	0
3477	2	1	1	0	28	749	0	1	1
3478	1	1	1	0	28	749	0	1	0
3478	2	1	1	0	28	749	0	1	1
3479	1	1	1	0	28	749	0	1	0
3479	2	1	1	0	28	749	0	1	1
3480	1	1	1	0	28	749	0	1	0
3480	2	1	1	0	28	749	0	1	1
3482	1	1	1	0	28	749	0	1	0
3482	2	1	1	0	28	749	0	1	1
3483	1	1	1	0	28	2196	0	1	0
3483	2	1	1	0	28	2196	0	1	1
3484	1	1	1	0	28	1479	0	1	0
3484	2	1	1	0	28	1479	0	1	1
3485	1	1	1	0	28	749	0	1	0
3485	2	1	1	0	28	749	0	1	1
3486	1	1	1	0	28	749	0	1	0
3486	2	1	1	0	28	749	0	1	1
3487	1	1	1	0	28	749	0	1	0
3487	2	1	1	0	28	749	0	1	1
3488	1	1	1	0	28	749	0	1	0
3488	2	1	1	0	28	749	0	1	1
3489	1	1	1	0	28	749	0	1	0
3489	2	1	1	0	28	749	0	1	1
3491	1	1	1	0	28	749	0	1	0
3491	2	1	1	0	28	749	0	1	1
3492	1	1	1	0	28	749	0	1	0
3492	2	1	1	0	28	749	0	1	1
3493	1	1	1	0	28	749	0	1	0
3493	2	1	1	0	28	749	0	1	1
3494	1	1	1	0	28	749	0	1	0
3494	2	1	1	0	28	749	0	1	1
3495	1	1	1	0	28	749	0	1	0
3495	2	1	1	0	28	749	0	1	1
3496	1	1	1	0	28	749	0	1	0
3496	2	1	1	0	28	749	0	1	1
3497	1	1	1	0	28	749	0	1	0
3497	2	1	1	0	28	749	0	1	1
3498	1	1	1	0	26	1836	0	1	0
3498	2	1	1	0	26	1836	0	1	1
3499	1	1	1	0	28	1692	0	1	0
3499	2	1	1	0	28	1692	0	1	1
3500	1	1	1	0	28	185	0	1	0
3500	2	1	1	0	28	185	0	1	1
3501	1	1	1	0	28	749	0	1	0
3501	2	1	1	0	28	749	0	1	1
3502	1	1	1	0	28	749	0	1	0
3502	2	1	1	0	28	749	0	1	1
3503	1	1	1	0	28	749	0	1	0
3503	2	1	1	0	28	749	0	1	1
3504	1	1	1	0	28	749	0	1	0
3504	2	1	1	0	28	749	0	1	1
3505	1	1	1	0	28	749	0	1	0
3505	2	1	1	0	28	749	0	1	1
3506	1	1	1	0	28	749	0	1	0
3506	2	1	1	0	28	749	0	1	1
3507	1	1	1	0	28	749	0	1	0
3507	2	1	1	0	28	749	0	1	1
3508	1	1	1	0	28	749	0	1	0
3508	2	1	1	0	28	749	0	1	1
3510	1	1	1	0	28	749	0	1	0
3510	2	1	1	0	28	749	0	1	1
3511	1	1	1	0	28	749	0	1	0
3511	2	1	1	0	28	749	0	1	1
3512	1	1	1	0	28	749	0	1	0
3512	2	1	1	0	28	749	0	1	1
3513	1	1	1	0	28	2196	0	1	0
3513	2	1	1	0	28	2196	0	1	1
3514	1	1	1	0	28	1479	0	1	0
3514	2	1	1	0	28	1479	0	1	1
3515	1	1	1	0	28	749	0	1	0
3515	2	1	1	0	28	749	0	1	1
3516	1	1	1	0	28	749	0	1	0
3516	2	1	1	0	28	749	0	1	1
3517	1	1	1	0	28	749	0	1	0
3517	2	1	1	0	28	749	0	1	1
3519	1	1	1	0	28	749	0	1	0
3519	2	1	1	0	28	749	0	1	1
3520	1	1	1	0	28	749	0	1	0
3520	2	1	1	0	28	749	0	1	1
3521	1	1	1	0	28	749	0	1	0
3521	2	1	1	0	28	749	0	1	1
3522	1	1	1	0	28	749	0	1	0
3522	2	1	1	0	28	749	0	1	1
3523	1	1	1	0	28	749	0	1	0
3523	2	1	1	0	28	749	0	1	1
3524	1	1	1	0	28	749	0	1	0
3524	2	1	1	0	28	749	0	1	1
3525	1	1	1	0	28	749	0	1	0
3525	2	1	1	0	28	749	0	1	1
3526	1	1	1	0	28	749	0	1	0
3526	2	1	1	0	28	749	0	1	1
3527	1	1	1	0	28	749	0	1	0
3527	2	1	1	0	28	749	0	1	1
3528	1	1	1	0	28	2196	0	1	0
3528	2	1	1	0	28	2196	0	1	1
3529	1	1	1	0	28	1479	0	1	0
3529	2	1	1	0	28	1479	0	1	1
3530	1	1	1	0	28	749	0	1	0
3530	2	1	1	0	28	749	0	1	1
3531	1	1	1	0	28	749	0	1	0
3531	2	1	1	0	28	749	0	1	1
3532	1	1	1	0	28	749	0	1	0
3532	2	1	1	0	28	749	0	1	1
3533	1	1	1	0	28	749	0	1	0
3533	2	1	1	0	28	749	0	1	1
3534	1	1	1	0	28	749	0	1	0
3534	2	1	1	0	28	749	0	1	1
3535	1	1	1	0	28	749	0	1	0
3535	2	1	1	0	28	749	0	1	1
3536	1	1	1	0	28	749	0	1	0
3536	2	1	1	0	28	749	0	1	1
3538	1	1	1	0	28	749	0	1	0
3538	2	1	1	0	28	749	0	1	1
3539	1	1	1	0	28	749	0	1	0
3539	2	1	1	0	28	749	0	1	1
3540	1	1	1	0	28	749	0	1	0
3540	2	1	1	0	28	749	0	1	1
3541	1	1	1	0	28	749	0	1	0
3541	2	1	1	0	28	749	0	1	1
3542	1	1	1	0	28	749	0	1	0
3542	2	1	1	0	28	749	0	1	1
3543	1	1	1	0	28	2196	0	1	0
3543	2	1	1	0	28	2196	0	1	1
3544	1	1	1	0	28	2052	0	1	0
3544	2	1	1	0	28	2052	0	1	1
3545	1	1	1	0	28	935	0	1	0
3545	2	1	1	0	28	935	0	1	1
3547	1	1	1	0	28	749	0	1	0
3547	2	1	1	0	28	749	0	1	1
3548	1	1	1	0	28	749	0	1	0
3548	2	1	1	0	28	749	0	1	1
3549	1	1	1	0	28	749	0	1	0
3549	2	1	1	0	28	749	0	1	1
3550	1	1	1	0	28	749	0	1	0
3550	2	1	1	0	28	749	0	1	1
3551	1	1	1	0	28	749	0	1	0
3551	2	1	1	0	28	749	0	1	1
3552	1	1	1	0	28	749	0	1	0
3552	2	1	1	0	28	749	0	1	1
3553	1	1	1	0	28	749	0	1	0
3553	2	1	1	0	28	749	0	1	1
3554	1	1	1	0	28	749	0	1	0
3554	2	1	1	0	28	749	0	1	1
3555	1	1	1	0	28	749	0	1	0
3555	2	1	1	0	28	749	0	1	1
3557	1	1	1	0	28	749	0	1	0
3557	2	1	1	0	28	749	0	1	1
3558	1	1	1	0	28	749	0	1	0
3558	2	1	1	0	28	749	0	1	1
3559	1	1	1	0	28	2196	0	1	0
3559	2	1	1	0	28	2196	0	1	1
3560	1	1	1	0	28	2196	0	1	0
3560	2	1	1	0	28	2196	0	1	1
3561	1	1	1	0	28	1479	0	1	0
3561	2	1	1	0	28	1479	0	1	1
3562	1	1	1	0	28	749	0	1	0
3562	2	1	1	0	28	749	0	1	1
3563	1	1	1	0	28	749	0	1	0
3563	2	1	1	0	28	749	0	1	1
3564	1	1	1	0	28	749	0	1	0
3564	2	1	1	0	28	749	0	1	1
3566	1	1	1	0	28	749	0	1	0
3566	2	1	1	0	28	749	0	1	1
3567	1	1	1	0	28	749	0	1	0
3567	2	1	1	0	28	749	0	1	1
3568	1	1	1	0	28	749	0	1	0
3568	2	1	1	0	28	749	0	1	1
3569	1	1	1	0	28	749	0	1	0
3569	2	1	1	0	28	749	0	1	1
3570	1	1	1	0	28	749	0	1	0
3570	2	1	1	0	28	749	0	1	1
3571	1	1	1	0	28	749	0	1	0
3571	2	1	1	0	28	749	0	1	1
3572	1	1	1	0	28	749	0	1	0
3572	2	1	1	0	28	749	0	1	1
3573	1	1	1	0	28	749	0	1	0
3573	2	1	1	0	28	749	0	1	1
3575	1	1	1	0	28	2196	0	1	0
3575	2	1	1	0	28	2196	0	1	1
3576	1	1	1	0	28	2052	0	1	0
3576	2	1	1	0	28	2052	0	1	1
3577	1	1	1	0	28	935	0	1	0
3577	2	1	1	0	28	935	0	1	1
3578	1	1	1	0	28	749	0	1	0
3578	2	1	1	0	28	749	0	1	1
3579	1	1	1	0	28	749	0	1	0
3579	2	1	1	0	28	749	0	1	1
3580	1	1	1	0	28	749	0	1	0
3580	2	1	1	0	28	749	0	1	1
3581	1	1	1	0	28	749	0	1	0
3581	2	1	1	0	28	749	0	1	1
3582	1	1	1	0	28	749	0	1	0
3582	2	1	1	0	28	749	0	1	1
3583	1	1	1	0	28	749	0	1	0
3583	2	1	1	0	28	749	0	1	1
3585	1	1	1	0	28	749	0	1	0
3585	2	1	1	0	28	749	0	1	1
3586	1	1	1	0	28	749	0	1	0
3586	2	1	1	0	28	749	0	1	1
3587	1	1	1	0	28	749	0	1	0
3587	2	1	1	0	28	749	0	1	1
3588	1	1	1	0	28	749	0	1	0
3588	2	1	1	0	28	749	0	1	1
3589	1	1	1	0	28	749	0	1	0
3589	2	1	1	0	28	749	0	1	1
3590	1	1	1	0	28	2196	0	1	0
3590	2	1	1	0	28	2196	0	1	1
3591	1	1	1	0	28	2196	0	1	0
3591	2	1	1	0	28	2196	0	1	1
3592	1	1	1	0	28	1479	0	1	0
3592	2	1	1	0	28	1479	0	1	1
3593	1	1	1	0	28	185	0	1	0
3593	2	1	1	0	28	185	0	1	1
3594	1	1	1	0	28	749	0	1	0
3594	2	1	1	0	28	749	0	1	1
3595	1	1	1	0	28	749	0	1	0
3595	2	1	1	0	28	749	0	1	1
3596	1	1	1	0	28	749	0	1	0
3596	2	1	1	0	28	749	0	1	1
3597	1	1	1	0	28	749	0	1	0
3597	2	1	1	0	28	749	0	1	1
3598	1	1	1	0	28	749	0	1	0
3598	2	1	1	0	28	749	0	1	1
3599	1	1	1	0	28	749	0	1	0
3599	2	1	1	0	28	749	0	1	1
3600	1	1	1	0	28	749	0	1	0
3600	2	1	1	0	28	749	0	1	1
3601	1	1	1	0	28	749	0	1	0
3601	2	1	1	0	28	749	0	1	1
3603	1	1	1	0	28	749	0	1	0
3603	2	1	1	0	28	749	0	1	1
3604	1	1	1	0	28	749	0	1	0
3604	2	1	1	0	28	749	0	1	1
3605	1	1	1	0	28	2196	0	1	0
3605	2	1	1	0	28	2196	0	1	1
3606	1	1	1	0	28	2196	0	1	0
3606	2	1	1	0	28	2196	0	1	1
3607	1	1	1	0	28	1479	0	1	0
3607	2	1	1	0	28	1479	0	1	1
3608	1	1	1	0	28	749	0	1	0
3608	2	1	1	0	28	749	0	1	1
3609	1	1	1	0	28	749	0	1	0
3609	2	1	1	0	28	749	0	1	1
3610	1	1	1	0	28	749	0	1	0
3610	2	1	1	0	28	749	0	1	1
3611	1	1	1	0	28	749	0	1	0
3611	2	1	1	0	28	749	0	1	1
3613	1	1	1	0	28	749	0	1	0
3613	2	1	1	0	28	749	0	1	1
3614	1	1	1	0	28	749	0	1	0
3614	2	1	1	0	28	749	0	1	1
3615	1	1	1	0	28	749	0	1	0
3615	2	1	1	0	28	749	0	1	1
3616	1	1	1	0	28	749	0	1	0
3616	2	1	1	0	28	749	0	1	1
3617	1	1	1	0	28	749	0	1	0
3617	2	1	1	0	28	749	0	1	1
3618	1	1	1	0	28	749	0	1	0
3618	2	1	1	0	28	749	0	1	1
3619	1	1	1	0	28	749	0	1	0
3619	2	1	1	0	28	749	0	1	1
3620	1	1	1	0	28	749	0	1	0
3620	2	1	1	0	28	749	0	1	1
3621	1	1	1	0	28	2196	0	1	0
3621	2	1	1	0	28	2196	0	1	1
3622	1	1	1	0	28	2196	0	1	0
3622	2	1	1	0	28	2196	0	1	1
3623	1	1	1	0	28	749	0	1	0
3623	2	1	1	0	28	749	0	1	1
3624	1	1	1	0	28	749	0	1	0
3624	2	1	1	0	28	749	0	1	1
3625	1	1	1	0	28	749	0	1	0
3625	2	1	1	0	28	749	0	1	1
3626	1	1	1	0	28	749	0	1	0
3626	2	1	1	0	28	749	0	1	1
3627	1	1	1	0	28	749	0	1	0
3627	2	1	1	0	28	749	0	1	1
3628	1	1	1	0	28	749	0	1	0
3628	2	1	1	0	28	749	0	1	1
3629	1	1	1	0	28	749	0	1	0
3629	2	1	1	0	28	749	0	1	1
3631	1	1	1	0	28	749	0	1	0
3631	2	1	1	0	28	749	0	1	1
3632	1	1	1	0	28	749	0	1	0
3632	2	1	1	0	28	749	0	1	1
3633	1	1	1	0	28	749	0	1	0
3633	2	1	1	0	28	749	0	1	1
3634	1	1	1	0	28	749	0	1	0
3634	2	1	1	0	28	749	0	1	1
3635	1	1	1	0	28	749	0	1	0
3635	2	1	1	0	28	749	0	1	1
3636	1	1	1	0	28	2196	0	1	0
3636	2	1	1	0	28	2196	0	1	1
3637	1	1	1	0	28	2196	0	1	0
3637	2	1	1	0	28	2196	0	1	1
3638	1	1	1	0	28	1479	0	1	0
3638	2	1	1	0	28	1479	0	1	1
3639	1	1	1	0	28	749	0	1	0
3639	2	1	1	0	28	749	0	1	1
3640	1	1	1	0	28	185	0	1	0
3640	2	1	1	0	28	185	0	1	1
3641	1	1	1	0	28	749	0	1	0
3641	2	1	1	0	28	749	0	1	1
3642	1	1	1	0	28	749	0	1	0
3642	2	1	1	0	28	749	0	1	1
3643	1	1	1	0	28	749	0	1	0
3643	2	1	1	0	28	749	0	1	1
3644	1	1	1	0	28	749	0	1	0
3644	2	1	1	0	28	749	0	1	1
3645	1	1	1	0	28	749	0	1	0
3645	2	1	1	0	28	749	0	1	1
3646	1	1	1	0	28	749	0	1	0
3646	2	1	1	0	28	749	0	1	1
3647	1	1	1	0	28	749	0	1	0
3647	2	1	1	0	28	749	0	1	1
3648	1	1	1	0	28	749	0	1	0
3648	2	1	1	0	28	749	0	1	1
3650	1	1	1	0	28	749	0	1	0
3650	2	1	1	0	28	749	0	1	1
3651	1	1	1	0	28	2196	0	1	0
3651	2	1	1	0	28	2196	0	1	1
3652	1	1	1	0	28	1479	0	1	0
3652	2	1	1	0	28	1479	0	1	1
3653	1	1	1	0	28	749	0	1	0
3653	2	1	1	0	28	749	0	1	1
3654	1	1	1	0	28	749	0	1	0
3654	2	1	1	0	28	749	0	1	1
3655	1	1	1	0	28	749	0	1	0
3655	2	1	1	0	28	749	0	1	1
3656	1	1	1	0	28	749	0	1	0
3656	2	1	1	0	28	749	0	1	1
3657	1	1	1	0	28	749	0	1	0
3657	2	1	1	0	28	749	0	1	1
3659	1	1	1	0	28	749	0	1	0
3659	2	1	1	0	28	749	0	1	1
3660	1	1	1	0	28	749	0	1	0
3660	2	1	1	0	28	749	0	1	1
3661	1	1	1	0	28	749	0	1	0
3661	2	1	1	0	28	749	0	1	1
3662	1	1	1	0	28	749	0	1	0
3662	2	1	1	0	28	749	0	1	1
3663	1	1	1	0	28	749	0	1	0
3663	2	1	1	0	28	749	0	1	1
3664	1	1	1	0	28	749	0	1	0
3664	2	1	1	0	28	749	0	1	1
3665	1	1	1	0	28	749	0	1	0
3665	2	1	1	0	28	749	0	1	1
3666	1	1	1	0	26	1836	0	1	0
3666	2	1	1	0	26	1836	0	1	1
3667	1	1	1	0	26	1692	0	1	0
3667	2	1	1	0	26	1692	0	1	1
3668	1	1	1	0	28	185	0	1	0
3668	2	1	1	0	28	185	0	1	1
3669	1	1	1	0	22	693	0	1	0
3669	2	1	1	0	22	693	0	1	1
3670	1	1	1	0	20	693	0	1	0
3670	2	1	1	0	20	693	0	1	1
3671	1	1	1	0	28	749	1	0	0
3671	2	1	1	0	28	749	1	0	1
3672	1	1	1	0	28	749	1	0	0
3672	2	1	1	0	28	749	1	0	1
3673	1	1	1	0	14	775	0	1	0
3673	2	1	1	0	14	775	0	1	1
3674	1	1	1	0	8	421	0	1	0
3674	2	1	1	0	8	421	0	1	1
3675	1	1	1	0	8	421	0	1	0
3675	2	1	1	0	8	421	0	1	1
3676	1	1	1	0	12	597	0	1	0
3676	2	1	1	0	12	597	0	1	1
3677	1	1	1	0	12	597	0	1	0
3677	2	1	1	0	12	597	0	1	1
3678	1	1	1	0	16	903	0	1	0
3678	2	1	1	0	16	903	0	1	1
3679	1	1	1	0	16	903	0	1	0
3679	2	1	1	0	16	903	0	1	1
3680	1	1	1	0	20	1191	0	1	0
3680	2	1	1	0	20	1191	0	1	1
3681	1	1	1	0	20	1191	0	1	0
3681	2	1	1	0	20	1191	0	1	1
3682	1	1	1	0	20	903	0	1	0
3682	2	1	1	0	20	903	0	1	1
3683	1	1	1	0	20	693	0	1	0
3683	2	1	1	0	20	693	0	1	1
3684	1	1	1	0	28	749	0	1	0
3684	2	1	1	0	28	749	0	1	1
3685	1	1	1	0	28	749	0	1	0
3685	2	1	1	0	28	749	0	1	1
3686	1	1	1	0	28	185	0	1	0
3686	2	1	1	0	28	185	0	1	1
3687	1	1	1	0	24	1620	0	1	0
3687	2	1	1	0	24	1620	0	1	1
3688	1	1	1	0	24	1620	0	1	0
3688	2	1	1	0	24	1620	0	1	1
3689	1	1	1	0	24	1063	0	1	0
3689	2	1	1	0	24	1063	0	1	1
3690	1	1	1	0	28	749	0	1	0
3690	2	1	1	0	28	749	0	1	1
3691	1	1	1	0	28	749	0	1	0
3691	2	1	1	0	28	749	0	1	1
3692	1	1	1	0	28	749	0	1	0
3692	2	1	1	0	28	749	0	1	1
3693	1	1	1	0	28	749	0	1	0
3693	2	1	1	0	28	749	0	1	1
3694	1	1	1	0	28	749	0	1	0
3694	2	1	1	0	28	749	0	1	1
3695	1	1	1	0	28	749	0	1	0
3695	2	1	1	0	28	749	0	1	1
3697	1	1	1	0	28	749	0	1	0
3697	2	1	1	0	28	749	0	1	1
3698	1	1	1	0	28	749	0	1	0
3698	2	1	1	0	28	749	0	1	1
3699	1	1	1	0	28	749	0	1	0
3699	2	1	1	0	28	749	0	1	1
3700	1	1	1	0	28	749	0	1	0
3700	2	1	1	0	28	749	0	1	1
3701	1	1	1	0	28	749	0	1	0
3701	2	1	1	0	28	749	0	1	1
3702	1	1	1	0	26	1836	0	1	0
3702	2	1	1	0	26	1836	0	1	1
3703	1	1	1	0	26	1836	0	1	0
3703	2	1	1	0	26	1836	0	1	1
3704	1	1	1	0	26	1383	0	1	0
3704	2	1	1	0	26	1383	0	1	1
3705	1	1	1	0	28	185	0	1	0
3705	2	1	1	0	28	185	0	1	1
3706	1	1	1	0	28	749	0	1	0
3706	2	1	1	0	28	749	0	1	1
3707	1	1	1	0	28	749	0	1	0
3707	2	1	1	0	28	749	0	1	1
3708	1	1	1	0	28	749	0	1	0
3708	2	1	1	0	28	749	0	1	1
3709	1	1	1	0	28	749	0	1	0
3709	2	1	1	0	28	749	0	1	1
3710	1	1	1	0	28	749	0	1	0
3710	2	1	1	0	28	749	0	1	1
3711	1	1	1	0	28	749	0	1	0
3711	2	1	1	0	28	749	0	1	1
3712	1	1	1	0	28	749	0	1	0
3712	2	1	1	0	28	749	0	1	1
3713	1	1	1	0	28	749	0	1	0
3713	2	1	1	0	28	749	0	1	1
3715	1	1	1	0	28	749	0	1	0
3715	2	1	1	0	28	749	0	1	1
3716	1	1	1	0	28	749	0	1	0
3716	2	1	1	0	28	749	0	1	1
3717	1	1	1	0	28	749	0	1	0
3717	2	1	1	0	28	749	0	1	1
3718	1	1	1	0	24	1620	0	1	0
3718	2	1	1	0	24	1620	0	1	1
3719	1	1	1	0	24	1620	0	1	0
3719	2	1	1	0	24	1620	0	1	1
3720	1	1	1	0	24	1620	0	1	0
3720	2	1	1	0	24	1620	0	1	1
3721	1	1	1	0	28	935	0	1	0
3721	2	1	1	0	28	935	0	1	1
3722	1	1	1	0	28	749	0	1	0
3722	2	1	1	0	28	749	0	1	1
3723	1	1	1	0	28	749	0	1	0
3723	2	1	1	0	28	749	0	1	1
3724	1	1	1	0	28	185	0	1	0
3724	2	1	1	0	28	185	0	1	1
3725	1	1	1	0	28	749	0	1	0
3725	2	1	1	0	28	749	0	1	1
3726	1	1	1	0	28	749	0	1	0
3726	2	1	1	0	28	749	0	1	1
3727	1	1	1	0	28	749	0	1	0
3727	2	1	1	0	28	749	0	1	1
3728	1	1	1	0	28	749	0	1	0
3728	2	1	1	0	28	749	0	1	1
3729	1	1	1	0	28	749	0	1	0
3729	2	1	1	0	28	749	0	1	1
3730	1	1	1	0	28	749	0	1	0
3730	2	1	1	0	28	749	0	1	1
3731	1	1	1	0	28	749	0	1	0
3731	2	1	1	0	28	749	0	1	1
3732	1	1	1	0	28	749	0	1	0
3732	2	1	1	0	28	749	0	1	1
3734	1	1	1	0	24	1620	0	1	0
3734	2	1	1	0	24	1620	0	1	1
3735	1	1	1	0	24	1620	0	1	0
3735	2	1	1	0	24	1620	0	1	1
3736	1	1	1	0	24	1620	0	1	0
3736	2	1	1	0	24	1620	0	1	1
3737	1	1	1	0	24	1620	0	1	0
3737	2	1	1	0	24	1620	0	1	1
3738	1	1	1	0	28	935	0	1	0
3738	2	1	1	0	28	935	0	1	1
3739	1	1	1	0	28	749	0	1	0
3739	2	1	1	0	28	749	0	1	1
3740	1	1	1	0	28	749	0	1	0
3740	2	1	1	0	28	749	0	1	1
3741	1	1	1	0	28	749	0	1	0
3741	2	1	1	0	28	749	0	1	1
3743	1	1	1	0	28	749	0	1	0
3743	2	1	1	0	28	749	0	1	1
3744	1	1	1	0	28	749	0	1	0
3744	2	1	1	0	28	749	0	1	1
3745	1	1	1	0	28	749	0	1	0
3745	2	1	1	0	28	749	0	1	1
3746	1	1	1	0	28	749	0	1	0
3746	2	1	1	0	28	749	0	1	1
3747	1	1	1	0	28	749	0	1	0
3747	2	1	1	0	28	749	0	1	1
3748	1	1	1	0	28	749	0	1	0
3748	2	1	1	0	28	749	0	1	1
3749	1	1	1	0	28	749	0	1	0
3749	2	1	1	0	28	749	0	1	1
3750	1	1	1	0	26	1836	0	1	0
3750	2	1	1	0	26	1836	0	1	1
3751	1	1	1	0	26	1836	0	1	0
3751	2	1	1	0	26	1836	0	1	1
3752	1	1	1	0	28	749	0	1	0
3752	2	1	1	0	28	749	0	1	1
3753	1	1	1	0	28	749	0	1	0
3753	2	1	1	0	28	749	0	1	1
3754	1	1	1	0	28	749	0	1	0
3754	2	1	1	0	28	749	0	1	1
3755	1	1	1	0	28	749	0	1	0
3755	2	1	1	0	28	749	0	1	1
3756	1	1	1	0	28	749	0	1	0
3756	2	1	1	0	28	749	0	1	1
3757	1	1	1	0	28	749	0	1	0
3757	2	1	1	0	28	749	0	1	1
3758	1	1	1	0	28	749	0	1	0
3758	2	1	1	0	28	749	0	1	1
3759	1	1	1	0	28	749	0	1	0
3759	2	1	1	0	28	749	0	1	1
3760	1	1	1	0	28	749	0	1	0
3760	2	1	1	0	28	749	0	1	1
3762	1	1	1	0	28	749	0	1	0
3762	2	1	1	0	28	749	0	1	1
3763	1	1	1	0	28	749	0	1	0
3763	2	1	1	0	28	749	0	1	1
3764	1	1	1	0	28	749	0	1	0
3764	2	1	1	0	28	749	0	1	1
3765	1	1	1	0	28	2196	0	1	0
3765	2	1	1	0	28	2196	0	1	1
3766	1	1	1	0	28	2196	0	1	0
3766	2	1	1	0	28	2196	0	1	1
3767	1	1	1	0	28	1479	0	1	0
3767	2	1	1	0	28	1479	0	1	1
3768	1	1	1	0	28	749	0	1	0
3768	2	1	1	0	28	749	0	1	1
3769	1	1	1	0	28	749	0	1	0
3769	2	1	1	0	28	749	0	1	1
3771	1	1	1	0	28	749	0	1	0
3771	2	1	1	0	28	749	0	1	1
3772	1	1	1	0	28	749	0	1	0
3772	2	1	1	0	28	749	0	1	1
3773	1	1	1	0	28	749	0	1	0
3773	2	1	1	0	28	749	0	1	1
3774	1	1	1	0	28	749	0	1	0
3774	2	1	1	0	28	749	0	1	1
3775	1	1	1	0	28	749	0	1	0
3775	2	1	1	0	28	749	0	1	1
3776	1	1	1	0	28	749	0	1	0
3776	2	1	1	0	28	749	0	1	1
3777	1	1	1	0	28	749	0	1	0
3777	2	1	1	0	28	749	0	1	1
3778	1	1	1	0	28	749	0	1	0
3778	2	1	1	0	28	749	0	1	1
3779	1	1	1	0	28	749	0	1	0
3779	2	1	1	0	28	749	0	1	1
3780	1	1	1	0	28	2196	0	1	0
3780	2	1	1	0	28	2196	0	1	1
3781	1	1	1	0	28	2196	0	1	0
3781	2	1	1	0	28	2196	0	1	1
3782	1	1	1	0	28	1479	0	1	0
3782	2	1	1	0	28	1479	0	1	1
3783	1	1	1	0	28	749	0	1	0
3783	2	1	1	0	28	749	0	1	1
3784	1	1	1	0	28	749	0	1	0
3784	2	1	1	0	28	749	0	1	1
3785	1	1	1	0	28	749	0	1	0
3785	2	1	1	0	28	749	0	1	1
3786	1	1	1	0	28	749	0	1	0
3786	2	1	1	0	28	749	0	1	1
3787	1	1	1	0	28	749	0	1	0
3787	2	1	1	0	28	749	0	1	1
3788	1	1	1	0	28	749	0	1	0
3788	2	1	1	0	28	749	0	1	1
3790	1	1	1	0	28	749	0	1	0
3790	2	1	1	0	28	749	0	1	1
3791	1	1	1	0	28	749	0	1	0
3791	2	1	1	0	28	749	0	1	1
3792	1	1	1	0	28	749	0	1	0
3792	2	1	1	0	28	749	0	1	1
3793	1	1	1	0	28	749	0	1	0
3793	2	1	1	0	28	749	0	1	1
3794	1	1	1	0	28	749	0	1	0
3794	2	1	1	0	28	749	0	1	1
3795	1	1	1	0	28	2196	0	1	0
3795	2	1	1	0	28	2196	0	1	1
3796	1	1	1	0	28	2196	0	1	0
3796	2	1	1	0	28	2196	0	1	1
3797	1	1	1	0	28	1479	0	1	0
3797	2	1	1	0	28	1479	0	1	1
3798	1	1	1	0	28	185	0	1	0
3798	2	1	1	0	28	185	0	1	1
3799	1	1	1	0	28	749	0	1	0
3799	2	1	1	0	28	749	0	1	1
3800	1	1	1	0	28	749	0	1	0
3800	2	1	1	0	28	749	0	1	1
3801	1	1	1	0	28	749	0	1	0
3801	2	1	1	0	28	749	0	1	1
3802	1	1	1	0	28	749	0	1	0
3802	2	1	1	0	28	749	0	1	1
3803	1	1	1	0	28	749	0	1	0
3803	2	1	1	0	28	749	0	1	1
3804	1	1	1	0	28	749	0	1	0
3804	2	1	1	0	28	749	0	1	1
3805	1	1	1	0	28	749	0	1	0
3805	2	1	1	0	28	749	0	1	1
3806	1	1	1	0	28	749	0	1	0
3806	2	1	1	0	28	749	0	1	1
3807	1	1	1	0	28	749	0	1	0
3807	2	1	1	0	28	749	0	1	1
3809	1	1	1	0	28	749	0	1	0
3809	2	1	1	0	28	749	0	1	1
3810	1	1	1	0	28	749	0	1	0
3810	2	1	1	0	28	749	0	1	1
3811	1	1	1	0	28	2196	0	1	0
3811	2	1	1	0	28	2196	0	1	1
3812	1	1	1	0	28	2052	0	1	0
3812	2	1	1	0	28	2052	0	1	1
3813	1	1	1	0	28	935	0	1	0
3813	2	1	1	0	28	935	0	1	1
3814	1	1	1	0	28	749	0	1	0
3814	2	1	1	0	28	749	0	1	1
3815	1	1	1	0	28	749	0	1	0
3815	2	1	1	0	28	749	0	1	1
3816	1	1	1	0	28	749	0	1	0
3816	2	1	1	0	28	749	0	1	1
3818	1	1	1	0	28	749	0	1	0
3818	2	1	1	0	28	749	0	1	1
3819	1	1	1	0	28	749	0	1	0
3819	2	1	1	0	28	749	0	1	1
3820	1	1	1	0	28	749	0	1	0
3820	2	1	1	0	28	749	0	1	1
3821	1	1	1	0	28	749	0	1	0
3821	2	1	1	0	28	749	0	1	1
3822	1	1	1	0	28	749	0	1	0
3822	2	1	1	0	28	749	0	1	1
3823	1	1	1	0	28	749	0	1	0
3823	2	1	1	0	28	749	0	1	1
3824	1	1	1	0	28	749	0	1	0
3824	2	1	1	0	28	749	0	1	1
3825	1	1	1	0	28	749	0	1	0
3825	2	1	1	0	28	749	0	1	1
3826	1	1	1	0	28	2196	0	1	0
3826	2	1	1	0	28	2196	0	1	1
3827	1	1	1	0	28	1479	0	1	0
3827	2	1	1	0	28	1479	0	1	1
3828	1	1	1	0	28	749	0	1	0
3828	2	1	1	0	28	749	0	1	1
3829	1	1	1	0	28	749	0	1	0
3829	2	1	1	0	28	749	0	1	1
3830	1	1	1	0	28	749	0	1	0
3830	2	1	1	0	28	749	0	1	1
3831	1	1	1	0	28	749	0	1	0
3831	2	1	1	0	28	749	0	1	1
3832	1	1	1	0	28	749	0	1	0
3832	2	1	1	0	28	749	0	1	1
3833	1	1	1	0	28	749	0	1	0
3833	2	1	1	0	28	749	0	1	1
3834	1	1	1	0	28	749	0	1	0
3834	2	1	1	0	28	749	0	1	1
3835	1	1	1	0	28	749	0	1	0
3835	2	1	1	0	28	749	0	1	1
3837	1	1	1	0	28	749	0	1	0
3837	2	1	1	0	28	749	0	1	1
3838	1	1	1	0	28	749	0	1	0
3838	2	1	1	0	28	749	0	1	1
3839	1	1	1	0	28	749	0	1	0
3839	2	1	1	0	28	749	0	1	1
3840	1	1	1	0	28	749	0	1	0
3840	2	1	1	0	28	749	0	1	1
3841	1	1	1	0	28	2196	0	1	0
3841	2	1	1	0	28	2196	0	1	1
3842	1	1	1	0	28	2052	0	1	0
3842	2	1	1	0	28	2052	0	1	1
3843	1	1	1	0	28	935	0	1	0
3843	2	1	1	0	28	935	0	1	1
3844	1	1	1	0	28	749	0	1	0
3844	2	1	1	0	28	749	0	1	1
3846	1	1	1	0	28	749	0	1	0
3846	2	1	1	0	28	749	0	1	1
3847	1	1	1	0	28	749	0	1	0
3847	2	1	1	0	28	749	0	1	1
3848	1	1	1	0	28	749	0	1	0
3848	2	1	1	0	28	749	0	1	1
3849	1	1	1	0	28	749	0	1	0
3849	2	1	1	0	28	749	0	1	1
3850	1	1	1	0	28	749	0	1	0
3850	2	1	1	0	28	749	0	1	1
3851	1	1	1	0	28	749	0	1	0
3851	2	1	1	0	28	749	0	1	1
3852	1	1	1	0	28	749	0	1	0
3852	2	1	1	0	28	749	0	1	1
3853	1	1	1	0	28	749	0	1	0
3853	2	1	1	0	28	749	0	1	1
3855	1	1	1	0	28	749	0	1	0
3855	2	1	1	0	28	749	0	1	1
3856	1	1	1	0	22	1383	0	1	0
3856	2	1	1	0	22	1383	0	1	1
3857	1	1	1	0	22	1383	0	1	0
3857	2	1	1	0	22	1383	0	1	1
3858	1	1	1	0	20	1191	0	1	0
3858	2	1	1	0	20	1191	0	1	1
3859	1	1	1	0	20	1191	0	1	0
3859	2	1	1	0	20	1191	0	1	1
3860	1	1	1	0	18	967	0	1	0
3860	2	1	1	0	18	967	0	1	1
3861	1	1	1	0	18	967	0	1	0
3861	2	1	1	0	18	967	0	1	1
3862	1	1	1	0	16	903	0	1	0
3862	2	1	1	0	16	903	0	1	1
3863	1	1	1	0	16	775	0	1	0
3863	2	1	1	0	16	775	0	1	1
3865	1	1	1	0	24	669	0	1	0
3865	2	1	1	0	24	669	0	1	1
3866	1	1	1	0	10	469	0	1	0
3866	2	1	1	0	10	469	0	1	1
3867	1	1	1	0	10	469	0	1	0
3867	2	1	1	0	10	469	0	1	1
3868	1	1	1	0	6	309	0	1	0
3868	2	1	1	0	6	309	0	1	1
3869	1	1	1	0	6	309	0	1	0
3869	2	1	1	0	6	309	0	1	1
3870	1	1	1	0	4	217	0	1	0
3870	2	1	1	0	4	217	0	1	1
3871	1	1	1	0	4	217	0	1	0
3871	2	1	1	0	4	217	0	1	1
3872	1	1	1	0	6	309	0	1	0
3872	2	1	1	0	6	309	0	1	1
3873	1	1	1	0	6	309	0	1	0
3873	2	1	1	0	6	309	0	1	1
3874	1	1	1	0	8	421	0	1	0
3874	2	1	1	0	8	421	0	1	1
3875	1	1	1	0	8	421	0	1	0
3875	2	1	1	0	8	421	0	1	1
3876	1	1	1	0	10	469	0	1	0
3876	2	1	1	0	10	469	0	1	1
3877	1	1	1	0	10	469	0	1	0
3877	2	1	1	0	10	469	0	1	1
3878	1	1	1	0	12	597	0	1	0
3878	2	1	1	0	12	597	0	1	1
3879	1	1	1	0	12	597	0	1	0
3879	2	1	1	0	12	597	0	1	1
3880	1	1	1	0	14	775	0	1	0
3880	2	1	1	0	14	775	0	1	1
3881	1	1	1	0	14	775	0	1	0
3881	2	1	1	0	14	775	0	1	1
3882	1	1	1	0	14	775	0	1	0
3882	2	1	1	0	14	775	0	1	1
3883	1	1	1	0	14	775	0	1	0
3883	2	1	1	0	14	775	0	1	1
3884	1	1	1	0	16	903	0	1	0
3884	2	1	1	0	16	903	0	1	1
3885	1	1	1	0	16	903	0	1	0
3885	2	1	1	0	16	903	0	1	1
3886	1	1	1	0	18	967	0	1	0
3886	2	1	1	0	18	967	0	1	1
3887	1	1	1	0	18	967	0	1	0
3887	2	1	1	0	18	967	0	1	1
3888	1	1	1	0	18	967	0	1	0
3888	2	1	1	0	18	967	0	1	1
3889	1	1	1	0	18	967	0	1	0
3889	2	1	1	0	18	967	0	1	1
3890	1	1	1	0	18	967	0	1	0
3890	2	1	1	0	18	967	0	1	1
3891	1	1	1	0	18	967	0	1	0
3891	2	1	1	0	18	967	0	1	1
3892	1	1	1	0	18	967	0	1	0
3892	2	1	1	0	18	967	0	1	1
3893	1	1	1	0	28	749	0	1	0
3893	2	1	1	0	28	749	0	1	1
3894	1	1	1	0	28	749	0	1	0
3894	2	1	1	0	28	749	0	1	1
3895	1	1	1	0	18	967	0	1	0
3895	2	1	1	0	18	967	0	1	1
3896	1	1	1	0	18	967	0	1	0
3896	2	1	1	0	18	967	0	1	1
3897	1	1	1	0	18	967	0	1	0
3897	2	1	1	0	18	967	0	1	1
3898	1	1	1	0	18	967	0	1	0
3898	2	1	1	0	18	967	0	1	1
3899	1	1	1	0	18	967	0	1	0
3899	2	1	1	0	18	967	0	1	1
3900	1	1	1	0	18	967	0	1	0
3900	2	1	1	0	18	967	0	1	1
3901	1	1	1	0	28	185	0	1	0
3901	2	1	1	0	28	185	0	1	1
3902	1	1	1	0	28	749	0	1	0
3902	2	1	1	0	28	749	0	1	1
3903	1	1	1	0	28	749	0	1	0
3903	2	1	1	0	28	749	0	1	1
3904	1	1	1	0	28	749	0	1	0
3904	2	1	1	0	28	749	0	1	1
3905	1	1	1	0	28	749	0	1	0
3905	2	1	1	0	28	749	0	1	1
3906	1	1	1	0	28	749	0	1	0
3906	2	1	1	0	28	749	0	1	1
3907	1	1	1	0	28	749	0	1	0
3907	2	1	1	0	28	749	0	1	1
3908	1	1	1	0	24	669	0	1	0
3908	2	1	1	0	24	669	0	1	1
3909	1	1	1	0	18	749	0	1	0
3909	2	1	1	0	18	749	0	1	1
3910	1	1	1	0	28	185	0	1	0
3910	2	1	1	0	28	185	0	1	1
3911	1	1	1	0	20	1191	0	1	0
3911	2	1	1	0	20	1191	0	1	1
3912	1	1	1	0	20	1191	0	1	0
3912	2	1	1	0	20	1191	0	1	1
3913	1	1	1	0	20	1191	0	1	0
3913	2	1	1	0	20	1191	0	1	1
3914	1	1	1	0	20	1191	0	1	0
3914	2	1	1	0	20	1191	0	1	1
3915	1	1	1	0	20	999	0	1	0
3915	2	1	1	0	20	999	0	1	1
3916	1	1	1	0	22	807	0	1	0
3916	2	1	1	0	22	807	0	1	1
3917	1	1	1	0	22	693	0	1	0
3917	2	1	1	0	22	693	0	1	1
3918	1	1	1	0	22	693	0	1	0
3918	2	1	1	0	22	693	0	1	1
3919	1	1	1	0	22	807	0	1	0
3919	2	1	1	0	22	807	0	1	1
3921	1	1	1	0	22	693	0	1	0
3921	2	1	1	0	22	693	0	1	1
3922	1	1	1	0	22	693	0	1	0
3922	2	1	1	0	22	693	0	1	1
3923	1	1	1	0	22	807	0	1	0
3923	2	1	1	0	22	807	0	1	1
3924	1	1	1	0	22	693	0	1	0
3924	2	1	1	0	22	693	0	1	1
3925	1	1	1	0	22	693	0	1	0
3925	2	1	1	0	22	693	0	1	1
3926	1	1	1	0	20	775	0	1	0
3926	2	1	1	0	20	775	0	1	1
3927	1	1	1	0	20	1191	0	1	0
3927	2	1	1	0	20	1191	0	1	1
3928	1	1	1	0	18	967	0	1	0
3928	2	1	1	0	18	967	0	1	1
3929	1	1	1	0	18	967	0	1	0
3929	2	1	1	0	18	967	0	1	1
3930	1	1	1	0	18	967	0	1	0
3930	2	1	1	0	18	967	0	1	1
3931	1	1	1	0	18	967	0	1	0
3931	2	1	1	0	18	967	0	1	1
3932	1	1	1	0	16	775	0	1	0
3932	2	1	1	0	16	775	0	1	1
3933	1	1	1	0	16	693	0	1	0
3933	2	1	1	0	16	693	0	1	1
3934	1	1	1	0	20	693	0	1	0
3934	2	1	1	0	20	693	0	1	1
3935	1	1	1	0	20	775	0	1	0
3935	2	1	1	0	20	775	0	1	1
3936	1	1	1	0	22	693	0	1	0
3936	2	1	1	0	22	693	0	1	1
3937	1	1	1	0	22	693	0	1	0
3937	2	1	1	0	22	693	0	1	1
3938	1	1	1	0	24	133	0	1	0
3938	2	1	1	0	24	133	0	1	1
3939	1	1	1	0	24	669	0	1	0
3939	2	1	1	0	24	669	0	1	1
3940	1	1	1	0	28	749	0	1	0
3940	2	1	1	0	28	749	0	1	1
3941	1	1	1	0	28	749	0	1	0
3941	2	1	1	0	28	749	0	1	1
3942	1	1	1	0	28	749	0	1	0
3942	2	1	1	0	28	749	0	1	1
3943	1	1	1	0	28	2196	0	1	0
3943	2	1	1	0	28	2196	0	1	1
3944	1	1	1	0	28	1479	0	1	0
3944	2	1	1	0	28	1479	0	1	1
3945	1	1	1	0	28	749	0	1	0
3945	2	1	1	0	28	749	0	1	1
3946	1	1	1	0	28	749	0	1	0
3946	2	1	1	0	28	749	0	1	1
3947	1	1	1	0	28	749	0	1	0
3947	2	1	1	0	28	749	0	1	1
3949	1	1	1	0	28	749	0	1	0
3949	2	1	1	0	28	749	0	1	1
3950	1	1	1	0	28	749	0	1	0
3950	2	1	1	0	28	749	0	1	1
3951	1	1	1	0	28	749	0	1	0
3951	2	1	1	0	28	749	0	1	1
3952	1	1	1	0	28	749	0	1	0
3952	2	1	1	0	28	749	0	1	1
3953	1	1	1	0	28	749	0	1	0
3953	2	1	1	0	28	749	0	1	1
3954	1	1	1	0	28	749	0	1	0
3954	2	1	1	0	28	749	0	1	1
3955	1	1	1	0	28	749	0	1	0
3955	2	1	1	0	28	749	0	1	1
3956	1	1	1	0	28	749	0	1	0
3956	2	1	1	0	28	749	0	1	1
3958	1	1	1	0	28	2196	0	1	0
3958	2	1	1	0	28	2196	0	1	1
3959	1	1	1	0	28	2052	0	1	0
3959	2	1	1	0	28	2052	0	1	1
3960	1	1	1	0	28	935	0	1	0
3960	2	1	1	0	28	935	0	1	1
3961	1	1	1	0	28	749	0	1	0
3961	2	1	1	0	28	749	0	1	1
3962	1	1	1	0	28	749	0	1	0
3962	2	1	1	0	28	749	0	1	1
3963	1	1	1	0	28	749	0	1	0
3963	2	1	1	0	28	749	0	1	1
3964	1	1	1	0	28	749	0	1	0
3964	2	1	1	0	28	749	0	1	1
3965	1	1	1	0	28	749	0	1	0
3965	2	1	1	0	28	749	0	1	1
3967	1	1	1	0	28	749	0	1	0
3967	2	1	1	0	28	749	0	1	1
3968	1	1	1	0	28	749	0	1	0
3968	2	1	1	0	28	749	0	1	1
3969	1	1	1	0	28	749	0	1	0
3969	2	1	1	0	28	749	0	1	1
3970	1	1	1	0	28	749	0	1	0
3970	2	1	1	0	28	749	0	1	1
3971	1	1	1	0	28	749	0	1	0
3971	2	1	1	0	28	749	0	1	1
3972	1	1	1	0	28	749	0	1	0
3972	2	1	1	0	28	749	0	1	1
3973	1	1	1	0	28	749	0	1	0
3973	2	1	1	0	28	749	0	1	1
3974	1	1	1	0	28	2196	0	1	0
3974	2	1	1	0	28	2196	0	1	1
3975	1	1	1	0	28	2196	0	1	0
3975	2	1	1	0	28	2196	0	1	1
3976	1	1	1	0	28	749	0	1	0
3976	2	1	1	0	28	749	0	1	1
3977	1	1	1	0	28	749	0	1	0
3977	2	1	1	0	28	749	0	1	1
3978	1	1	1	0	28	749	0	1	0
3978	2	1	1	0	28	749	0	1	1
3979	1	1	1	0	28	749	0	1	0
3979	2	1	1	0	28	749	0	1	1
3980	1	1	1	0	28	749	0	1	0
3980	2	1	1	0	28	749	0	1	1
3981	1	1	1	0	28	749	0	1	0
3981	2	1	1	0	28	749	0	1	1
3982	1	1	1	0	28	749	0	1	0
3982	2	1	1	0	28	749	0	1	1
3983	1	1	1	0	28	749	0	1	0
3983	2	1	1	0	28	749	0	1	1
3984	1	1	1	0	28	749	0	1	0
3984	2	1	1	0	28	749	0	1	1
3986	1	1	1	0	28	749	0	1	0
3986	2	1	1	0	28	749	0	1	1
3987	1	1	1	0	28	749	0	1	0
3987	2	1	1	0	28	749	0	1	1
3988	1	1	1	0	28	749	0	1	0
3988	2	1	1	0	28	749	0	1	1
3989	1	1	1	0	28	749	0	1	0
3989	2	1	1	0	28	749	0	1	1
3990	1	1	1	0	28	2196	0	1	0
3990	2	1	1	0	28	2196	0	1	1
3991	1	1	1	0	28	2052	0	1	0
3991	2	1	1	0	28	2052	0	1	1
3992	1	1	1	0	28	935	0	1	0
3992	2	1	1	0	28	935	0	1	1
3993	1	1	1	0	28	749	0	1	0
3993	2	1	1	0	28	749	0	1	1
3995	1	1	1	0	28	749	0	1	0
3995	2	1	1	0	28	749	0	1	1
3996	1	1	1	0	28	749	0	1	0
3996	2	1	1	0	28	749	0	1	1
3997	1	1	1	0	28	749	0	1	0
3997	2	1	1	0	28	749	0	1	1
3998	1	1	1	0	28	749	0	1	0
3998	2	1	1	0	28	749	0	1	1
3999	1	1	1	0	28	749	0	1	0
3999	2	1	1	0	28	749	0	1	1
4000	1	1	1	0	28	749	0	1	0
4000	2	1	1	0	28	749	0	1	1
4001	1	1	1	0	28	749	0	1	0
4001	2	1	1	0	28	749	0	1	1
4002	1	1	1	0	28	749	0	1	0
4002	2	1	1	0	28	749	0	1	1
4003	1	1	1	0	28	749	0	1	0
4003	2	1	1	0	28	749	0	1	1
4005	1	1	1	0	28	749	0	1	0
4005	2	1	1	0	28	749	0	1	1
4006	1	1	1	0	28	749	0	1	0
4006	2	1	1	0	28	749	0	1	1
4007	1	1	1	0	28	749	0	1	0
4007	2	1	1	0	28	749	0	1	1
4008	1	1	1	0	28	749	0	1	0
4008	2	1	1	0	28	749	0	1	1
4009	1	1	1	0	28	749	0	1	0
4009	2	1	1	0	28	749	0	1	1
4010	1	1	1	0	28	749	0	1	0
4010	2	1	1	0	28	749	0	1	1
4011	1	1	1	0	28	749	0	1	0
4011	2	1	1	0	28	749	0	1	1
4012	1	1	1	0	28	2196	0	1	0
4012	2	1	1	0	28	2196	0	1	1
4013	1	1	1	0	28	2196	0	1	0
4013	2	1	1	0	28	2196	0	1	1
4014	1	1	1	0	28	749	0	1	0
4014	2	1	1	0	28	749	0	1	1
4015	1	1	1	0	28	749	0	1	0
4015	2	1	1	0	28	749	0	1	1
4016	1	1	1	0	28	749	0	1	0
4016	2	1	1	0	28	749	0	1	1
4017	1	1	1	0	28	749	0	1	0
4017	2	1	1	0	28	749	0	1	1
4018	1	1	1	0	28	749	0	1	0
4018	2	1	1	0	28	749	0	1	1
4019	1	1	1	0	28	749	0	1	0
4019	2	1	1	0	28	749	0	1	1
4020	1	1	1	0	28	749	0	1	0
4020	2	1	1	0	28	749	0	1	1
4021	1	1	1	0	28	749	0	1	0
4021	2	1	1	0	28	749	0	1	1
4023	1	1	1	0	28	749	0	1	0
4023	2	1	1	0	28	749	0	1	1
4024	1	1	1	0	28	749	0	1	0
4024	2	1	1	0	28	749	0	1	1
4025	1	1	1	0	28	749	0	1	0
4025	2	1	1	0	28	749	0	1	1
4026	1	1	1	0	28	749	0	1	0
4026	2	1	1	0	28	749	0	1	1
4027	1	1	1	0	28	2196	0	1	0
4027	2	1	1	0	28	2196	0	1	1
4028	1	1	1	0	28	2196	0	1	0
4028	2	1	1	0	28	2196	0	1	1
4029	1	1	1	0	28	1479	0	1	0
4029	2	1	1	0	28	1479	0	1	1
4030	1	1	1	0	28	749	0	1	0
4030	2	1	1	0	28	749	0	1	1
4031	1	1	1	0	28	749	0	1	0
4031	2	1	1	0	28	749	0	1	1
4033	1	1	1	0	28	749	0	1	0
4033	2	1	1	0	28	749	0	1	1
4034	1	1	1	0	28	749	0	1	0
4034	2	1	1	0	28	749	0	1	1
4035	1	1	1	0	28	749	0	1	0
4035	2	1	1	0	28	749	0	1	1
4036	1	1	1	0	28	749	0	1	0
4036	2	1	1	0	28	749	0	1	1
4037	1	1	1	0	28	749	0	1	0
4037	2	1	1	0	28	749	0	1	1
4038	1	1	1	0	28	749	0	1	0
4038	2	1	1	0	28	749	0	1	1
4039	1	1	1	0	28	749	0	1	0
4039	2	1	1	0	28	749	0	1	1
4040	1	1	1	0	28	749	0	1	0
4040	2	1	1	0	28	749	0	1	1
4042	1	1	1	0	28	749	0	1	0
4042	2	1	1	0	28	749	0	1	1
4043	1	1	1	0	28	2196	0	1	0
4043	2	1	1	0	28	2196	0	1	1
4044	1	1	1	0	28	2052	0	1	0
4044	2	1	1	0	28	2052	0	1	1
4045	1	1	1	0	28	935	0	1	0
4045	2	1	1	0	28	935	0	1	1
4046	1	1	1	0	28	749	0	1	0
4046	2	1	1	0	28	749	0	1	1
4047	1	1	1	0	28	749	0	1	0
4047	2	1	1	0	28	749	0	1	1
4048	1	1	1	0	28	749	0	1	0
4048	2	1	1	0	28	749	0	1	1
4049	1	1	1	0	28	749	0	1	0
4049	2	1	1	0	28	749	0	1	1
4051	1	1	1	0	28	749	0	1	0
4051	2	1	1	0	28	749	0	1	1
4052	1	1	1	0	28	749	0	1	0
4052	2	1	1	0	28	749	0	1	1
4053	1	1	1	0	28	749	0	1	0
4053	2	1	1	0	28	749	0	1	1
4054	1	1	1	0	28	749	0	1	0
4054	2	1	1	0	28	749	0	1	1
4055	1	1	1	0	28	749	0	1	0
4055	2	1	1	0	28	749	0	1	1
4056	1	1	1	0	28	749	0	1	0
4056	2	1	1	0	28	749	0	1	1
4057	1	1	1	0	28	749	0	1	0
4057	2	1	1	0	28	749	0	1	1
4058	1	1	1	0	28	2196	0	1	0
4058	2	1	1	0	28	2196	0	1	1
4059	1	1	1	0	28	2052	0	1	0
4059	2	1	1	0	28	2052	0	1	1
4060	1	1	1	0	28	185	0	1	0
4060	2	1	1	0	28	185	0	1	1
4061	1	1	1	0	28	749	0	1	0
4061	2	1	1	0	28	749	0	1	1
4062	1	1	1	0	28	749	0	1	0
4062	2	1	1	0	28	749	0	1	1
4063	1	1	1	0	28	749	0	1	0
4063	2	1	1	0	28	749	0	1	1
4064	1	1	1	0	28	749	0	1	0
4064	2	1	1	0	28	749	0	1	1
4065	1	1	1	0	28	749	0	1	0
4065	2	1	1	0	28	749	0	1	1
4066	1	1	1	0	28	749	0	1	0
4066	2	1	1	0	28	749	0	1	1
4067	1	1	1	0	28	749	0	1	0
4067	2	1	1	0	28	749	0	1	1
4068	1	1	1	0	28	749	0	1	0
4068	2	1	1	0	28	749	0	1	1
4070	1	1	1	0	28	749	0	1	0
4070	2	1	1	0	28	749	0	1	1
4071	1	1	1	0	28	749	0	1	0
4071	2	1	1	0	28	749	0	1	1
4072	1	1	1	0	28	749	0	1	0
4072	2	1	1	0	28	749	0	1	1
4073	1	1	1	0	28	2196	0	1	0
4073	2	1	1	0	28	2196	0	1	1
4074	1	1	1	0	28	2196	0	1	0
4074	2	1	1	0	28	2196	0	1	1
4075	1	1	1	0	28	1479	0	1	0
4075	2	1	1	0	28	1479	0	1	1
4076	1	1	1	0	28	749	0	1	0
4076	2	1	1	0	28	749	0	1	1
4077	1	1	1	0	28	749	0	1	0
4077	2	1	1	0	28	749	0	1	1
4079	1	1	1	0	28	749	0	1	0
4079	2	1	1	0	28	749	0	1	1
4080	1	1	1	0	28	749	0	1	0
4080	2	1	1	0	28	749	0	1	1
4081	1	1	1	0	28	749	0	1	0
4081	2	1	1	0	28	749	0	1	1
4082	1	1	1	0	28	749	0	1	0
4082	2	1	1	0	28	749	0	1	1
4083	1	1	1	0	28	749	0	1	0
4083	2	1	1	0	28	749	0	1	1
4084	1	1	1	0	28	749	0	1	0
4084	2	1	1	0	28	749	0	1	1
4085	1	1	1	0	28	749	0	1	0
4085	2	1	1	0	28	749	0	1	1
4086	1	1	1	0	28	749	0	1	0
4086	2	1	1	0	28	749	0	1	1
4087	1	1	1	0	28	749	0	1	0
4087	2	1	1	0	28	749	0	1	1
4089	1	1	1	0	28	2196	0	1	0
4089	2	1	1	0	28	2196	0	1	1
4090	1	1	1	0	28	2052	0	1	0
4090	2	1	1	0	28	2052	0	1	1
4091	1	1	1	0	28	935	0	1	0
4091	2	1	1	0	28	935	0	1	1
4092	1	1	1	0	28	749	0	1	0
4092	2	1	1	0	28	749	0	1	1
4093	1	1	1	0	28	749	0	1	0
4093	2	1	1	0	28	749	0	1	1
4094	1	1	1	0	28	749	0	1	0
4094	2	1	1	0	28	749	0	1	1
4095	1	1	1	0	28	749	0	1	0
4095	2	1	1	0	28	749	0	1	1
4096	1	1	1	0	28	749	0	1	0
4096	2	1	1	0	28	749	0	1	1
4098	1	1	1	0	28	749	0	1	0
4098	2	1	1	0	28	749	0	1	1
4099	1	1	1	0	28	749	0	1	0
4099	2	1	1	0	28	749	0	1	1
4100	1	1	1	0	28	749	0	1	0
4100	2	1	1	0	28	749	0	1	1
4101	1	1	1	0	28	749	0	1	0
4101	2	1	1	0	28	749	0	1	1
4102	1	1	1	0	28	749	0	1	0
4102	2	1	1	0	28	749	0	1	1
4103	1	1	1	0	28	749	0	1	0
4103	2	1	1	0	28	749	0	1	1
4104	1	1	1	0	28	749	0	1	0
4104	2	1	1	0	28	749	0	1	1
4105	1	1	1	0	28	749	0	1	0
4105	2	1	1	0	28	749	0	1	1
4107	1	1	1	0	28	749	0	1	0
4107	2	1	1	0	28	749	0	1	1
4108	1	1	1	0	28	749	0	1	0
4108	2	1	1	0	28	749	0	1	1
4109	1	1	1	0	28	749	0	1	0
4109	2	1	1	0	28	749	0	1	1
4110	1	1	1	0	28	749	0	1	0
4110	2	1	1	0	28	749	0	1	1
4111	1	1	1	0	28	749	0	1	0
4111	2	1	1	0	28	749	0	1	1
4112	1	1	1	0	28	749	0	1	0
4112	2	1	1	0	28	749	0	1	1
4113	1	1	1	0	28	749	0	1	0
4113	2	1	1	0	28	749	0	1	1
4114	1	1	1	0	28	749	0	1	0
4114	2	1	1	0	28	749	0	1	1
4115	1	1	1	0	28	749	0	1	0
4115	2	1	1	0	28	749	0	1	1
4117	1	1	1	0	28	749	0	1	0
4117	2	1	1	0	28	749	0	1	1
4118	1	1	1	0	28	749	0	1	0
4118	2	1	1	0	28	749	0	1	1
4119	1	1	1	0	28	749	0	1	0
4119	2	1	1	0	28	749	0	1	1
4120	1	1	1	0	28	749	0	1	0
4120	2	1	1	0	28	749	0	1	1
4121	1	1	1	0	28	749	0	1	0
4121	2	1	1	0	28	749	0	1	1
4122	1	1	1	0	28	749	0	1	0
4122	2	1	1	0	28	749	0	1	1
4123	1	1	1	0	28	749	0	1	0
4123	2	1	1	0	28	749	0	1	1
4124	1	1	1	0	28	749	0	1	0
4124	2	1	1	0	28	749	0	1	1
4126	1	1	1	0	28	749	0	1	0
4126	2	1	1	0	28	749	0	1	1
4127	1	1	1	0	28	749	0	1	0
4127	2	1	1	0	28	749	0	1	1
4128	1	1	1	0	28	749	0	1	0
4128	2	1	1	0	28	749	0	1	1
4129	1	1	1	0	28	749	0	1	0
4129	2	1	1	0	28	749	0	1	1
4130	1	1	1	0	28	2196	0	1	0
4130	2	1	1	0	28	2196	0	1	1
4131	1	1	1	0	28	2052	0	1	0
4131	2	1	1	0	28	2052	0	1	1
4132	1	1	1	0	28	935	0	1	0
4132	2	1	1	0	28	935	0	1	1
4133	1	1	1	0	28	749	0	1	0
4133	2	1	1	0	28	749	0	1	1
4135	1	1	1	0	28	749	0	1	0
4135	2	1	1	0	28	749	0	1	1
4136	1	1	1	0	28	749	0	1	0
4136	2	1	1	0	28	749	0	1	1
4137	1	1	1	0	28	749	0	1	0
4137	2	1	1	0	28	749	0	1	1
4138	1	1	1	0	28	749	0	1	0
4138	2	1	1	0	28	749	0	1	1
4139	1	1	1	0	28	749	0	1	0
4139	2	1	1	0	28	749	0	1	1
4140	1	1	1	0	28	749	0	1	0
4140	2	1	1	0	28	749	0	1	1
4141	1	1	1	0	28	749	0	1	0
4141	2	1	1	0	28	749	0	1	1
4142	1	1	1	0	28	749	0	1	0
4142	2	1	1	0	28	749	0	1	1
4143	1	1	1	0	28	749	0	1	0
4143	2	1	1	0	28	749	0	1	1
4145	1	1	1	0	28	2196	0	1	0
4145	2	1	1	0	28	2196	0	1	1
4146	1	1	1	0	28	2196	0	1	0
4146	2	1	1	0	28	2196	0	1	1
4147	1	1	1	0	28	1479	0	1	0
4147	2	1	1	0	28	1479	0	1	1
4148	1	1	1	0	28	749	0	1	0
4148	2	1	1	0	28	749	0	1	1
4149	1	1	1	0	28	749	0	1	0
4149	2	1	1	0	28	749	0	1	1
4150	1	1	1	0	28	749	0	1	0
4150	2	1	1	0	28	749	0	1	1
4151	1	1	1	0	28	749	0	1	0
4151	2	1	1	0	28	749	0	1	1
4152	1	1	1	0	28	749	0	1	0
4152	2	1	1	0	28	749	0	1	1
4154	1	1	1	0	28	749	0	1	0
4154	2	1	1	0	28	749	0	1	1
4155	1	1	1	0	28	749	0	1	0
4155	2	1	1	0	28	749	0	1	1
4156	1	1	1	0	28	749	0	1	0
4156	2	1	1	0	28	749	0	1	1
4157	1	1	1	0	28	749	0	1	0
4157	2	1	1	0	28	749	0	1	1
4158	1	1	1	0	28	749	0	1	0
4158	2	1	1	0	28	749	0	1	1
4159	1	1	1	0	28	749	0	1	0
4159	2	1	1	0	28	749	0	1	1
4160	1	1	1	0	26	1836	0	1	0
4160	2	1	1	0	26	1836	0	1	1
4161	1	1	1	0	26	1836	0	1	0
4161	2	1	1	0	26	1836	0	1	1
4162	1	1	1	0	26	1527	0	1	0
4162	2	1	1	0	26	1527	0	1	1
4163	1	1	1	0	26	749	0	1	0
4163	2	1	1	0	26	749	0	1	1
4164	1	1	1	0	24	669	0	1	0
4164	2	1	1	0	24	669	0	1	1
4165	1	1	1	0	24	807	0	1	0
4165	2	1	1	0	24	807	0	1	1
4166	1	1	1	0	24	669	0	1	0
4166	2	1	1	0	24	669	0	1	1
4167	1	1	1	0	24	807	0	1	0
4167	2	1	1	0	24	807	0	1	1
4168	1	1	1	0	24	669	0	1	0
4168	2	1	1	0	24	669	0	1	1
4169	1	1	1	0	24	807	0	1	0
4169	2	1	1	0	24	807	0	1	1
4170	1	1	1	0	24	669	0	1	0
4170	2	1	1	0	24	669	0	1	1
4171	1	1	1	0	24	807	0	1	0
4171	2	1	1	0	24	807	0	1	1
4173	1	1	1	0	24	669	0	1	0
4173	2	1	1	0	24	669	0	1	1
4174	1	1	1	0	26	749	0	1	0
4174	2	1	1	0	26	749	0	1	1
4175	1	1	1	0	26	749	0	1	0
4175	2	1	1	0	26	749	0	1	1
4176	1	1	1	0	26	1836	0	1	0
4176	2	1	1	0	26	1836	0	1	1
4177	1	1	1	0	26	1836	0	1	0
4177	2	1	1	0	26	1836	0	1	1
4178	1	1	1	0	28	2052	0	1	0
4178	2	1	1	0	28	2052	0	1	1
4179	1	1	1	0	28	935	0	1	0
4179	2	1	1	0	28	935	0	1	1
4180	1	1	1	0	28	749	0	1	0
4180	2	1	1	0	28	749	0	1	1
4182	1	1	1	0	28	749	0	1	0
4182	2	1	1	0	28	749	0	1	1
4183	1	1	1	0	28	749	0	1	0
4183	2	1	1	0	28	749	0	1	1
4184	1	1	1	0	28	749	0	1	0
4184	2	1	1	0	28	749	0	1	1
4185	1	1	1	0	28	749	0	1	0
4185	2	1	1	0	28	749	0	1	1
4186	1	1	1	0	28	749	0	1	0
4186	2	1	1	0	28	749	0	1	1
4187	1	1	1	0	28	749	0	1	0
4187	2	1	1	0	28	749	0	1	1
4188	1	1	1	0	28	749	0	1	0
4188	2	1	1	0	28	749	0	1	1
4189	1	1	1	0	28	749	0	1	0
4189	2	1	1	0	28	749	0	1	1
4191	1	1	1	0	28	2196	0	1	0
4191	2	1	1	0	28	2196	0	1	1
4192	1	1	1	0	28	2196	0	1	0
4192	2	1	1	0	28	2196	0	1	1
4193	1	1	1	0	28	1479	0	1	0
4193	2	1	1	0	28	1479	0	1	1
4194	1	1	1	0	28	749	0	1	0
4194	2	1	1	0	28	749	0	1	1
4195	1	1	1	0	28	749	0	1	0
4195	2	1	1	0	28	749	0	1	1
4196	1	1	1	0	28	749	0	1	0
4196	2	1	1	0	28	749	0	1	1
4197	1	1	1	0	28	749	0	1	0
4197	2	1	1	0	28	749	0	1	1
4198	1	1	1	0	28	749	0	1	0
4198	2	1	1	0	28	749	0	1	1
4199	1	1	1	0	28	749	0	1	0
4199	2	1	1	0	28	749	0	1	1
4201	1	1	1	0	28	749	0	1	0
4201	2	1	1	0	28	749	0	1	1
4202	1	1	1	0	28	749	0	1	0
4202	2	1	1	0	28	749	0	1	1
4203	1	1	1	0	28	749	0	1	0
4203	2	1	1	0	28	749	0	1	1
4204	1	1	1	0	28	749	0	1	0
4204	2	1	1	0	28	749	0	1	1
4205	1	1	1	0	28	749	0	1	0
4205	2	1	1	0	28	749	0	1	1
4206	1	1	1	0	28	2196	0	1	0
4206	2	1	1	0	28	2196	0	1	1
4207	1	1	1	0	28	1479	0	1	0
4207	2	1	1	0	28	1479	0	1	1
4208	1	1	1	0	28	749	0	1	0
4208	2	1	1	0	28	749	0	1	1
4210	1	1	1	0	28	749	0	1	0
4210	2	1	1	0	28	749	0	1	1
4211	1	1	1	0	28	749	0	1	0
4211	2	1	1	0	28	749	0	1	1
4212	1	1	1	0	28	749	0	1	0
4212	2	1	1	0	28	749	0	1	1
4213	1	1	1	0	28	749	0	1	0
4213	2	1	1	0	28	749	0	1	1
4214	1	1	1	0	28	749	0	1	0
4214	2	1	1	0	28	749	0	1	1
4215	1	1	1	0	28	749	0	1	0
4215	2	1	1	0	28	749	0	1	1
4216	1	1	1	0	28	749	0	1	0
4216	2	1	1	0	28	749	0	1	1
4217	1	1	1	0	28	749	0	1	0
4217	2	1	1	0	28	749	0	1	1
4219	1	1	1	0	28	749	0	1	0
4219	2	1	1	0	28	749	0	1	1
4220	1	1	1	0	28	749	0	1	0
4220	2	1	1	0	28	749	0	1	1
4221	1	1	1	0	28	2196	0	1	0
4221	2	1	1	0	28	2196	0	1	1
4222	1	1	1	0	28	1479	0	1	0
4222	2	1	1	0	28	1479	0	1	1
4223	1	1	1	0	28	749	0	1	0
4223	2	1	1	0	28	749	0	1	1
4224	1	1	1	0	28	749	0	1	0
4224	2	1	1	0	28	749	0	1	1
4225	1	1	1	0	28	749	0	1	0
4225	2	1	1	0	28	749	0	1	1
4226	1	1	1	0	28	749	0	1	0
4226	2	1	1	0	28	749	0	1	1
4227	1	1	1	0	28	749	0	1	0
4227	2	1	1	0	28	749	0	1	1
4229	1	1	1	0	28	749	0	1	0
4229	2	1	1	0	28	749	0	1	1
4230	1	1	1	0	28	749	0	1	0
4230	2	1	1	0	28	749	0	1	1
4231	1	1	1	0	28	749	0	1	0
4231	2	1	1	0	28	749	0	1	1
4232	1	1	1	0	28	749	0	1	0
4232	2	1	1	0	28	749	0	1	1
4233	1	1	1	0	28	749	0	1	0
4233	2	1	1	0	28	749	0	1	1
4234	1	1	1	0	28	749	0	1	0
4234	2	1	1	0	28	749	0	1	1
4235	1	1	1	0	28	749	0	1	0
4235	2	1	1	0	28	749	0	1	1
4236	1	1	1	0	28	2196	0	1	0
4236	2	1	1	0	28	2196	0	1	1
4237	1	1	1	0	28	749	0	1	0
4237	2	1	1	0	28	749	0	1	1
4238	1	1	1	0	28	749	0	1	0
4238	2	1	1	0	28	749	0	1	1
4239	1	1	1	0	28	749	0	1	0
4239	2	1	1	0	28	749	0	1	1
4240	1	1	1	0	28	749	0	1	0
4240	2	1	1	0	28	749	0	1	1
4241	1	1	1	0	28	749	0	1	0
4241	2	1	1	0	28	749	0	1	1
4242	1	1	1	0	28	749	0	1	0
4242	2	1	1	0	28	749	0	1	1
4243	1	1	1	0	28	749	0	1	0
4243	2	1	1	0	28	749	0	1	1
4244	1	1	1	0	28	749	0	1	0
4244	2	1	1	0	28	749	0	1	1
4245	1	1	1	0	28	749	0	1	0
4245	2	1	1	0	28	749	0	1	1
4247	1	1	1	0	28	749	0	1	0
4247	2	1	1	0	28	749	0	1	1
4248	1	1	1	0	28	749	0	1	0
4248	2	1	1	0	28	749	0	1	1
4249	1	1	1	0	28	749	0	1	0
4249	2	1	1	0	28	749	0	1	1
4250	1	1	1	0	28	749	0	1	0
4250	2	1	1	0	28	749	0	1	1
4251	1	1	1	0	28	2196	0	1	0
4251	2	1	1	0	28	2196	0	1	1
4252	1	1	1	0	28	2052	0	1	0
4252	2	1	1	0	28	2052	0	1	1
4253	1	1	1	0	28	935	0	1	0
4253	2	1	1	0	28	935	0	1	1
4254	1	1	1	0	28	749	0	1	0
4254	2	1	1	0	28	749	0	1	1
4255	1	1	1	0	28	749	0	1	0
4255	2	1	1	0	28	749	0	1	1
4257	1	1	1	0	28	749	0	1	0
4257	2	1	1	0	28	749	0	1	1
4258	1	1	1	0	28	749	0	1	0
4258	2	1	1	0	28	749	0	1	1
4259	1	1	1	0	28	749	0	1	0
4259	2	1	1	0	28	749	0	1	1
4260	1	1	1	0	28	749	0	1	0
4260	2	1	1	0	28	749	0	1	1
4261	1	1	1	0	28	749	0	1	0
4261	2	1	1	0	28	749	0	1	1
4262	1	1	1	0	28	749	0	1	0
4262	2	1	1	0	28	749	0	1	1
4263	1	1	1	0	28	749	0	1	0
4263	2	1	1	0	28	749	0	1	1
4264	1	1	1	0	28	749	0	1	0
4264	2	1	1	0	28	749	0	1	1
4266	1	1	1	0	28	749	0	1	0
4266	2	1	1	0	28	749	0	1	1
4267	1	1	1	0	28	2196	0	1	0
4267	2	1	1	0	28	2196	0	1	1
4268	1	1	1	0	28	2052	0	1	0
4268	2	1	1	0	28	2052	0	1	1
4269	1	1	1	0	28	935	0	1	0
4269	2	1	1	0	28	935	0	1	1
4270	1	1	1	0	28	749	0	1	0
4270	2	1	1	0	28	749	0	1	1
4271	1	1	1	0	28	749	0	1	0
4271	2	1	1	0	28	749	0	1	1
4272	1	1	1	0	28	749	0	1	0
4272	2	1	1	0	28	749	0	1	1
4273	1	1	1	0	28	749	0	1	0
4273	2	1	1	0	28	749	0	1	1
4275	1	1	1	0	28	749	0	1	0
4275	2	1	1	0	28	749	0	1	1
4276	1	1	1	0	28	749	0	1	0
4276	2	1	1	0	28	749	0	1	1
4277	1	1	1	0	28	749	0	1	0
4277	2	1	1	0	28	749	0	1	1
4278	1	1	1	0	28	749	0	1	0
4278	2	1	1	0	28	749	0	1	1
4279	1	1	1	0	28	749	0	1	0
4279	2	1	1	0	28	749	0	1	1
4280	1	1	1	0	28	749	0	1	0
4280	2	1	1	0	28	749	0	1	1
4281	1	1	1	0	28	749	0	1	0
4281	2	1	1	0	28	749	0	1	1
4282	1	1	1	0	28	749	0	1	0
4282	2	1	1	0	28	749	0	1	1
4283	1	1	1	0	28	2196	0	1	0
4283	2	1	1	0	28	2196	0	1	1
4284	1	1	1	0	28	2196	0	1	0
4284	2	1	1	0	28	2196	0	1	1
4285	1	1	1	0	28	749	0	1	0
4285	2	1	1	0	28	749	0	1	1
4286	1	1	1	0	28	749	0	1	0
4286	2	1	1	0	28	749	0	1	1
4287	1	1	1	0	28	749	0	1	0
4287	2	1	1	0	28	749	0	1	1
4288	1	1	1	0	28	749	0	1	0
4288	2	1	1	0	28	749	0	1	1
4289	1	1	1	0	28	749	0	1	0
4289	2	1	1	0	28	749	0	1	1
4290	1	1	1	0	28	749	0	1	0
4290	2	1	1	0	28	749	0	1	1
4291	1	1	1	0	28	749	0	1	0
4291	2	1	1	0	28	749	0	1	1
4292	1	1	1	0	28	749	0	1	0
4292	2	1	1	0	28	749	0	1	1
4294	1	1	1	0	28	749	0	1	0
4294	2	1	1	0	28	749	0	1	1
4295	1	1	1	0	28	749	0	1	0
4295	2	1	1	0	28	749	0	1	1
4296	1	1	1	0	28	749	0	1	0
4296	2	1	1	0	28	749	0	1	1
4297	1	1	1	0	28	749	0	1	0
4297	2	1	1	0	28	749	0	1	1
4298	1	1	1	0	28	2196	0	1	0
4298	2	1	1	0	28	2196	0	1	1
4299	1	1	1	0	28	2052	0	1	0
4299	2	1	1	0	28	2052	0	1	1
4300	1	1	1	0	28	935	0	1	0
4300	2	1	1	0	28	935	0	1	1
4301	1	1	1	0	28	749	0	1	0
4301	2	1	1	0	28	749	0	1	1
4303	1	1	1	0	28	749	0	1	0
4303	2	1	1	0	28	749	0	1	1
4304	1	1	1	0	28	749	0	1	0
4304	2	1	1	0	28	749	0	1	1
4305	1	1	1	0	28	749	0	1	0
4305	2	1	1	0	28	749	0	1	1
4306	1	1	1	0	28	749	0	1	0
4306	2	1	1	0	28	749	0	1	1
4307	1	1	1	0	28	749	0	1	0
4307	2	1	1	0	28	749	0	1	1
4308	1	1	1	0	28	749	0	1	0
4308	2	1	1	0	28	749	0	1	1
4309	1	1	1	0	28	749	0	1	0
4309	2	1	1	0	28	749	0	1	1
4310	1	1	1	0	28	749	0	1	0
4310	2	1	1	0	28	749	0	1	1
4311	1	1	1	0	28	749	0	1	0
4311	2	1	1	0	28	749	0	1	1
4313	1	1	1	0	28	2196	0	1	0
4313	2	1	1	0	28	2196	0	1	1
4314	1	1	1	0	28	2196	0	1	0
4314	2	1	1	0	28	2196	0	1	1
4315	1	1	1	0	28	1479	0	1	0
4315	2	1	1	0	28	1479	0	1	1
4316	1	1	1	0	28	749	0	1	0
4316	2	1	1	0	28	749	0	1	1
4317	1	1	1	0	28	749	0	1	0
4317	2	1	1	0	28	749	0	1	1
4318	1	1	1	0	28	749	0	1	0
4318	2	1	1	0	28	749	0	1	1
4319	1	1	1	0	28	749	0	1	0
4319	2	1	1	0	28	749	0	1	1
4320	1	1	1	0	28	749	0	1	0
4320	2	1	1	0	28	749	0	1	1
4322	1	1	1	0	28	749	0	1	0
4322	2	1	1	0	28	749	0	1	1
4323	1	1	1	0	28	749	0	1	0
4323	2	1	1	0	28	749	0	1	1
4324	1	1	1	0	28	749	0	1	0
4324	2	1	1	0	28	749	0	1	1
4325	1	1	1	0	28	749	0	1	0
4325	2	1	1	0	28	749	0	1	1
4326	1	1	1	0	28	749	0	1	0
4326	2	1	1	0	28	749	0	1	1
4327	1	1	1	0	28	749	0	1	0
4327	2	1	1	0	28	749	0	1	1
4328	1	1	1	0	28	2196	0	1	0
4328	2	1	1	0	28	2196	0	1	1
4329	1	1	1	0	28	2196	0	1	0
4329	2	1	1	0	28	2196	0	1	1
4330	1	1	1	0	28	749	0	1	0
4330	2	1	1	0	28	749	0	1	1
4331	1	1	1	0	28	749	0	1	0
4331	2	1	1	0	28	749	0	1	1
4332	1	1	1	0	28	749	0	1	0
4332	2	1	1	0	28	749	0	1	1
4333	1	1	1	0	28	749	0	1	0
4333	2	1	1	0	28	749	0	1	1
4334	1	1	1	0	28	749	0	1	0
4334	2	1	1	0	28	749	0	1	1
4335	1	1	1	0	28	749	0	1	0
4335	2	1	1	0	28	749	0	1	1
4336	1	1	1	0	28	749	0	1	0
4336	2	1	1	0	28	749	0	1	1
4337	1	1	1	0	28	749	0	1	0
4337	2	1	1	0	28	749	0	1	1
4338	1	1	1	0	28	749	0	1	0
4338	2	1	1	0	28	749	0	1	1
4339	1	1	1	0	28	749	0	1	0
4339	2	1	1	0	28	749	0	1	1
4341	1	1	1	0	28	749	0	1	0
4341	2	1	1	0	28	749	0	1	1
4342	1	1	1	0	28	749	0	1	0
4342	2	1	1	0	28	749	0	1	1
4343	1	1	1	0	28	749	0	1	0
4343	2	1	1	0	28	749	0	1	1
4344	1	1	1	0	28	2196	0	1	0
4344	2	1	1	0	28	2196	0	1	1
4345	1	1	1	0	28	2196	0	1	0
4345	2	1	1	0	28	2196	0	1	1
4346	1	1	1	0	28	1479	0	1	0
4346	2	1	1	0	28	1479	0	1	1
4347	1	1	1	0	28	749	0	1	0
4347	2	1	1	0	28	749	0	1	1
4348	1	1	1	0	28	749	0	1	0
4348	2	1	1	0	28	749	0	1	1
4350	1	1	1	0	28	749	0	1	0
4350	2	1	1	0	28	749	0	1	1
4351	1	1	1	0	28	749	0	1	0
4351	2	1	1	0	28	749	0	1	1
4352	1	1	1	0	28	749	0	1	0
4352	2	1	1	0	28	749	0	1	1
4353	1	1	1	0	28	749	0	1	0
4353	2	1	1	0	28	749	0	1	1
4354	1	1	1	0	28	749	0	1	0
4354	2	1	1	0	28	749	0	1	1
4355	1	1	1	0	28	749	0	1	0
4355	2	1	1	0	28	749	0	1	1
4356	1	1	1	0	28	749	0	1	0
4356	2	1	1	0	28	749	0	1	1
4357	1	1	1	0	28	749	0	1	0
4357	2	1	1	0	28	749	0	1	1
4359	1	1	1	0	28	2196	0	1	0
4359	2	1	1	0	28	2196	0	1	1
4360	1	1	1	0	28	2196	0	1	0
4360	2	1	1	0	28	2196	0	1	1
4361	1	1	1	0	28	1479	0	1	0
4361	2	1	1	0	28	1479	0	1	1
4362	1	1	1	0	28	749	0	1	0
4362	2	1	1	0	28	749	0	1	1
4363	1	1	1	0	28	749	0	1	0
4363	2	1	1	0	28	749	0	1	1
4364	1	1	1	0	28	749	0	1	0
4364	2	1	1	0	28	749	0	1	1
4365	1	1	1	0	28	749	0	1	0
4365	2	1	1	0	28	749	0	1	1
4366	1	1	1	0	28	749	0	1	0
4366	2	1	1	0	28	749	0	1	1
4367	1	1	1	0	28	749	0	1	0
4367	2	1	1	0	28	749	0	1	1
4369	1	1	1	0	28	749	0	1	0
4369	2	1	1	0	28	749	0	1	1
4370	1	1	1	0	28	749	0	1	0
4370	2	1	1	0	28	749	0	1	1
4371	1	1	1	0	28	749	0	1	0
4371	2	1	1	0	28	749	0	1	1
4372	1	1	1	0	28	749	0	1	0
4372	2	1	1	0	28	749	0	1	1
4373	1	1	1	0	28	749	0	1	0
4373	2	1	1	0	28	749	0	1	1
4374	1	1	1	0	28	2196	0	1	0
4374	2	1	1	0	28	2196	0	1	1
4375	1	1	1	0	28	1479	0	1	0
4375	2	1	1	0	28	1479	0	1	1
4376	1	1	1	0	28	749	0	1	0
4376	2	1	1	0	28	749	0	1	1
4378	1	1	1	0	28	749	0	1	0
4378	2	1	1	0	28	749	0	1	1
4379	1	1	1	0	28	749	0	1	0
4379	2	1	1	0	28	749	0	1	1
4380	1	1	1	0	28	749	0	1	0
4380	2	1	1	0	28	749	0	1	1
4381	1	1	1	0	28	749	0	1	0
4381	2	1	1	0	28	749	0	1	1
4382	1	1	1	0	28	749	0	1	0
4382	2	1	1	0	28	749	0	1	1
4383	1	1	1	0	28	749	0	1	0
4383	2	1	1	0	28	749	0	1	1
4384	1	1	1	0	28	749	0	1	0
4384	2	1	1	0	28	749	0	1	1
4385	1	1	1	0	28	749	0	1	0
4385	2	1	1	0	28	749	0	1	1
4387	1	1	1	0	28	749	0	1	0
4387	2	1	1	0	28	749	0	1	1
4388	1	1	1	0	28	749	0	1	0
4388	2	1	1	0	28	749	0	1	1
4389	1	1	1	0	28	2196	0	1	0
4389	2	1	1	0	28	2196	0	1	1
4390	1	1	1	0	28	1479	0	1	0
4390	2	1	1	0	28	1479	0	1	1
4391	1	1	1	0	28	749	0	1	0
4391	2	1	1	0	28	749	0	1	1
4392	1	1	1	0	28	749	0	1	0
4392	2	1	1	0	28	749	0	1	1
4393	1	1	1	0	28	749	0	1	0
4393	2	1	1	0	28	749	0	1	1
4394	1	1	1	0	28	749	0	1	0
4394	2	1	1	0	28	749	0	1	1
4395	1	1	1	0	28	749	0	1	0
4395	2	1	1	0	28	749	0	1	1
4397	1	1	1	0	28	749	0	1	0
4397	2	1	1	0	28	749	0	1	1
4398	1	1	1	0	28	749	0	1	0
4398	2	1	1	0	28	749	0	1	1
4399	1	1	1	0	28	749	0	1	0
4399	2	1	1	0	28	749	0	1	1
4400	1	1	1	0	28	749	0	1	0
4400	2	1	1	0	28	749	0	1	1
4401	1	1	1	0	28	749	0	1	0
4401	2	1	1	0	28	749	0	1	1
4402	1	1	1	0	28	749	0	1	0
4402	2	1	1	0	28	749	0	1	1
4403	1	1	1	0	28	749	0	1	0
4403	2	1	1	0	28	749	0	1	1
4404	1	1	1	0	28	2196	0	1	0
4404	2	1	1	0	28	2196	0	1	1
4405	1	1	1	0	28	749	0	1	0
4405	2	1	1	0	28	749	0	1	1
4406	1	1	1	0	28	749	0	1	0
4406	2	1	1	0	28	749	0	1	1
4407	1	1	1	0	28	749	0	1	0
4407	2	1	1	0	28	749	0	1	1
4408	1	1	1	0	28	749	0	1	0
4408	2	1	1	0	28	749	0	1	1
4409	1	1	1	0	28	749	0	1	0
4409	2	1	1	0	28	749	0	1	1
4410	1	1	1	0	28	749	0	1	0
4410	2	1	1	0	28	749	0	1	1
4411	1	1	1	0	28	749	0	1	0
4411	2	1	1	0	28	749	0	1	1
4412	1	1	1	0	28	749	0	1	0
4412	2	1	1	0	28	749	0	1	1
4413	1	1	1	0	28	749	0	1	0
4413	2	1	1	0	28	749	0	1	1
4415	1	1	1	0	28	749	0	1	0
4415	2	1	1	0	28	749	0	1	1
4416	1	1	1	0	28	749	0	1	0
4416	2	1	1	0	28	749	0	1	1
4417	1	1	1	0	28	749	0	1	0
4417	2	1	1	0	28	749	0	1	1
4418	1	1	1	0	28	749	0	1	0
4418	2	1	1	0	28	749	0	1	1
4419	1	1	1	0	24	1620	0	1	0
4419	2	1	1	0	24	1620	0	1	1
4420	1	1	1	0	24	1620	0	1	0
4420	2	1	1	0	24	1620	0	1	1
4421	1	1	1	0	28	1836	0	1	0
4421	2	1	1	0	28	1836	0	1	1
4422	1	1	1	0	28	749	0	1	0
4422	2	1	1	0	28	749	0	1	1
4423	1	1	1	0	28	749	0	1	0
4423	2	1	1	0	28	749	0	1	1
4424	1	1	1	0	28	185	0	1	0
4424	2	1	1	0	28	185	0	1	1
4425	1	1	1	0	28	749	0	1	0
4425	2	1	1	0	28	749	0	1	1
4426	1	1	1	0	28	749	0	1	0
4426	2	1	1	0	28	749	0	1	1
4427	1	1	1	0	28	749	0	1	0
4427	2	1	1	0	28	749	0	1	1
4428	1	1	1	0	28	749	0	1	0
4428	2	1	1	0	28	749	0	1	1
4429	1	1	1	0	28	749	0	1	0
4429	2	1	1	0	28	749	0	1	1
4430	1	1	1	0	28	749	0	1	0
4430	2	1	1	0	28	749	0	1	1
4431	1	1	1	0	28	749	0	1	0
4431	2	1	1	0	28	749	0	1	1
4432	1	1	1	0	28	749	0	1	0
4432	2	1	1	0	28	749	0	1	1
4434	1	1	1	0	28	749	0	1	0
4434	2	1	1	0	28	749	0	1	1
4435	1	1	1	0	22	1383	0	1	0
4435	2	1	1	0	22	1383	0	1	1
4436	1	1	1	0	22	1383	0	1	0
4436	2	1	1	0	22	1383	0	1	1
4437	1	1	1	0	22	1383	0	1	0
4437	2	1	1	0	22	1383	0	1	1
4438	1	1	1	0	28	1692	0	1	0
4438	2	1	1	0	28	1692	0	1	1
4439	1	1	1	0	28	749	0	1	0
4439	2	1	1	0	28	749	0	1	1
4440	1	1	1	0	28	749	0	1	0
4440	2	1	1	0	28	749	0	1	1
4441	1	1	1	0	28	749	0	1	0
4441	2	1	1	0	28	749	0	1	1
4443	1	1	1	0	28	749	0	1	0
4443	2	1	1	0	28	749	0	1	1
4444	1	1	1	0	28	749	0	1	0
4444	2	1	1	0	28	749	0	1	1
4445	1	1	1	0	28	749	0	1	0
4445	2	1	1	0	28	749	0	1	1
4446	1	1	1	0	28	749	0	1	0
4446	2	1	1	0	28	749	0	1	1
4447	1	1	1	0	28	749	0	1	0
4447	2	1	1	0	28	749	0	1	1
4448	1	1	1	0	28	749	0	1	0
4448	2	1	1	0	28	749	0	1	1
4449	1	1	1	0	28	749	0	1	0
4449	2	1	1	0	28	749	0	1	1
4450	1	1	1	0	28	749	0	1	0
4450	2	1	1	0	28	749	0	1	1
4451	1	1	1	0	20	1191	0	1	0
4451	2	1	1	0	20	1191	0	1	1
4452	1	1	1	0	20	1191	0	1	0
4452	2	1	1	0	20	1191	0	1	1
4453	1	1	1	0	20	1191	0	1	0
4453	2	1	1	0	20	1191	0	1	1
4454	1	1	1	0	22	1383	0	1	0
4454	2	1	1	0	22	1383	0	1	1
4455	1	1	1	0	28	1692	0	1	0
4455	2	1	1	0	28	1692	0	1	1
4456	1	1	1	0	26	749	0	1	0
4456	2	1	1	0	26	749	0	1	1
4457	1	1	1	0	26	749	0	1	0
4457	2	1	1	0	26	749	0	1	1
4458	1	1	1	0	24	669	0	1	0
4458	2	1	1	0	24	669	0	1	1
4459	1	1	1	0	24	807	0	1	0
4459	2	1	1	0	24	807	0	1	1
4460	1	1	1	0	24	669	0	1	0
4460	2	1	1	0	24	669	0	1	1
4461	1	1	1	0	24	133	0	1	0
4461	2	1	1	0	24	133	0	1	1
4462	1	1	1	0	22	693	0	1	0
4462	2	1	1	0	22	693	0	1	1
4463	1	1	1	0	22	693	0	1	0
4463	2	1	1	0	22	693	0	1	1
4464	1	1	1	0	20	775	0	1	0
4464	2	1	1	0	20	775	0	1	1
4465	1	1	1	0	20	693	0	1	0
4465	2	1	1	0	20	693	0	1	1
4466	1	1	1	0	18	749	0	1	0
4466	2	1	1	0	18	749	0	1	1
4467	1	1	1	0	18	967	0	1	0
4467	2	1	1	0	18	967	0	1	1
4468	1	1	1	0	24	133	1	0	0
4468	2	1	1	0	14	775	0	1	1
4469	1	1	1	0	14	775	0	1	0
4469	2	1	1	0	14	775	0	1	1
4470	1	1	1	0	10	469	0	1	0
4470	2	1	1	0	10	469	0	1	1
4471	1	1	1	0	10	469	0	1	0
4471	2	1	1	0	10	469	0	1	1
4472	1	1	1	0	8	421	0	1	0
4472	2	1	1	0	8	421	0	1	1
4473	1	1	1	0	8	421	0	1	0
4473	2	1	1	0	8	421	0	1	1
4474	1	1	1	0	6	309	0	1	0
4474	2	1	1	0	6	309	0	1	1
4475	1	1	1	0	6	309	0	1	0
4475	2	1	1	0	6	309	0	1	1
4476	1	1	1	0	2	133	0	1	0
4476	2	1	1	0	2	133	0	1	1
4477	1	1	1	0	2	133	0	1	0
4477	2	1	1	0	2	133	0	1	1
4478	1	1	1	0	2	133	0	1	0
4478	2	1	1	0	2	133	0	1	1
4479	1	1	1	0	2	133	0	1	0
4479	2	1	1	0	2	133	0	1	1
4480	1	1	1	0	6	309	0	1	0
4480	2	1	1	0	6	309	0	1	1
4481	1	1	1	0	6	309	0	1	0
4481	2	1	1	0	6	309	0	1	1
4482	1	1	1	0	10	469	0	1	0
4482	2	1	1	0	10	469	0	1	1
4483	1	1	1	0	10	469	0	1	0
4483	2	1	1	0	10	469	0	1	1
4484	1	1	1	0	12	597	0	1	0
4484	2	1	1	0	12	597	0	1	1
4485	1	1	1	0	12	597	0	1	0
4485	2	1	1	0	12	597	0	1	1
4486	1	1	1	0	14	775	0	1	0
4486	2	1	1	0	14	775	0	1	1
4487	1	1	1	0	14	775	0	1	0
4487	2	1	1	0	14	775	0	1	1
4488	1	1	1	0	18	967	0	1	0
4488	2	1	1	0	18	967	0	1	1
4489	1	1	1	0	18	967	0	1	0
4489	2	1	1	0	18	967	0	1	1
4490	1	1	1	0	18	967	0	1	0
4490	2	1	1	0	18	967	0	1	1
4491	1	1	1	0	18	967	0	1	0
4491	2	1	1	0	18	967	0	1	1
4492	1	1	1	0	20	1191	0	1	0
4492	2	1	1	0	20	1191	0	1	1
4493	1	1	1	0	20	1191	0	1	0
4493	2	1	1	0	20	1191	0	1	1
4494	1	1	1	0	22	1383	0	1	0
4494	2	1	1	0	22	1383	0	1	1
4495	1	1	1	0	22	1031	0	1	0
4495	2	1	1	0	22	1031	0	1	1
4496	1	1	1	0	22	807	0	1	0
4496	2	1	1	0	22	807	0	1	1
4497	1	1	1	0	24	669	0	1	0
4497	2	1	1	0	24	669	0	1	1
4498	1	1	1	0	28	185	0	1	0
4498	2	1	1	0	28	185	0	1	1
4499	1	1	1	0	24	669	0	1	0
4499	2	1	1	0	24	669	0	1	1
4500	1	1	1	0	28	749	0	1	0
4500	2	1	1	0	28	749	0	1	1
4501	1	1	1	0	28	749	0	1	0
4501	2	1	1	0	28	749	0	1	1
4502	1	1	1	0	28	749	0	1	0
4502	2	1	1	0	28	749	0	1	1
4503	1	1	1	0	28	749	0	1	0
4503	2	1	1	0	28	749	0	1	1
4504	1	1	1	0	28	749	0	1	0
4504	2	1	1	0	28	749	0	1	1
4505	1	1	1	0	28	749	0	1	0
4505	2	1	1	0	28	749	0	1	1
4506	1	1	1	0	28	749	0	1	0
4506	2	1	1	0	28	749	0	1	1
4507	1	1	1	0	28	749	0	1	0
4507	2	1	1	0	28	749	0	1	1
4509	1	1	1	0	28	749	0	1	0
4509	2	1	1	0	28	749	0	1	1
4510	1	1	1	0	28	749	0	1	0
4510	2	1	1	0	28	749	0	1	1
4511	1	1	1	0	28	749	0	1	0
4511	2	1	1	0	28	749	0	1	1
4512	1	1	1	0	28	749	0	1	0
4512	2	1	1	0	28	749	0	1	1
4513	1	1	1	0	28	749	0	1	0
4513	2	1	1	0	28	749	0	1	1
4514	1	1	1	0	28	749	0	1	0
4514	2	1	1	0	28	749	0	1	1
4515	1	1	1	0	28	749	0	1	0
4515	2	1	1	0	28	749	0	1	1
4516	1	1	1	0	28	749	0	1	0
4516	2	1	1	0	28	749	0	1	1
4518	1	1	1	0	28	749	0	1	0
4518	2	1	1	0	28	749	0	1	1
4519	1	1	1	0	28	749	0	1	0
4519	2	1	1	0	28	749	0	1	1
4520	1	1	1	0	28	749	0	1	0
4520	2	1	1	0	28	749	0	1	1
4521	1	1	1	0	28	749	0	1	0
4521	2	1	1	0	28	749	0	1	1
4522	1	1	1	0	28	749	0	1	0
4522	2	1	1	0	28	749	0	1	1
4523	1	1	1	0	28	749	0	1	0
4523	2	1	1	0	28	749	0	1	1
4524	1	1	1	0	28	749	0	1	0
4524	2	1	1	0	28	749	0	1	1
4525	1	1	1	0	28	749	0	1	0
4525	2	1	1	0	28	749	0	1	1
4527	1	1	1	0	28	749	0	1	0
4527	2	1	1	0	28	749	0	1	1
4528	1	1	1	0	28	749	0	1	0
4528	2	1	1	0	28	749	0	1	1
4529	1	1	1	0	28	749	0	1	0
4529	2	1	1	0	28	749	0	1	1
4530	1	1	1	0	28	749	0	1	0
4530	2	1	1	0	28	749	0	1	1
4531	1	1	1	0	28	749	0	1	0
4531	2	1	1	0	28	749	0	1	1
4532	1	1	1	0	28	749	0	1	0
4532	2	1	1	0	28	749	0	1	1
4533	1	1	1	0	28	749	0	1	0
4533	2	1	1	0	28	749	0	1	1
4534	1	1	1	0	28	749	0	1	0
4534	2	1	1	0	28	749	0	1	1
4535	1	1	1	0	28	749	0	1	0
4535	2	1	1	0	28	749	0	1	1
4537	1	1	1	0	28	749	0	1	0
4537	2	1	1	0	28	749	0	1	1
4538	1	1	1	0	28	749	0	1	0
4538	2	1	1	0	28	749	0	1	1
4539	1	1	1	0	28	749	0	1	0
4539	2	1	1	0	28	749	0	1	1
4540	1	1	1	0	28	749	0	1	0
4540	2	1	1	0	28	749	0	1	1
4541	1	1	1	0	28	749	0	1	0
4541	2	1	1	0	28	749	0	1	1
4542	1	1	1	0	28	749	0	1	0
4542	2	1	1	0	28	749	0	1	1
4543	1	1	1	0	28	749	0	1	0
4543	2	1	1	0	28	749	0	1	1
4544	1	1	1	0	28	749	0	1	0
4544	2	1	1	0	28	749	0	1	1
4546	1	1	1	0	28	749	0	1	0
4546	2	1	1	0	28	749	0	1	1
4547	1	1	1	0	28	749	0	1	0
4547	2	1	1	0	28	749	0	1	1
4548	1	1	1	0	28	749	0	1	0
4548	2	1	1	0	28	749	0	1	1
4549	1	1	1	0	28	749	0	1	0
4549	2	1	1	0	28	749	0	1	1
4550	1	1	1	0	28	749	0	1	0
4550	2	1	1	0	28	749	0	1	1
4551	1	1	1	0	28	749	0	1	0
4551	2	1	1	0	28	749	0	1	1
4552	1	1	1	0	28	749	0	1	0
4552	2	1	1	0	28	749	0	1	1
4553	1	1	1	0	28	749	0	1	0
4553	2	1	1	0	28	749	0	1	1
4555	1	1	1	0	28	749	0	1	0
4555	2	1	1	0	28	749	0	1	1
4556	1	1	1	0	28	749	0	1	0
4556	2	1	1	0	28	749	0	1	1
4557	1	1	1	0	28	749	0	1	0
4557	2	1	1	0	28	749	0	1	1
4558	1	1	1	0	28	749	0	1	0
4558	2	1	1	0	28	749	0	1	1
4559	1	1	1	0	28	749	0	1	0
4559	2	1	1	0	28	749	0	1	1
4560	1	1	1	0	28	749	0	1	0
4560	2	1	1	0	28	749	0	1	1
4561	1	1	1	0	28	749	0	1	0
4561	2	1	1	0	28	749	0	1	1
4562	1	1	1	0	28	749	0	1	0
4562	2	1	1	0	28	749	0	1	1
4563	1	1	1	0	28	749	0	1	0
4563	2	1	1	0	28	749	0	1	1
4565	1	1	1	0	28	749	0	1	0
4565	2	1	1	0	28	749	0	1	1
4566	1	1	1	0	28	749	0	1	0
4566	2	1	1	0	28	749	0	1	1
4567	1	1	1	0	28	749	0	1	0
4567	2	1	1	0	28	749	0	1	1
4568	1	1	1	0	28	749	0	1	0
4568	2	1	1	0	28	749	0	1	1
4569	1	1	1	0	28	749	0	1	0
4569	2	1	1	0	28	749	0	1	1
4570	1	1	1	0	28	749	0	1	0
4570	2	1	1	0	28	749	0	1	1
4571	1	1	1	0	28	749	0	1	0
4571	2	1	1	0	28	749	0	1	1
4572	1	1	1	0	28	749	0	1	0
4572	2	1	1	0	28	749	0	1	1
4574	1	1	1	0	28	749	0	1	0
4574	2	1	1	0	28	749	0	1	1
4575	1	1	1	0	28	749	0	1	0
4575	2	1	1	0	28	749	0	1	1
4576	1	1	1	0	28	749	0	1	0
4576	2	1	1	0	28	749	0	1	1
4577	1	1	1	0	28	749	0	1	0
4577	2	1	1	0	28	749	0	1	1
4578	1	1	1	0	28	749	0	1	0
4578	2	1	1	0	28	749	0	1	1
4579	1	1	1	0	28	749	0	1	0
4579	2	1	1	0	28	749	0	1	1
4580	1	1	1	0	28	749	0	1	0
4580	2	1	1	0	28	749	0	1	1
4581	1	1	1	0	28	749	0	1	0
4581	2	1	1	0	28	749	0	1	1
4583	1	1	1	0	28	749	0	1	0
4583	2	1	1	0	28	749	0	1	1
4584	1	1	1	0	28	749	0	1	0
4584	2	1	1	0	28	749	0	1	1
4585	1	1	1	0	28	749	0	1	0
4585	2	1	1	0	28	749	0	1	1
4586	1	1	1	0	28	749	0	1	0
4586	2	1	1	0	28	749	0	1	1
4587	1	1	1	0	28	749	0	1	0
4587	2	1	1	0	28	749	0	1	1
4588	1	1	1	0	28	749	0	1	0
4588	2	1	1	0	28	749	0	1	1
4589	1	1	1	0	28	749	0	1	0
4589	2	1	1	0	28	749	0	1	1
4590	1	1	1	0	28	749	0	1	0
4590	2	1	1	0	28	749	0	1	1
4591	1	1	1	0	28	749	0	1	0
4591	2	1	1	0	28	749	0	1	1
4593	1	1	1	0	28	749	0	1	0
4593	2	1	1	0	28	749	0	1	1
4594	1	1	1	0	28	749	0	1	0
4594	2	1	1	0	28	749	0	1	1
4595	1	1	1	0	28	749	0	1	0
4595	2	1	1	0	28	749	0	1	1
4596	1	1	1	0	28	749	0	1	0
4596	2	1	1	0	28	749	0	1	1
4597	1	1	1	0	28	749	0	1	0
4597	2	1	1	0	28	749	0	1	1
4598	1	1	1	0	28	749	0	1	0
4598	2	1	1	0	28	749	0	1	1
4599	1	1	1	0	28	749	0	1	0
4599	2	1	1	0	28	749	0	1	1
4600	1	1	1	0	28	749	0	1	0
4600	2	1	1	0	28	749	0	1	1
4602	1	1	1	0	28	749	0	1	0
4602	2	1	1	0	28	749	0	1	1
4603	1	1	1	0	28	749	0	1	0
4603	2	1	1	0	28	749	0	1	1
4604	1	1	1	0	26	749	0	1	0
4604	2	1	1	0	26	749	0	1	1
4605	1	1	1	0	26	749	0	1	0
4605	2	1	1	0	26	749	0	1	1
4606	1	1	1	0	26	749	0	1	0
4606	2	1	1	0	26	749	0	1	1
4607	1	1	1	0	26	749	0	1	0
4607	2	1	1	0	26	749	0	1	1
4608	1	1	1	0	26	749	0	1	0
4608	2	1	1	0	26	749	0	1	1
4609	1	1	1	0	26	749	0	1	0
4609	2	1	1	0	26	749	0	1	1
4611	1	1	1	0	24	669	0	1	0
4611	2	1	1	0	24	669	0	1	1
4612	1	1	1	0	22	807	0	1	0
4612	2	1	1	0	22	807	0	1	1
4613	1	1	1	0	22	693	0	1	0
4613	2	1	1	0	22	693	0	1	1
4614	1	1	1	0	20	693	0	1	0
4614	2	1	1	0	20	693	0	1	1
4615	1	1	1	0	20	775	0	1	0
4615	2	1	1	0	20	775	0	1	1
4616	1	1	1	0	18	749	0	1	0
4616	2	1	1	0	18	749	0	1	1
4617	1	1	1	0	18	749	0	1	0
4617	2	1	1	0	18	749	0	1	1
4618	1	1	1	0	14	717	0	1	0
4618	2	1	1	0	14	717	0	1	1
4619	1	1	1	0	14	717	0	1	0
4619	2	1	1	0	14	717	0	1	1
4620	1	1	1	0	10	37	0	1	0
4620	2	1	1	0	10	37	0	1	1
4621	1	1	1	0	10	469	0	1	0
4621	2	1	1	0	10	469	0	1	1
4622	1	1	1	0	14	775	0	1	0
4622	2	1	1	0	14	775	0	1	1
4623	1	1	1	0	14	775	0	1	0
4623	2	1	1	0	14	775	0	1	1
4624	1	1	1	0	16	775	0	1	0
4624	2	1	1	0	16	775	0	1	1
4625	1	1	1	0	16	775	0	1	0
4625	2	1	1	0	16	775	0	1	1
4626	1	1	1	0	20	693	0	1	0
4626	2	1	1	0	20	693	0	1	1
4627	1	1	1	0	20	693	0	1	0
4627	2	1	1	0	20	693	0	1	1
4628	1	1	1	0	22	807	0	1	0
4628	2	1	1	0	22	807	0	1	1
4630	1	1	1	0	24	669	0	1	0
4630	2	1	1	0	24	669	0	1	1
4631	1	1	1	0	24	807	0	1	0
4631	2	1	1	0	24	807	0	1	1
4632	1	1	1	0	26	749	0	1	0
4632	2	1	1	0	26	749	0	1	1
4633	1	1	1	0	26	749	0	1	0
4633	2	1	1	0	26	749	0	1	1
4634	1	1	1	0	28	749	0	1	0
4634	2	1	1	0	28	749	0	1	1
4635	1	1	1	0	28	749	0	1	0
4635	2	1	1	0	28	749	0	1	1
4636	1	1	1	0	28	749	0	1	0
4636	2	1	1	0	28	749	0	1	1
4637	1	1	1	0	28	749	0	1	0
4637	2	1	1	0	28	749	0	1	1
4639	1	1	1	0	28	749	0	1	0
4639	2	1	1	0	28	749	0	1	1
4640	1	1	1	0	28	749	0	1	0
4640	2	1	1	0	28	749	0	1	1
4641	1	1	1	0	28	749	0	1	0
4641	2	1	1	0	28	749	0	1	1
4642	1	1	1	0	28	749	0	1	0
4642	2	1	1	0	28	749	0	1	1
4643	1	1	1	0	28	749	0	1	0
4643	2	1	1	0	28	749	0	1	1
4644	1	1	1	0	28	749	0	1	0
4644	2	1	1	0	28	749	0	1	1
4645	1	1	1	0	28	749	0	1	0
4645	2	1	1	0	28	749	0	1	1
4646	1	1	1	0	28	749	0	1	0
4646	2	1	1	0	28	749	0	1	1
4647	1	1	1	0	28	749	0	1	0
4647	2	1	1	0	28	749	0	1	1
4649	1	1	1	0	28	749	0	1	0
4649	2	1	1	0	28	749	0	1	1
4650	1	1	1	0	28	749	0	1	0
4650	2	1	1	0	28	749	0	1	1
4651	1	1	1	0	28	749	0	1	0
4651	2	1	1	0	28	749	0	1	1
4652	1	1	1	0	28	749	0	1	0
4652	2	1	1	0	28	749	0	1	1
4653	1	1	1	0	28	749	0	1	0
4653	2	1	1	0	28	749	0	1	1
4654	1	1	1	0	28	749	0	1	0
4654	2	1	1	0	28	749	0	1	1
4655	1	1	1	0	28	749	0	1	0
4655	2	1	1	0	28	749	0	1	1
4656	1	1	1	0	28	749	0	1	0
4656	2	1	1	0	28	749	0	1	1
4658	1	1	1	0	28	749	0	1	0
4658	2	1	1	0	28	749	0	1	1
4659	1	1	1	0	28	749	0	1	0
4659	2	1	1	0	28	749	0	1	1
4660	1	1	1	0	28	749	0	1	0
4660	2	1	1	0	28	749	0	1	1
4661	1	1	1	0	28	749	0	1	0
4661	2	1	1	0	28	749	0	1	1
4662	1	1	1	0	28	749	0	1	0
4662	2	1	1	0	28	749	0	1	1
4663	1	1	1	0	28	749	0	1	0
4663	2	1	1	0	28	749	0	1	1
4664	1	1	1	0	28	749	0	1	0
4664	2	1	1	0	28	749	0	1	1
4665	1	1	1	0	28	749	0	1	0
4665	2	1	1	0	28	749	0	1	1
4667	1	1	1	0	28	749	0	1	0
4667	2	1	1	0	28	749	0	1	1
4668	1	1	1	0	28	749	0	1	0
4668	2	1	1	0	28	749	0	1	1
4669	1	1	1	0	28	749	0	1	0
4669	2	1	1	0	28	749	0	1	1
4670	1	1	1	0	28	749	0	1	0
4670	2	1	1	0	28	749	0	1	1
4671	1	1	1	0	28	749	0	1	0
4671	2	1	1	0	28	749	0	1	1
4672	1	1	1	0	28	749	0	1	0
4672	2	1	1	0	28	749	0	1	1
4673	1	1	1	0	28	749	0	1	0
4673	2	1	1	0	28	749	0	1	1
4674	1	1	1	0	28	749	0	1	0
4674	2	1	1	0	28	749	0	1	1
4675	1	1	1	0	28	749	0	1	0
4675	2	1	1	0	28	749	0	1	1
4677	1	1	1	0	28	749	0	1	0
4677	2	1	1	0	28	749	0	1	1
4678	1	1	1	0	28	749	0	1	0
4678	2	1	1	0	28	749	0	1	1
4679	1	1	1	0	28	749	0	1	0
4679	2	1	1	0	28	749	0	1	1
4680	1	1	1	0	28	749	0	1	0
4680	2	1	1	0	28	749	0	1	1
4681	1	1	1	0	28	749	0	1	0
4681	2	1	1	0	28	749	0	1	1
4682	1	1	1	0	28	749	0	1	0
4682	2	1	1	0	28	749	0	1	1
4683	1	1	1	0	28	749	0	1	0
4683	2	1	1	0	28	749	0	1	1
4684	1	1	1	0	28	749	0	1	0
4684	2	1	1	0	28	749	0	1	1
4686	1	1	1	0	28	749	0	1	0
4686	2	1	1	0	28	749	0	1	1
4687	1	1	1	0	28	749	0	1	0
4687	2	1	1	0	28	749	0	1	1
4688	1	1	1	0	28	1479	0	1	0
4688	2	1	1	0	28	1479	0	1	1
4689	1	1	1	0	28	749	0	1	0
4689	2	1	1	0	28	749	0	1	1
4690	1	1	1	0	28	749	0	1	0
4690	2	1	1	0	28	749	0	1	1
4691	1	1	1	0	28	749	0	1	0
4691	2	1	1	0	28	749	0	1	1
4692	1	1	1	0	28	749	0	1	0
4692	2	1	1	0	28	749	0	1	1
4693	1	1	1	0	28	749	0	1	0
4693	2	1	1	0	28	749	0	1	1
4695	1	1	1	0	28	749	0	1	0
4695	2	1	1	0	28	749	0	1	1
4696	1	1	1	0	28	749	0	1	0
4696	2	1	1	0	28	749	0	1	1
4697	1	1	1	0	28	749	0	1	0
4697	2	1	1	0	28	749	0	1	1
4698	1	1	1	0	28	749	0	1	0
4698	2	1	1	0	28	749	0	1	1
4699	1	1	1	0	28	749	0	1	0
4699	2	1	1	0	28	749	0	1	1
4700	1	1	1	0	28	749	0	1	0
4700	2	1	1	0	28	749	0	1	1
4701	1	1	1	0	28	749	0	1	0
4701	2	1	1	0	28	749	0	1	1
4702	1	1	1	0	28	749	0	1	0
4702	2	1	1	0	28	749	0	1	1
4703	1	1	1	0	28	1479	0	1	0
4703	2	1	1	0	28	1479	0	1	1
4705	1	1	1	0	28	749	0	1	0
4705	2	1	1	0	28	749	0	1	1
4706	1	1	1	0	28	749	0	1	0
4706	2	1	1	0	28	749	0	1	1
4707	1	1	1	0	28	749	0	1	0
4707	2	1	1	0	28	749	0	1	1
4708	1	1	1	0	28	749	0	1	0
4708	2	1	1	0	28	749	0	1	1
4709	1	1	1	0	28	749	0	1	0
4709	2	1	1	0	28	749	0	1	1
4710	1	1	1	0	28	749	0	1	0
4710	2	1	1	0	28	749	0	1	1
4711	1	1	1	0	28	749	0	1	0
4711	2	1	1	0	28	749	0	1	1
4712	1	1	1	0	28	749	0	1	0
4712	2	1	1	0	28	749	0	1	1
4714	1	1	1	0	28	749	0	1	0
4714	2	1	1	0	28	749	0	1	1
4715	1	1	1	0	28	749	0	1	0
4715	2	1	1	0	28	749	0	1	1
4716	1	1	1	0	28	749	0	1	0
4716	2	1	1	0	28	749	0	1	1
4717	1	1	1	0	28	749	0	1	0
4717	2	1	1	0	28	749	0	1	1
4718	1	1	1	0	28	1479	0	1	0
4718	2	1	1	0	28	1479	0	1	1
4719	1	1	1	0	28	749	0	1	0
4719	2	1	1	0	28	749	0	1	1
4720	1	1	1	0	28	749	0	1	0
4720	2	1	1	0	28	749	0	1	1
4721	1	1	1	0	28	749	0	1	0
4721	2	1	1	0	28	749	0	1	1
4723	1	1	1	0	28	749	0	1	0
4723	2	1	1	0	28	749	0	1	1
4724	1	1	1	0	28	749	0	1	0
4724	2	1	1	0	28	749	0	1	1
4725	1	1	1	0	28	749	0	1	0
4725	2	1	1	0	28	749	0	1	1
4726	1	1	1	0	28	749	0	1	0
4726	2	1	1	0	28	749	0	1	1
4727	1	1	1	0	28	749	0	1	0
4727	2	1	1	0	28	749	0	1	1
4728	1	1	1	0	28	749	0	1	0
4728	2	1	1	0	28	749	0	1	1
4729	1	1	1	0	28	749	0	1	0
4729	2	1	1	0	28	749	0	1	1
4730	1	1	1	0	28	749	0	1	0
4730	2	1	1	0	28	749	0	1	1
4731	1	1	1	0	28	749	0	1	0
4731	2	1	1	0	28	749	0	1	1
4733	1	1	1	0	28	1479	0	1	0
4733	2	1	1	0	28	1479	0	1	1
4734	1	1	1	0	28	749	0	1	0
4734	2	1	1	0	28	749	0	1	1
4735	1	1	1	0	28	749	0	1	0
4735	2	1	1	0	28	749	0	1	1
4736	1	1	1	0	28	749	0	1	0
4736	2	1	1	0	28	749	0	1	1
4737	1	1	1	0	28	749	0	1	0
4737	2	1	1	0	28	749	0	1	1
4738	1	1	1	0	28	749	0	1	0
4738	2	1	1	0	28	749	0	1	1
4739	1	1	1	0	28	749	0	1	0
4739	2	1	1	0	28	749	0	1	1
4740	1	1	1	0	28	749	0	1	0
4740	2	1	1	0	28	749	0	1	1
4742	1	1	1	0	28	749	0	1	0
4742	2	1	1	0	28	749	0	1	1
4743	1	1	1	0	28	749	0	1	0
4743	2	1	1	0	28	749	0	1	1
4744	1	1	1	0	28	749	0	1	0
4744	2	1	1	0	28	749	0	1	1
4745	1	1	1	0	28	749	0	1	0
4745	2	1	1	0	28	749	0	1	1
4746	1	1	1	0	28	749	0	1	0
4746	2	1	1	0	28	749	0	1	1
4747	1	1	1	0	28	749	0	1	0
4747	2	1	1	0	28	749	0	1	1
4748	1	1	1	0	8	421	0	1	0
4748	2	1	1	0	8	421	0	1	1
4749	1	1	1	0	8	421	0	1	0
4749	2	1	1	0	8	421	0	1	1
4750	1	1	1	0	10	469	0	1	0
4750	2	1	1	0	10	469	0	1	1
4751	1	1	1	0	10	469	0	1	0
4751	2	1	1	0	10	469	0	1	1
4752	1	1	1	0	12	597	0	1	0
4752	2	1	1	0	12	597	0	1	1
4753	1	1	1	0	12	597	0	1	0
4753	2	1	1	0	12	597	0	1	1
4754	1	1	1	0	12	597	0	1	0
4754	2	1	1	0	12	597	0	1	1
4755	1	1	1	0	12	597	0	1	0
4755	2	1	1	0	12	597	0	1	1
4756	1	1	1	0	14	775	0	1	0
4756	2	1	1	0	14	775	0	1	1
4757	1	1	1	0	14	775	0	1	0
4757	2	1	1	0	14	775	0	1	1
4758	1	1	1	0	18	967	0	1	0
4758	2	1	1	0	18	967	0	1	1
4759	1	1	1	0	18	967	0	1	0
4759	2	1	1	0	18	967	0	1	1
4760	1	1	1	0	20	1191	0	1	0
4760	2	1	1	0	20	1191	0	1	1
4761	1	1	1	0	28	1287	0	1	0
4761	2	1	1	0	28	1287	0	1	1
4762	1	1	1	0	28	749	0	1	0
4762	2	1	1	0	28	749	0	1	1
4763	1	1	1	0	28	749	0	1	0
4763	2	1	1	0	28	749	0	1	1
4764	1	1	1	0	28	749	0	1	0
4764	2	1	1	0	28	749	0	1	1
4765	1	1	1	0	28	749	0	1	0
4765	2	1	1	0	28	749	0	1	1
4766	1	1	1	0	28	2052	0	1	0
4766	2	1	1	0	28	2052	0	1	1
4767	1	1	1	0	28	935	0	1	0
4767	2	1	1	0	28	935	0	1	1
4768	1	1	1	0	28	749	0	1	0
4768	2	1	1	0	28	749	0	1	1
4770	1	1	1	0	28	749	0	1	0
4770	2	1	1	0	28	749	0	1	1
4771	1	1	1	0	28	749	0	1	0
4771	2	1	1	0	28	749	0	1	1
4772	1	1	1	0	28	749	0	1	0
4772	2	1	1	0	28	749	0	1	1
4773	1	1	1	0	28	749	0	1	0
4773	2	1	1	0	28	749	0	1	1
4774	1	1	1	0	28	749	0	1	0
4774	2	1	1	0	28	749	0	1	1
4775	1	1	1	0	28	749	0	1	0
4775	2	1	1	0	28	749	0	1	1
4776	1	1	1	0	28	749	0	1	0
4776	2	1	1	0	28	749	0	1	1
4777	1	1	1	0	28	749	0	1	0
4777	2	1	1	0	28	749	0	1	1
4779	1	1	1	0	28	749	0	1	0
4779	2	1	1	0	28	749	0	1	1
4780	1	1	1	0	28	749	0	1	0
4780	2	1	1	0	28	749	0	1	1
4781	1	1	1	0	28	749	0	1	0
4781	2	1	1	0	28	749	0	1	1
4782	1	1	1	0	28	749	0	1	0
4782	2	1	1	0	28	749	0	1	1
4783	1	1	1	0	28	749	0	1	0
4783	2	1	1	0	28	749	0	1	1
4784	1	1	1	0	28	749	0	1	0
4784	2	1	1	0	28	749	0	1	1
4785	1	1	1	0	28	749	0	1	0
4785	2	1	1	0	28	749	0	1	1
4786	1	1	1	0	28	749	0	1	0
4786	2	1	1	0	28	749	0	1	1
4787	1	1	1	0	28	749	0	1	0
4787	2	1	1	0	28	749	0	1	1
4788	1	1	1	0	28	2196	0	1	0
4788	2	1	1	0	28	2196	0	1	1
4789	1	1	1	0	28	2196	0	1	0
4789	2	1	1	0	28	2196	0	1	1
4790	1	1	1	0	28	749	0	1	0
4790	2	1	1	0	28	749	0	1	1
4791	1	1	1	0	28	749	0	1	0
4791	2	1	1	0	28	749	0	1	1
4792	1	1	1	0	28	749	0	1	0
4792	2	1	1	0	28	749	0	1	1
4793	1	1	1	0	28	749	0	1	0
4793	2	1	1	0	28	749	0	1	1
4794	1	1	1	0	28	749	0	1	0
4794	2	1	1	0	28	749	0	1	1
4795	1	1	1	0	28	749	0	1	0
4795	2	1	1	0	28	749	0	1	1
4796	1	1	1	0	28	749	0	1	0
4796	2	1	1	0	28	749	0	1	1
4798	1	1	1	0	28	749	0	1	0
4798	2	1	1	0	28	749	0	1	1
4799	1	1	1	0	28	749	0	1	0
4799	2	1	1	0	28	749	0	1	1
4800	1	1	1	0	28	749	0	1	0
4800	2	1	1	0	28	749	0	1	1
4801	1	1	1	0	28	749	0	1	0
4801	2	1	1	0	28	749	0	1	1
4802	1	1	1	0	28	749	0	1	0
4802	2	1	1	0	28	749	0	1	1
4803	1	1	1	0	28	2196	0	1	0
4803	2	1	1	0	28	2196	0	1	1
4804	1	1	1	0	28	2052	0	1	0
4804	2	1	1	0	28	2052	0	1	1
4805	1	1	1	0	28	935	0	1	0
4805	2	1	1	0	28	935	0	1	1
4807	1	1	1	0	28	749	0	1	0
4807	2	1	1	0	28	749	0	1	1
4808	1	1	1	0	28	749	0	1	0
4808	2	1	1	0	28	749	0	1	1
4809	1	1	1	0	28	749	0	1	0
4809	2	1	1	0	28	749	0	1	1
4810	1	1	1	0	28	749	0	1	0
4810	2	1	1	0	28	749	0	1	1
4811	1	1	1	0	28	749	0	1	0
4811	2	1	1	0	28	749	0	1	1
4812	1	1	1	0	28	749	0	1	0
4812	2	1	1	0	28	749	0	1	1
4813	1	1	1	0	28	749	0	1	0
4813	2	1	1	0	28	749	0	1	1
4814	1	1	1	0	28	749	0	1	0
4814	2	1	1	0	28	749	0	1	1
4815	1	1	1	0	28	749	0	1	0
4815	2	1	1	0	28	749	0	1	1
4817	1	1	1	0	28	749	0	1	0
4817	2	1	1	0	28	749	0	1	1
4818	1	1	1	0	28	2196	0	1	0
4818	2	1	1	0	28	2196	0	1	1
4819	1	1	1	0	28	2052	0	1	0
4819	2	1	1	0	28	2052	0	1	1
4820	1	1	1	0	28	935	0	1	0
4820	2	1	1	0	28	935	0	1	1
4821	1	1	1	0	28	749	0	1	0
4821	2	1	1	0	28	749	0	1	1
4822	1	1	1	0	28	749	0	1	0
4822	2	1	1	0	28	749	0	1	1
4823	1	1	1	0	28	749	0	1	0
4823	2	1	1	0	28	749	0	1	1
4824	1	1	1	0	28	749	0	1	0
4824	2	1	1	0	28	749	0	1	1
4826	1	1	1	0	28	749	0	1	0
4826	2	1	1	0	28	749	0	1	1
4827	1	1	1	0	28	749	0	1	0
4827	2	1	1	0	28	749	0	1	1
4828	1	1	1	0	28	749	0	1	0
4828	2	1	1	0	28	749	0	1	1
4829	1	1	1	0	28	749	0	1	0
4829	2	1	1	0	28	749	0	1	1
4830	1	1	1	0	28	749	0	1	0
4830	2	1	1	0	28	749	0	1	1
4831	1	1	1	0	28	749	0	1	0
4831	2	1	1	0	28	749	0	1	1
4832	1	1	1	0	28	749	0	1	0
4832	2	1	1	0	28	749	0	1	1
4833	1	1	1	0	28	2196	0	1	0
4833	2	1	1	0	28	2196	0	1	1
4834	1	1	1	0	28	1479	0	1	0
4834	2	1	1	0	28	1479	0	1	1
4835	1	1	1	0	28	749	0	1	0
4835	2	1	1	0	28	749	0	1	1
4836	1	1	1	0	28	749	0	1	0
4836	2	1	1	0	28	749	0	1	1
4837	1	1	1	0	28	749	0	1	0
4837	2	1	1	0	28	749	0	1	1
4838	1	1	1	0	28	749	0	1	0
4838	2	1	1	0	28	749	0	1	1
4839	1	1	1	0	28	749	0	1	0
4839	2	1	1	0	28	749	0	1	1
4840	1	1	1	0	28	749	0	1	0
4840	2	1	1	0	28	749	0	1	1
4841	1	1	1	0	28	749	0	1	0
4841	2	1	1	0	28	749	0	1	1
4842	1	1	1	0	28	749	0	1	0
4842	2	1	1	0	28	749	0	1	1
4843	1	1	1	0	28	749	0	1	0
4843	2	1	1	0	28	749	0	1	1
4845	1	1	1	0	28	749	0	1	0
4845	2	1	1	0	28	749	0	1	1
4846	1	1	1	0	28	749	0	1	0
4846	2	1	1	0	28	749	0	1	1
4847	1	1	1	0	28	749	0	1	0
4847	2	1	1	0	28	749	0	1	1
4848	1	1	1	0	28	2196	0	1	0
4848	2	1	1	0	28	2196	0	1	1
4849	1	1	1	0	28	2196	0	1	0
4849	2	1	1	0	28	2196	0	1	1
4850	1	1	1	0	28	1479	0	1	0
4850	2	1	1	0	28	1479	0	1	1
4851	1	1	1	0	28	749	0	1	0
4851	2	1	1	0	28	749	0	1	1
4852	1	1	1	0	28	749	0	1	0
4852	2	1	1	0	28	749	0	1	1
4854	1	1	1	0	28	749	0	1	0
4854	2	1	1	0	28	749	0	1	1
4855	1	1	1	0	28	749	0	1	0
4855	2	1	1	0	28	749	0	1	1
4856	1	1	1	0	28	749	0	1	0
4856	2	1	1	0	28	749	0	1	1
4857	1	1	1	0	28	749	0	1	0
4857	2	1	1	0	28	749	0	1	1
4858	1	1	1	0	28	749	0	1	0
4858	2	1	1	0	28	749	0	1	1
4859	1	1	1	0	28	749	0	1	0
4859	2	1	1	0	28	749	0	1	1
4860	1	1	1	0	28	749	0	1	0
4860	2	1	1	0	28	749	0	1	1
4861	1	1	1	0	28	749	0	1	0
4861	2	1	1	0	28	749	0	1	1
4863	1	1	1	0	28	2196	0	1	0
4863	2	1	1	0	28	2196	0	1	1
4864	1	1	1	0	28	2196	0	1	0
4864	2	1	1	0	28	2196	0	1	1
4865	1	1	1	0	28	1479	0	1	0
4865	2	1	1	0	28	1479	0	1	1
4866	1	1	1	0	28	749	0	1	0
4866	2	1	1	0	28	749	0	1	1
4867	1	1	1	0	28	749	0	1	0
4867	2	1	1	0	28	749	0	1	1
4868	1	1	1	0	28	749	0	1	0
4868	2	1	1	0	28	749	0	1	1
4869	1	1	1	0	28	749	0	1	0
4869	2	1	1	0	28	749	0	1	1
4870	1	1	1	0	28	749	0	1	0
4870	2	1	1	0	28	749	0	1	1
4871	1	1	1	0	28	749	0	1	0
4871	2	1	1	0	28	749	0	1	1
4873	1	1	1	0	28	749	0	1	0
4873	2	1	1	0	28	749	0	1	1
4874	1	1	1	0	28	749	0	1	0
4874	2	1	1	0	28	749	0	1	1
4875	1	1	1	0	28	749	0	1	0
4875	2	1	1	0	28	749	0	1	1
4876	1	1	1	0	28	749	0	1	0
4876	2	1	1	0	28	749	0	1	1
4877	1	1	1	0	28	749	0	1	0
4877	2	1	1	0	28	749	0	1	1
4878	1	1	1	0	28	749	0	1	0
4878	2	1	1	0	28	749	0	1	1
4879	1	1	1	0	28	2196	0	1	0
4879	2	1	1	0	28	2196	0	1	1
4880	1	1	1	0	28	2196	0	1	0
4880	2	1	1	0	28	2196	0	1	1
4881	1	1	1	0	28	749	0	1	0
4881	2	1	1	0	28	749	0	1	1
4882	1	1	1	0	28	749	0	1	0
4882	2	1	1	0	28	749	0	1	1
4883	1	1	1	0	28	749	0	1	0
4883	2	1	1	0	28	749	0	1	1
4884	1	1	1	0	28	749	0	1	0
4884	2	1	1	0	28	749	0	1	1
4885	1	1	1	0	28	749	0	1	0
4885	2	1	1	0	28	749	0	1	1
4886	1	1	1	0	28	749	0	1	0
4886	2	1	1	0	28	749	0	1	1
4887	1	1	1	0	28	749	0	1	0
4887	2	1	1	0	28	749	0	1	1
4888	1	1	1	0	28	749	0	1	0
4888	2	1	1	0	28	749	0	1	1
4889	1	1	1	0	28	749	0	1	0
4889	2	1	1	0	28	749	0	1	1
4891	1	1	1	0	28	749	0	1	0
4891	2	1	1	0	28	749	0	1	1
4892	1	1	1	0	28	749	0	1	0
4892	2	1	1	0	28	749	0	1	1
4893	1	1	1	0	28	749	0	1	0
4893	2	1	1	0	28	749	0	1	1
4894	1	1	1	0	28	2196	0	1	0
4894	2	1	1	0	28	2196	0	1	1
4895	1	1	1	0	28	2196	0	1	0
4895	2	1	1	0	28	2196	0	1	1
4896	1	1	1	0	28	1479	0	1	0
4896	2	1	1	0	28	1479	0	1	1
4897	1	1	1	0	28	749	0	1	0
4897	2	1	1	0	28	749	0	1	1
4898	1	1	1	0	28	749	0	1	0
4898	2	1	1	0	28	749	0	1	1
4899	1	1	1	0	28	749	0	1	0
4899	2	1	1	0	28	749	0	1	1
4901	1	1	1	0	28	749	0	1	0
4901	2	1	1	0	28	749	0	1	1
4902	1	1	1	0	28	749	0	1	0
4902	2	1	1	0	28	749	0	1	1
4903	1	1	1	0	28	749	0	1	0
4903	2	1	1	0	28	749	0	1	1
4904	1	1	1	0	28	749	0	1	0
4904	2	1	1	0	28	749	0	1	1
4905	1	1	1	0	28	749	0	1	0
4905	2	1	1	0	28	749	0	1	1
4906	1	1	1	0	28	749	0	1	0
4906	2	1	1	0	28	749	0	1	1
4907	1	1	1	0	28	749	0	1	0
4907	2	1	1	0	28	749	0	1	1
4908	1	1	1	0	28	749	0	1	0
4908	2	1	1	0	28	749	0	1	1
4909	1	1	1	0	28	2052	0	1	0
4909	2	1	1	0	28	2052	0	1	1
4910	1	1	1	0	28	935	0	1	0
4910	2	1	1	0	28	935	0	1	1
4911	1	1	1	0	28	749	0	1	0
4911	2	1	1	0	28	749	0	1	1
4912	1	1	1	0	28	749	0	1	0
4912	2	1	1	0	28	749	0	1	1
4913	1	1	1	0	28	749	0	1	0
4913	2	1	1	0	28	749	0	1	1
4914	1	1	1	0	28	749	0	1	0
4914	2	1	1	0	28	749	0	1	1
4915	1	1	1	0	28	749	0	1	0
4915	2	1	1	0	28	749	0	1	1
4916	1	1	1	0	28	749	0	1	0
4916	2	1	1	0	28	749	0	1	1
4917	1	1	1	0	28	749	0	1	0
4917	2	1	1	0	28	749	0	1	1
4919	1	1	1	0	28	749	0	1	0
4919	2	1	1	0	28	749	0	1	1
4920	1	1	1	0	28	749	0	1	0
4920	2	1	1	0	28	749	0	1	1
4921	1	1	1	0	28	749	0	1	0
4921	2	1	1	0	28	749	0	1	1
4922	1	1	1	0	28	749	0	1	0
4922	2	1	1	0	28	749	0	1	1
4923	1	1	1	0	28	749	0	1	0
4923	2	1	1	0	28	749	0	1	1
4924	1	1	1	0	28	2196	0	1	0
4924	2	1	1	0	28	2196	0	1	1
4925	1	1	1	0	28	1479	0	1	0
4925	2	1	1	0	28	1479	0	1	1
4926	1	1	1	0	28	749	0	1	0
4926	2	1	1	0	28	749	0	1	1
4927	1	1	1	0	28	749	0	1	0
4927	2	1	1	0	28	749	0	1	1
4929	1	1	1	0	28	749	0	1	0
4929	2	1	1	0	28	749	0	1	1
4930	1	1	1	0	28	749	0	1	0
4930	2	1	1	0	28	749	0	1	1
4931	1	1	1	0	28	749	0	1	0
4931	2	1	1	0	28	749	0	1	1
4932	1	1	1	0	28	749	0	1	0
4932	2	1	1	0	28	749	0	1	1
4933	1	1	1	0	28	749	0	1	0
4933	2	1	1	0	28	749	0	1	1
4934	1	1	1	0	28	749	0	1	0
4934	2	1	1	0	28	749	0	1	1
4935	1	1	1	0	28	749	0	1	0
4935	2	1	1	0	28	749	0	1	1
4936	1	1	1	0	28	749	0	1	0
4936	2	1	1	0	28	749	0	1	1
4938	1	1	1	0	28	749	0	1	0
4938	2	1	1	0	28	749	0	1	1
4939	1	1	1	0	28	2196	0	1	0
4939	2	1	1	0	28	2196	0	1	1
4940	1	1	1	0	28	1479	0	1	0
4940	2	1	1	0	28	1479	0	1	1
4941	1	1	1	0	28	749	0	1	0
4941	2	1	1	0	28	749	0	1	1
4942	1	1	1	0	28	749	0	1	0
4942	2	1	1	0	28	749	0	1	1
4943	1	1	1	0	28	749	0	1	0
4943	2	1	1	0	28	749	0	1	1
4944	1	1	1	0	28	749	0	1	0
4944	2	1	1	0	28	749	0	1	1
4945	1	1	1	0	28	749	0	1	0
4945	2	1	1	0	28	749	0	1	1
4947	1	1	1	0	28	749	0	1	0
4947	2	1	1	0	28	749	0	1	1
4948	1	1	1	0	28	749	0	1	0
4948	2	1	1	0	28	749	0	1	1
4949	1	1	1	0	28	749	0	1	0
4949	2	1	1	0	28	749	0	1	1
4950	1	1	1	0	28	749	0	1	0
4950	2	1	1	0	28	749	0	1	1
4951	1	1	1	0	28	749	0	1	0
4951	2	1	1	0	28	749	0	1	1
4952	1	1	1	0	28	749	0	1	0
4952	2	1	1	0	28	749	0	1	1
4953	1	1	1	0	28	749	0	1	0
4953	2	1	1	0	28	749	0	1	1
4954	1	1	1	0	28	749	0	1	0
4954	2	1	1	0	28	749	0	1	1
4955	1	1	1	0	28	749	0	1	0
4955	2	1	1	0	28	749	0	1	1
4957	1	1	1	0	28	749	0	1	0
4957	2	1	1	0	28	749	0	1	1
4958	1	1	1	0	28	749	0	1	0
4958	2	1	1	0	28	749	0	1	1
4959	1	1	1	0	28	749	0	1	0
4959	2	1	1	0	28	749	0	1	1
4960	1	1	1	0	28	749	0	1	0
4960	2	1	1	0	28	749	0	1	1
4961	1	1	1	0	28	2196	0	1	0
4961	2	1	1	0	28	2196	0	1	1
4962	1	1	1	0	28	2052	0	1	0
4962	2	1	1	0	28	2052	0	1	1
4963	1	1	1	0	28	935	0	1	0
4963	2	1	1	0	28	935	0	1	1
4964	1	1	1	0	28	749	0	1	0
4964	2	1	1	0	28	749	0	1	1
4966	1	1	1	0	28	749	0	1	0
4966	2	1	1	0	28	749	0	1	1
4967	1	1	1	0	28	749	0	1	0
4967	2	1	1	0	28	749	0	1	1
4968	1	1	1	0	28	749	0	1	0
4968	2	1	1	0	28	749	0	1	1
4969	1	1	1	0	28	749	0	1	0
4969	2	1	1	0	28	749	0	1	1
4970	1	1	1	0	28	749	0	1	0
4970	2	1	1	0	28	749	0	1	1
4971	1	1	1	0	28	749	0	1	0
4971	2	1	1	0	28	749	0	1	1
4972	1	1	1	0	28	749	0	1	0
4972	2	1	1	0	28	749	0	1	1
4973	1	1	1	0	28	749	0	1	0
4973	2	1	1	0	28	749	0	1	1
4975	1	1	1	0	28	749	0	1	0
4975	2	1	1	0	28	749	0	1	1
4976	1	1	1	0	24	669	0	1	0
4976	2	1	1	0	24	669	0	1	1
4977	1	1	1	0	24	1620	0	1	0
4977	2	1	1	0	24	1620	0	1	1
4978	1	1	1	0	22	1383	0	1	0
4978	2	1	1	0	22	1383	0	1	1
4979	1	1	1	0	22	1383	0	1	0
4979	2	1	1	0	22	1383	0	1	1
4980	1	1	1	0	20	1191	0	1	0
4980	2	1	1	0	20	1191	0	1	1
4981	1	1	1	0	20	999	0	1	0
4981	2	1	1	0	20	999	0	1	1
4982	1	1	1	0	28	749	1	0	0
4982	2	1	1	0	28	749	1	0	1
4983	1	1	1	0	18	967	0	1	0
4983	2	1	1	0	18	967	0	1	1
4984	1	1	1	0	18	573	0	1	0
4984	2	1	1	0	18	573	0	1	1
4985	1	1	1	0	18	749	0	1	0
4985	2	1	1	0	18	749	0	1	1
4986	1	1	1	0	16	693	0	1	0
4986	2	1	1	0	16	693	0	1	1
4987	1	1	1	0	16	693	0	1	0
4987	2	1	1	0	16	693	0	1	1
4988	1	1	1	0	16	775	0	1	0
4988	2	1	1	0	16	775	0	1	1
4989	1	1	1	0	16	693	0	1	0
4989	2	1	1	0	16	693	0	1	1
4990	1	1	1	0	16	693	0	1	0
4990	2	1	1	0	16	693	0	1	1
4991	1	1	1	0	16	775	0	1	0
4991	2	1	1	0	16	775	0	1	1
4992	1	1	1	0	18	749	0	1	0
4992	2	1	1	0	18	749	0	1	1
4994	1	1	1	0	24	669	0	1	0
4994	2	1	1	0	24	669	0	1	1
4995	1	1	1	0	20	775	0	1	0
4995	2	1	1	0	20	775	0	1	1
4996	1	1	1	0	28	749	0	1	0
4996	2	1	1	0	28	749	0	1	1
4997	1	1	1	0	22	1383	0	1	0
4997	2	1	1	0	22	1383	0	1	1
4998	1	1	1	0	24	1620	0	1	0
4998	2	1	1	0	24	1620	0	1	1
4999	1	1	1	0	24	1620	0	1	0
4999	2	1	1	0	24	1620	0	1	1
5000	1	1	1	0	28	1836	0	1	0
5000	2	1	1	0	28	1836	0	1	1
5001	1	1	1	0	28	935	0	1	0
5001	2	1	1	0	28	935	0	1	1
5003	1	1	1	0	28	749	0	1	0
5003	2	1	1	0	28	749	0	1	1
5004	1	1	1	0	28	749	0	1	0
5004	2	1	1	0	28	749	0	1	1
5005	1	1	1	0	28	749	0	1	0
5005	2	1	1	0	28	749	0	1	1
5006	1	1	1	0	28	749	0	1	0
5006	2	1	1	0	28	749	0	1	1
5007	1	1	1	0	28	749	0	1	0
5007	2	1	1	0	28	749	0	1	1
5008	1	1	1	0	28	749	0	1	0
5008	2	1	1	0	28	749	0	1	1
5009	1	1	1	0	28	749	0	1	0
5009	2	1	1	0	28	749	0	1	1
5010	1	1	1	0	28	749	0	1	0
5010	2	1	1	0	28	749	0	1	1
5011	1	1	1	0	28	749	0	1	0
5011	2	1	1	0	28	749	0	1	1
5013	1	1	1	0	28	2196	0	1	0
5013	2	1	1	0	28	2196	0	1	1
5014	1	1	1	0	28	2052	0	1	0
5014	2	1	1	0	28	2052	0	1	1
5015	1	1	1	0	28	935	0	1	0
5015	2	1	1	0	28	935	0	1	1
5016	1	1	1	0	28	749	0	1	0
5016	2	1	1	0	28	749	0	1	1
5017	1	1	1	0	28	749	0	1	0
5017	2	1	1	0	28	749	0	1	1
5018	1	1	1	0	28	749	0	1	0
5018	2	1	1	0	28	749	0	1	1
5019	1	1	1	0	28	749	0	1	0
5019	2	1	1	0	28	749	0	1	1
5020	1	1	1	0	28	749	0	1	0
5020	2	1	1	0	28	749	0	1	1
5022	1	1	1	0	28	749	0	1	0
5022	2	1	1	0	28	749	0	1	1
5023	1	1	1	0	28	749	0	1	0
5023	2	1	1	0	28	749	0	1	1
5024	1	1	1	0	28	749	0	1	0
5024	2	1	1	0	28	749	0	1	1
5025	1	1	1	0	28	749	0	1	0
5025	2	1	1	0	28	749	0	1	1
5026	1	1	1	0	28	749	0	1	0
5026	2	1	1	0	28	749	0	1	1
5027	1	1	1	0	28	749	0	1	0
5027	2	1	1	0	28	749	0	1	1
5028	1	1	1	0	28	2196	0	1	0
5028	2	1	1	0	28	2196	0	1	1
5029	1	1	1	0	28	2196	0	1	0
5029	2	1	1	0	28	2196	0	1	1
5030	1	1	1	0	28	749	0	1	0
5030	2	1	1	0	28	749	0	1	1
5031	1	1	1	0	28	749	0	1	0
5031	2	1	1	0	28	749	0	1	1
5032	1	1	1	0	26	749	0	1	0
5032	2	1	1	0	26	749	0	1	1
5033	1	1	1	0	26	749	0	1	0
5033	2	1	1	0	26	749	0	1	1
5034	1	1	1	0	26	749	0	1	0
5034	2	1	1	0	26	749	0	1	1
5035	1	1	1	0	26	749	0	1	0
5035	2	1	1	0	26	749	0	1	1
5036	1	1	1	0	26	749	0	1	0
5036	2	1	1	0	26	749	0	1	1
5037	1	1	1	0	26	749	0	1	0
5037	2	1	1	0	26	749	0	1	1
5038	1	1	1	0	24	669	0	1	0
5038	2	1	1	0	24	669	0	1	1
5039	1	1	1	0	24	807	0	1	0
5039	2	1	1	0	24	807	0	1	1
5041	1	1	1	0	24	669	0	1	0
5041	2	1	1	0	24	669	0	1	1
5042	1	1	1	0	24	807	0	1	0
5042	2	1	1	0	24	807	0	1	1
5043	1	1	1	0	24	1620	0	1	0
5043	2	1	1	0	24	1620	0	1	1
5044	1	1	1	0	24	1620	0	1	0
5044	2	1	1	0	24	1620	0	1	1
5045	1	1	1	0	24	1620	0	1	0
5045	2	1	1	0	24	1620	0	1	1
5046	1	1	1	0	26	1692	0	1	0
5046	2	1	1	0	26	1692	0	1	1
5047	1	1	1	0	26	749	0	1	0
5047	2	1	1	0	26	749	0	1	1
5048	1	1	1	0	26	749	0	1	0
5048	2	1	1	0	26	749	0	1	1
5049	1	1	1	0	26	149	0	1	0
5049	2	1	1	0	26	149	0	1	1
5050	1	1	1	0	26	749	0	1	0
5050	2	1	1	0	26	749	0	1	1
5051	1	1	1	0	26	749	0	1	0
5051	2	1	1	0	26	749	0	1	1
5052	1	1	1	0	26	749	0	1	0
5052	2	1	1	0	26	749	0	1	1
5053	1	1	1	0	26	749	0	1	0
5053	2	1	1	0	26	749	0	1	1
5054	1	1	1	0	26	749	0	1	0
5054	2	1	1	0	26	749	0	1	1
5055	1	1	1	0	26	749	0	1	0
5055	2	1	1	0	26	749	0	1	1
5056	1	1	1	0	28	749	0	1	0
5056	2	1	1	0	28	749	0	1	1
5057	1	1	1	0	28	749	0	1	0
5057	2	1	1	0	28	749	0	1	1
5059	1	1	1	0	28	2196	0	1	0
5059	2	1	1	0	28	2196	0	1	1
5060	1	1	1	0	28	2196	0	1	0
5060	2	1	1	0	28	2196	0	1	1
5061	1	1	1	0	28	1479	0	1	0
5061	2	1	1	0	28	1479	0	1	1
5062	1	1	1	0	28	749	0	1	0
5062	2	1	1	0	28	749	0	1	1
5063	1	1	1	0	28	749	0	1	0
5063	2	1	1	0	28	749	0	1	1
5064	1	1	1	0	28	749	0	1	0
5064	2	1	1	0	28	749	0	1	1
5065	1	1	1	0	28	749	0	1	0
5065	2	1	1	0	28	749	0	1	1
5066	1	1	1	0	28	749	0	1	0
5066	2	1	1	0	28	749	0	1	1
5067	1	1	1	0	28	749	0	1	0
5067	2	1	1	0	28	749	0	1	1
5069	1	1	1	0	28	749	0	1	0
5069	2	1	1	0	28	749	0	1	1
5070	1	1	1	0	28	749	0	1	0
5070	2	1	1	0	28	749	0	1	1
5071	1	1	1	0	28	749	0	1	0
5071	2	1	1	0	28	749	0	1	1
5072	1	1	1	0	28	749	0	1	0
5072	2	1	1	0	28	749	0	1	1
5073	1	1	1	0	28	749	0	1	0
5073	2	1	1	0	28	749	0	1	1
5074	1	1	1	0	24	1620	0	1	0
5074	2	1	1	0	24	1620	0	1	1
5075	1	1	1	0	24	1620	0	1	0
5075	2	1	1	0	24	1620	0	1	1
5076	1	1	1	0	22	1383	0	1	0
5076	2	1	1	0	22	1383	0	1	1
5077	1	1	1	0	28	1287	0	1	0
5077	2	1	1	0	28	1287	0	1	1
5078	1	1	1	0	28	749	0	1	0
5078	2	1	1	0	28	749	0	1	1
5079	1	1	1	0	28	749	0	1	0
5079	2	1	1	0	28	749	0	1	1
5080	1	1	1	0	28	749	0	1	0
5080	2	1	1	0	28	749	0	1	1
5081	1	1	1	0	28	749	0	1	0
5081	2	1	1	0	28	749	0	1	1
5082	1	1	1	0	28	749	0	1	0
5082	2	1	1	0	28	749	0	1	1
5083	1	1	1	0	28	749	0	1	0
5083	2	1	1	0	28	749	0	1	1
5084	1	1	1	0	28	749	0	1	0
5084	2	1	1	0	28	749	0	1	1
5085	1	1	1	0	28	749	0	1	0
5085	2	1	1	0	28	749	0	1	1
5087	1	1	1	0	28	749	0	1	0
5087	2	1	1	0	28	749	0	1	1
5088	1	1	1	0	28	749	0	1	0
5088	2	1	1	0	28	749	0	1	1
5089	1	1	1	0	10	469	0	1	0
5089	2	1	1	0	10	469	0	1	1
5090	1	1	1	0	12	597	0	1	0
5090	2	1	1	0	12	597	0	1	1
5091	1	1	1	0	12	597	0	1	0
5091	2	1	1	0	12	597	0	1	1
5092	1	1	1	0	14	775	0	1	0
5092	2	1	1	0	14	775	0	1	1
5093	1	1	1	0	14	775	0	1	0
5093	2	1	1	0	14	775	0	1	1
5094	1	1	1	0	14	775	0	1	0
5094	2	1	1	0	14	775	0	1	1
5095	1	1	1	0	14	775	0	1	0
5095	2	1	1	0	14	775	0	1	1
5096	1	1	1	0	16	903	0	1	0
5096	2	1	1	0	16	903	0	1	1
5097	1	1	1	0	16	903	0	1	0
5097	2	1	1	0	16	903	0	1	1
5098	1	1	1	0	14	775	0	1	0
5098	2	1	1	0	14	775	0	1	1
5099	1	1	1	0	14	775	0	1	0
5099	2	1	1	0	14	775	0	1	1
5100	1	1	1	0	12	597	0	1	0
5100	2	1	1	0	12	597	0	1	1
5101	1	1	1	0	12	597	0	1	0
5101	2	1	1	0	12	597	0	1	1
5102	1	1	1	0	10	469	0	1	0
5102	2	1	1	0	10	469	0	1	1
5103	1	1	1	0	10	469	0	1	0
5103	2	1	1	0	10	469	0	1	1
5104	1	1	1	0	10	469	0	1	0
5104	2	1	1	0	10	469	0	1	1
5105	1	1	1	0	10	469	0	1	0
5105	2	1	1	0	10	469	0	1	1
5106	1	1	1	0	14	775	0	1	0
5106	2	1	1	0	14	775	0	1	1
5107	1	1	1	0	14	775	0	1	0
5107	2	1	1	0	14	775	0	1	1
5108	1	1	1	0	18	967	0	1	0
5108	2	1	1	0	18	967	0	1	1
5109	1	1	1	0	18	967	0	1	0
5109	2	1	1	0	18	967	0	1	1
5110	1	1	1	0	20	1191	0	1	0
5110	2	1	1	0	20	1191	0	1	1
5111	1	1	1	0	20	1191	0	1	0
5111	2	1	1	0	20	1191	0	1	1
5112	1	1	1	0	22	1383	0	1	0
5112	2	1	1	0	22	1383	0	1	1
5113	1	1	1	0	22	1383	0	1	0
5113	2	1	1	0	22	1383	0	1	1
5114	1	1	1	0	24	1191	0	1	0
5114	2	1	1	0	24	1191	0	1	1
5115	1	1	1	0	28	749	0	1	0
5115	2	1	1	0	28	749	0	1	1
5116	1	1	1	0	28	749	0	1	0
5116	2	1	1	0	28	749	0	1	1
5117	1	1	1	0	28	749	0	1	0
5117	2	1	1	0	28	749	0	1	1
5118	1	1	1	0	28	749	0	1	0
5118	2	1	1	0	28	749	0	1	1
5119	1	1	1	0	28	749	0	1	0
5119	2	1	1	0	28	749	0	1	1
5120	1	1	1	0	28	749	0	1	0
5120	2	1	1	0	28	749	0	1	1
5121	1	1	1	0	28	749	0	1	0
5121	2	1	1	0	28	749	0	1	1
5122	1	1	1	0	28	749	0	1	0
5122	2	1	1	0	28	749	0	1	1
5123	1	1	1	0	28	749	0	1	0
5123	2	1	1	0	28	749	0	1	1
5124	1	1	1	0	28	2052	0	1	0
5124	2	1	1	0	28	2052	0	1	1
5125	1	1	1	0	28	935	0	1	0
5125	2	1	1	0	28	935	0	1	1
5126	1	1	1	0	28	749	0	1	0
5126	2	1	1	0	28	749	0	1	1
5127	1	1	1	0	28	749	0	1	0
5127	2	1	1	0	28	749	0	1	1
5128	1	1	1	0	28	749	0	1	0
5128	2	1	1	0	28	749	0	1	1
5129	1	1	1	0	28	749	0	1	0
5129	2	1	1	0	28	749	0	1	1
5130	1	1	1	0	28	749	0	1	0
5130	2	1	1	0	28	749	0	1	1
5131	1	1	1	0	28	749	0	1	0
5131	2	1	1	0	28	749	0	1	1
5132	1	1	1	0	28	749	0	1	0
5132	2	1	1	0	28	749	0	1	1
5134	1	1	1	0	28	749	0	1	0
5134	2	1	1	0	28	749	0	1	1
5135	1	1	1	0	28	749	0	1	0
5135	2	1	1	0	28	749	0	1	1
5136	1	1	1	0	28	749	0	1	0
5136	2	1	1	0	28	749	0	1	1
5137	1	1	1	0	28	749	0	1	0
5137	2	1	1	0	28	749	0	1	1
5138	1	1	1	0	28	749	0	1	0
5138	2	1	1	0	28	749	0	1	1
5139	1	1	1	0	28	2196	0	1	0
5139	2	1	1	0	28	2196	0	1	1
5140	1	1	1	0	28	2052	0	1	0
5140	2	1	1	0	28	2052	0	1	1
5141	1	1	1	0	28	935	0	1	0
5141	2	1	1	0	28	935	0	1	1
5143	1	1	1	0	28	749	0	1	0
5143	2	1	1	0	28	749	0	1	1
5144	1	1	1	0	28	749	0	1	0
5144	2	1	1	0	28	749	0	1	1
5145	1	1	1	0	28	749	0	1	0
5145	2	1	1	0	28	749	0	1	1
5146	1	1	1	0	28	749	0	1	0
5146	2	1	1	0	28	749	0	1	1
5147	1	1	1	0	28	749	0	1	0
5147	2	1	1	0	28	749	0	1	1
5148	1	1	1	0	28	749	0	1	0
5148	2	1	1	0	28	749	0	1	1
5149	1	1	1	0	28	749	0	1	0
5149	2	1	1	0	28	749	0	1	1
5150	1	1	1	0	28	749	0	1	0
5150	2	1	1	0	28	749	0	1	1
5151	1	1	1	0	28	749	0	1	0
5151	2	1	1	0	28	749	0	1	1
5153	1	1	1	0	28	749	0	1	0
5153	2	1	1	0	28	749	0	1	1
5154	1	1	1	0	28	749	0	1	0
5154	2	1	1	0	28	749	0	1	1
5155	1	1	1	0	28	2196	0	1	0
5155	2	1	1	0	28	2196	0	1	1
5156	1	1	1	0	28	2052	0	1	0
5156	2	1	1	0	28	2052	0	1	1
5157	1	1	1	0	28	935	0	1	0
5157	2	1	1	0	28	935	0	1	1
5158	1	1	1	0	28	749	0	1	0
5158	2	1	1	0	28	749	0	1	1
5159	1	1	1	0	28	749	0	1	0
5159	2	1	1	0	28	749	0	1	1
5160	1	1	1	0	28	749	0	1	0
5160	2	1	1	0	28	749	0	1	1
5162	1	1	1	0	28	749	0	1	0
5162	2	1	1	0	28	749	0	1	1
5163	1	1	1	0	28	749	0	1	0
5163	2	1	1	0	28	749	0	1	1
5164	1	1	1	0	28	749	0	1	0
5164	2	1	1	0	28	749	0	1	1
5165	1	1	1	0	28	749	0	1	0
5165	2	1	1	0	28	749	0	1	1
5166	1	1	1	0	28	749	0	1	0
5166	2	1	1	0	28	749	0	1	1
5167	1	1	1	0	28	749	0	1	0
5167	2	1	1	0	28	749	0	1	1
5168	1	1	1	0	28	749	0	1	0
5168	2	1	1	0	28	749	0	1	1
5169	1	1	1	0	28	749	0	1	0
5169	2	1	1	0	28	749	0	1	1
5171	1	1	1	0	28	2196	0	1	0
5171	2	1	1	0	28	2196	0	1	1
5172	1	1	1	0	28	2196	0	1	0
5172	2	1	1	0	28	2196	0	1	1
5173	1	1	1	0	28	1479	0	1	0
5173	2	1	1	0	28	1479	0	1	1
5174	1	1	1	0	28	749	0	1	0
5174	2	1	1	0	28	749	0	1	1
5175	1	1	1	0	28	749	0	1	0
5175	2	1	1	0	28	749	0	1	1
5176	1	1	1	0	28	749	0	1	0
5176	2	1	1	0	28	749	0	1	1
5177	1	1	1	0	28	749	0	1	0
5177	2	1	1	0	28	749	0	1	1
5178	1	1	1	0	28	749	0	1	0
5178	2	1	1	0	28	749	0	1	1
5179	1	1	1	0	28	749	0	1	0
5179	2	1	1	0	28	749	0	1	1
5181	1	1	1	0	28	749	0	1	0
5181	2	1	1	0	28	749	0	1	1
5182	1	1	1	0	28	749	0	1	0
5182	2	1	1	0	28	749	0	1	1
5183	1	1	1	0	28	749	0	1	0
5183	2	1	1	0	28	749	0	1	1
5184	1	1	1	0	28	749	0	1	0
5184	2	1	1	0	28	749	0	1	1
5185	1	1	1	0	28	749	0	1	0
5185	2	1	1	0	28	749	0	1	1
5186	1	1	1	0	28	749	0	1	0
5186	2	1	1	0	28	749	0	1	1
5187	1	1	1	0	24	1620	0	1	0
5187	2	1	1	0	24	1620	0	1	1
5188	1	1	1	0	22	1383	0	1	0
5188	2	1	1	0	22	1383	0	1	1
5189	1	1	1	0	28	1479	0	1	0
5189	2	1	1	0	28	1479	0	1	1
5190	1	1	1	0	28	749	0	1	0
5190	2	1	1	0	28	749	0	1	1
5191	1	1	1	0	28	749	0	1	0
5191	2	1	1	0	28	749	0	1	1
5192	1	1	1	0	28	749	0	1	0
5192	2	1	1	0	28	749	0	1	1
5193	1	1	1	0	28	749	0	1	0
5193	2	1	1	0	28	749	0	1	1
5194	1	1	1	0	28	749	0	1	0
5194	2	1	1	0	28	749	0	1	1
5195	1	1	1	0	28	749	0	1	0
5195	2	1	1	0	28	749	0	1	1
5196	1	1	1	0	28	749	0	1	0
5196	2	1	1	0	28	749	0	1	1
5197	1	1	1	0	28	749	0	1	0
5197	2	1	1	0	28	749	0	1	1
5199	1	1	1	0	28	749	0	1	0
5199	2	1	1	0	28	749	0	1	1
5200	1	1	1	0	28	749	0	1	0
5200	2	1	1	0	28	749	0	1	1
5201	1	1	1	0	28	749	0	1	0
5201	2	1	1	0	28	749	0	1	1
5202	1	1	1	0	22	1383	0	1	0
5202	2	1	1	0	22	1383	0	1	1
5203	1	1	1	0	22	1383	0	1	0
5203	2	1	1	0	22	1383	0	1	1
5204	1	1	1	0	22	1383	0	1	0
5204	2	1	1	0	22	1383	0	1	1
5205	1	1	1	0	22	1383	0	1	0
5205	2	1	1	0	22	1383	0	1	1
5206	1	1	1	0	20	1191	0	1	0
5206	2	1	1	0	20	1191	0	1	1
5207	1	1	1	0	20	1191	0	1	0
5207	2	1	1	0	20	1191	0	1	1
5208	1	1	1	0	28	185	0	1	0
5208	2	1	1	0	28	185	0	1	1
5209	1	1	1	0	28	749	0	1	0
5209	2	1	1	0	28	749	0	1	1
5210	1	1	1	0	18	749	0	1	0
5210	2	1	1	0	18	749	0	1	1
5211	1	1	1	0	18	749	0	1	0
5211	2	1	1	0	18	749	0	1	1
5212	1	1	1	0	14	717	0	1	0
5212	2	1	1	0	14	717	0	1	1
5213	1	1	1	0	14	717	0	1	0
5213	2	1	1	0	14	717	0	1	1
5214	1	1	1	0	10	469	0	1	0
5214	2	1	1	0	10	469	0	1	1
5215	1	1	1	0	10	469	0	1	0
5215	2	1	1	0	10	469	0	1	1
5216	1	1	1	0	6	309	0	1	0
5216	2	1	1	0	6	309	0	1	1
5217	1	1	1	0	6	309	0	1	0
5217	2	1	1	0	6	309	0	1	1
5218	1	1	1	0	12	597	0	1	0
5218	2	1	1	0	12	597	0	1	1
5219	1	1	1	0	12	597	0	1	0
5219	2	1	1	0	12	597	0	1	1
5220	1	1	1	0	14	775	0	1	0
5220	2	1	1	0	14	775	0	1	1
5221	1	1	1	0	14	775	0	1	0
5221	2	1	1	0	14	775	0	1	1
5222	1	1	1	0	16	903	0	1	0
5222	2	1	1	0	16	903	0	1	1
5223	1	1	1	0	16	903	0	1	0
5223	2	1	1	0	16	903	0	1	1
5224	1	1	1	0	20	1191	0	1	0
5224	2	1	1	0	20	1191	0	1	1
5225	1	1	1	0	20	1191	0	1	0
5225	2	1	1	0	20	1191	0	1	1
5226	1	1	1	0	22	1383	0	1	0
5226	2	1	1	0	22	1383	0	1	1
5227	1	1	1	0	22	1383	0	1	0
5227	2	1	1	0	22	1383	0	1	1
5228	1	1	1	0	24	1063	0	1	0
5228	2	1	1	0	24	1063	0	1	1
5229	1	1	1	0	24	807	0	1	0
5229	2	1	1	0	24	807	0	1	1
5230	1	1	1	0	24	669	0	1	0
5230	2	1	1	0	24	669	0	1	1
5231	1	1	1	0	24	807	0	1	0
5231	2	1	1	0	24	807	0	1	1
5232	1	1	1	0	26	749	0	1	0
5232	2	1	1	0	26	749	0	1	1
5233	1	1	1	0	26	749	0	1	0
5233	2	1	1	0	26	749	0	1	1
5234	1	1	1	0	28	749	0	1	0
5234	2	1	1	0	28	749	0	1	1
5235	1	1	1	0	28	749	0	1	0
5235	2	1	1	0	28	749	0	1	1
5237	1	1	1	0	28	2196	0	1	0
5237	2	1	1	0	28	2196	0	1	1
5238	1	1	1	0	28	2196	0	1	0
5238	2	1	1	0	28	2196	0	1	1
5239	1	1	1	0	28	1479	0	1	0
5239	2	1	1	0	28	1479	0	1	1
5240	1	1	1	0	28	749	0	1	0
5240	2	1	1	0	28	749	0	1	1
5241	1	1	1	0	28	749	0	1	0
5241	2	1	1	0	28	749	0	1	1
5242	1	1	1	0	28	749	0	1	0
5242	2	1	1	0	28	749	0	1	1
5243	1	1	1	0	28	749	0	1	0
5243	2	1	1	0	28	749	0	1	1
5244	1	1	1	0	28	749	0	1	0
5244	2	1	1	0	28	749	0	1	1
5246	1	1	1	0	28	749	0	1	0
5246	2	1	1	0	28	749	0	1	1
5247	1	1	1	0	28	749	0	1	0
5247	2	1	1	0	28	749	0	1	1
5248	1	1	1	0	28	749	0	1	0
5248	2	1	1	0	28	749	0	1	1
5249	1	1	1	0	28	749	0	1	0
5249	2	1	1	0	28	749	0	1	1
5250	1	1	1	0	28	749	0	1	0
5250	2	1	1	0	28	749	0	1	1
5251	1	1	1	0	28	749	0	1	0
5251	2	1	1	0	28	749	0	1	1
5252	1	1	1	0	28	2196	0	1	0
5252	2	1	1	0	28	2196	0	1	1
5253	1	1	1	0	28	2196	0	1	0
5253	2	1	1	0	28	2196	0	1	1
5254	1	1	1	0	28	749	0	1	0
5254	2	1	1	0	28	749	0	1	1
5255	1	1	1	0	28	749	0	1	0
5255	2	1	1	0	28	749	0	1	1
5256	1	1	1	0	28	749	0	1	0
5256	2	1	1	0	28	749	0	1	1
5257	1	1	1	0	28	749	0	1	0
5257	2	1	1	0	28	749	0	1	1
5258	1	1	1	0	28	749	0	1	0
5258	2	1	1	0	28	749	0	1	1
5259	1	1	1	0	28	749	0	1	0
5259	2	1	1	0	28	749	0	1	1
5260	1	1	1	0	28	749	0	1	0
5260	2	1	1	0	28	749	0	1	1
5261	1	1	1	0	28	749	0	1	0
5261	2	1	1	0	28	749	0	1	1
5262	1	1	1	0	28	749	0	1	0
5262	2	1	1	0	28	749	0	1	1
5263	1	1	1	0	28	749	0	1	0
5263	2	1	1	0	28	749	0	1	1
5265	1	1	1	0	28	749	0	1	0
5265	2	1	1	0	28	749	0	1	1
5266	1	1	1	0	28	749	0	1	0
5266	2	1	1	0	28	749	0	1	1
5267	1	1	1	0	28	2196	0	1	0
5267	2	1	1	0	28	2196	0	1	1
5268	1	1	1	0	28	1479	0	1	0
5268	2	1	1	0	28	1479	0	1	1
5269	1	1	1	0	28	749	0	1	0
5269	2	1	1	0	28	749	0	1	1
5270	1	1	1	0	28	749	0	1	0
5270	2	1	1	0	28	749	0	1	1
5271	1	1	1	0	28	749	0	1	0
5271	2	1	1	0	28	749	0	1	1
5272	1	1	1	0	28	749	0	1	0
5272	2	1	1	0	28	749	0	1	1
5274	1	1	1	0	28	749	0	1	0
5274	2	1	1	0	28	749	0	1	1
5275	1	1	1	0	28	749	0	1	0
5275	2	1	1	0	28	749	0	1	1
5276	1	1	1	0	28	749	0	1	0
5276	2	1	1	0	28	749	0	1	1
5277	1	1	1	0	28	749	0	1	0
5277	2	1	1	0	28	749	0	1	1
5278	1	1	1	0	28	749	0	1	0
5278	2	1	1	0	28	749	0	1	1
5279	1	1	1	0	28	749	0	1	0
5279	2	1	1	0	28	749	0	1	1
5280	1	1	1	0	28	749	0	1	0
5280	2	1	1	0	28	749	0	1	1
5281	1	1	1	0	28	749	0	1	0
5281	2	1	1	0	28	749	0	1	1
5282	1	1	1	0	28	2052	0	1	0
5282	2	1	1	0	28	2052	0	1	1
5283	1	1	1	0	28	935	0	1	0
5283	2	1	1	0	28	935	0	1	1
5284	1	1	1	0	28	749	0	1	0
5284	2	1	1	0	28	749	0	1	1
5285	1	1	1	0	28	749	0	1	0
5285	2	1	1	0	28	749	0	1	1
5286	1	1	1	0	28	749	0	1	0
5286	2	1	1	0	28	749	0	1	1
5287	1	1	1	0	28	749	0	1	0
5287	2	1	1	0	28	749	0	1	1
5288	1	1	1	0	28	749	0	1	0
5288	2	1	1	0	28	749	0	1	1
5289	1	1	1	0	28	749	0	1	0
5289	2	1	1	0	28	749	0	1	1
5290	1	1	1	0	28	749	0	1	0
5290	2	1	1	0	28	749	0	1	1
5291	1	1	1	0	28	749	0	1	0
5291	2	1	1	0	28	749	0	1	1
5293	1	1	1	0	28	749	0	1	0
5293	2	1	1	0	28	749	0	1	1
5294	1	1	1	0	28	749	0	1	0
5294	2	1	1	0	28	749	0	1	1
5295	1	1	1	0	28	749	0	1	0
5295	2	1	1	0	28	749	0	1	1
5296	1	1	1	0	28	749	0	1	0
5296	2	1	1	0	28	749	0	1	1
5297	1	1	1	0	28	2196	0	1	0
5297	2	1	1	0	28	2196	0	1	1
5298	1	1	1	0	28	1479	0	1	0
5298	2	1	1	0	28	1479	0	1	1
5299	1	1	1	0	28	749	0	1	0
5299	2	1	1	0	28	749	0	1	1
5300	1	1	1	0	28	749	0	1	0
5300	2	1	1	0	28	749	0	1	1
5302	1	1	1	0	28	749	0	1	0
5302	2	1	1	0	28	749	0	1	1
5303	1	1	1	0	28	749	0	1	0
5303	2	1	1	0	28	749	0	1	1
5304	1	1	1	0	28	749	0	1	0
5304	2	1	1	0	28	749	0	1	1
5305	1	1	1	0	28	749	0	1	0
5305	2	1	1	0	28	749	0	1	1
5306	1	1	1	0	28	749	0	1	0
5306	2	1	1	0	28	749	0	1	1
5307	1	1	1	0	28	749	0	1	0
5307	2	1	1	0	28	749	0	1	1
5308	1	1	1	0	28	749	0	1	0
5308	2	1	1	0	28	749	0	1	1
5309	1	1	1	0	28	749	0	1	0
5309	2	1	1	0	28	749	0	1	1
5311	1	1	1	0	28	749	0	1	0
5311	2	1	1	0	28	749	0	1	1
5312	1	1	1	0	22	1383	0	1	0
5312	2	1	1	0	22	1383	0	1	1
5313	1	1	1	0	22	1383	0	1	0
5313	2	1	1	0	22	1383	0	1	1
5314	1	1	1	0	22	1383	0	1	0
5314	2	1	1	0	22	1383	0	1	1
5315	1	1	1	0	28	1692	0	1	0
5315	2	1	1	0	28	1692	0	1	1
5316	1	1	1	0	28	749	0	1	0
5316	2	1	1	0	28	749	0	1	1
5317	1	1	1	0	28	749	0	1	0
5317	2	1	1	0	28	749	0	1	1
5318	1	1	1	0	28	749	0	1	0
5318	2	1	1	0	28	749	0	1	1
5319	1	1	1	0	28	749	0	1	0
5319	2	1	1	0	28	749	0	1	1
5321	1	1	1	0	28	749	0	1	0
5321	2	1	1	0	28	749	0	1	1
5322	1	1	1	0	28	749	0	1	0
5322	2	1	1	0	28	749	0	1	1
5323	1	1	1	0	28	749	0	1	0
5323	2	1	1	0	28	749	0	1	1
5324	1	1	1	0	28	749	0	1	0
5324	2	1	1	0	28	749	0	1	1
5325	1	1	1	0	28	749	0	1	0
5325	2	1	1	0	28	749	0	1	1
5326	1	1	1	0	28	749	0	1	0
5326	2	1	1	0	28	749	0	1	1
5327	1	1	1	0	28	749	0	1	0
5327	2	1	1	0	28	749	0	1	1
5328	1	1	1	0	28	749	0	1	0
5328	2	1	1	0	28	749	0	1	1
5330	1	1	1	0	28	749	0	1	0
5330	2	1	1	0	28	749	0	1	1
5331	1	1	1	0	28	749	0	1	0
5331	2	1	1	0	28	749	0	1	1
5332	1	1	1	0	28	749	0	1	0
5332	2	1	1	0	28	749	0	1	1
5333	1	1	1	0	28	749	0	1	0
5333	2	1	1	0	28	749	0	1	1
5334	1	1	1	0	28	749	0	1	0
5334	2	1	1	0	28	749	0	1	1
5335	1	1	1	0	26	1836	0	1	0
5335	2	1	1	0	26	1836	0	1	1
5336	1	1	1	0	26	1836	0	1	0
5336	2	1	1	0	26	1836	0	1	1
5337	1	1	1	0	28	1479	0	1	0
5337	2	1	1	0	28	1479	0	1	1
5338	1	1	1	0	28	185	0	1	0
5338	2	1	1	0	28	185	0	1	1
5339	1	1	1	0	28	749	0	1	0
5339	2	1	1	0	28	749	0	1	1
5340	1	1	1	0	28	749	0	1	0
5340	2	1	1	0	28	749	0	1	1
5341	1	1	1	0	28	749	0	1	0
5341	2	1	1	0	28	749	0	1	1
5342	1	1	1	0	28	749	0	1	0
5342	2	1	1	0	28	749	0	1	1
5343	1	1	1	0	28	749	0	1	0
5343	2	1	1	0	28	749	0	1	1
5344	1	1	1	0	28	749	0	1	0
5344	2	1	1	0	28	749	0	1	1
5345	1	1	1	0	28	749	0	1	0
5345	2	1	1	0	28	749	0	1	1
5346	1	1	1	0	28	749	0	1	0
5346	2	1	1	0	28	749	0	1	1
5347	1	1	1	0	28	749	0	1	0
5347	2	1	1	0	28	749	0	1	1
5349	1	1	1	0	28	749	0	1	0
5349	2	1	1	0	28	749	0	1	1
5350	1	1	1	0	28	749	0	1	0
5350	2	1	1	0	28	749	0	1	1
5351	1	1	1	0	28	2196	0	1	0
5351	2	1	1	0	28	2196	0	1	1
5352	1	1	1	0	28	2196	0	1	0
5352	2	1	1	0	28	2196	0	1	1
5353	1	1	1	0	28	1479	0	1	0
5353	2	1	1	0	28	1479	0	1	1
5354	1	1	1	0	28	749	0	1	0
5354	2	1	1	0	28	749	0	1	1
5355	1	1	1	0	28	749	0	1	0
5355	2	1	1	0	28	749	0	1	1
5356	1	1	1	0	28	749	0	1	0
5356	2	1	1	0	28	749	0	1	1
5358	1	1	1	0	28	749	0	1	0
5358	2	1	1	0	28	749	0	1	1
5359	1	1	1	0	28	749	0	1	0
5359	2	1	1	0	28	749	0	1	1
5360	1	1	1	0	28	749	0	1	0
5360	2	1	1	0	28	749	0	1	1
5361	1	1	1	0	28	749	0	1	0
5361	2	1	1	0	28	749	0	1	1
5362	1	1	1	0	28	749	0	1	0
5362	2	1	1	0	28	749	0	1	1
5363	1	1	1	0	28	749	0	1	0
5363	2	1	1	0	28	749	0	1	1
5364	1	1	1	0	28	749	0	1	0
5364	2	1	1	0	28	749	0	1	1
5365	1	1	1	0	28	749	0	1	0
5365	2	1	1	0	28	749	0	1	1
5367	1	1	1	0	28	2196	0	1	0
5367	2	1	1	0	28	2196	0	1	1
5368	1	1	1	0	28	2052	0	1	0
5368	2	1	1	0	28	2052	0	1	1
5369	1	1	1	0	28	935	0	1	0
5369	2	1	1	0	28	935	0	1	1
5370	1	1	1	0	28	749	0	1	0
5370	2	1	1	0	28	749	0	1	1
5371	1	1	1	0	28	749	0	1	0
5371	2	1	1	0	28	749	0	1	1
5372	1	1	1	0	28	749	0	1	0
5372	2	1	1	0	28	749	0	1	1
5373	1	1	1	0	28	749	0	1	0
5373	2	1	1	0	28	749	0	1	1
5374	1	1	1	0	28	749	0	1	0
5374	2	1	1	0	28	749	0	1	1
5375	1	1	1	0	28	749	0	1	0
5375	2	1	1	0	28	749	0	1	1
5377	1	1	1	0	28	749	0	1	0
5377	2	1	1	0	28	749	0	1	1
5378	1	1	1	0	28	749	0	1	0
5378	2	1	1	0	28	749	0	1	1
5379	1	1	1	0	28	749	0	1	0
5379	2	1	1	0	28	749	0	1	1
5380	1	1	1	0	28	749	0	1	0
5380	2	1	1	0	28	749	0	1	1
5381	1	1	1	0	28	749	0	1	0
5381	2	1	1	0	28	749	0	1	1
5382	1	1	1	0	28	2196	0	1	0
5382	2	1	1	0	28	2196	0	1	1
5383	1	1	1	0	28	2196	0	1	0
5383	2	1	1	0	28	2196	0	1	1
5384	1	1	1	0	28	1479	0	1	0
5384	2	1	1	0	28	1479	0	1	1
5385	1	1	1	0	28	185	0	1	0
5385	2	1	1	0	28	185	0	1	1
5386	1	1	1	0	28	749	0	1	0
5386	2	1	1	0	28	749	0	1	1
5387	1	1	1	0	28	749	0	1	0
5387	2	1	1	0	28	749	0	1	1
5388	1	1	1	0	28	749	0	1	0
5388	2	1	1	0	28	749	0	1	1
5389	1	1	1	0	28	749	0	1	0
5389	2	1	1	0	28	749	0	1	1
5390	1	1	1	0	28	749	0	1	0
5390	2	1	1	0	28	749	0	1	1
5391	1	1	1	0	28	749	0	1	0
5391	2	1	1	0	28	749	0	1	1
5392	1	1	1	0	28	749	0	1	0
5392	2	1	1	0	28	749	0	1	1
5393	1	1	1	0	28	749	0	1	0
5393	2	1	1	0	28	749	0	1	1
5395	1	1	1	0	28	749	0	1	0
5395	2	1	1	0	28	749	0	1	1
5396	1	1	1	0	28	749	0	1	0
5396	2	1	1	0	28	749	0	1	1
5397	1	1	1	0	28	2196	0	1	0
5397	2	1	1	0	28	2196	0	1	1
5398	1	1	1	0	28	2196	0	1	0
5398	2	1	1	0	28	2196	0	1	1
5399	1	1	1	0	28	1479	0	1	0
5399	2	1	1	0	28	1479	0	1	1
5400	1	1	1	0	28	749	0	1	0
5400	2	1	1	0	28	749	0	1	1
5401	1	1	1	0	28	749	0	1	0
5401	2	1	1	0	28	749	0	1	1
5402	1	1	1	0	28	749	0	1	0
5402	2	1	1	0	28	749	0	1	1
5403	1	1	1	0	28	749	0	1	0
5403	2	1	1	0	28	749	0	1	1
5405	1	1	1	0	28	749	0	1	0
5405	2	1	1	0	28	749	0	1	1
5406	1	1	1	0	28	749	0	1	0
5406	2	1	1	0	28	749	0	1	1
5407	1	1	1	0	28	749	0	1	0
5407	2	1	1	0	28	749	0	1	1
5408	1	1	1	0	28	749	0	1	0
5408	2	1	1	0	28	749	0	1	1
5409	1	1	1	0	28	749	0	1	0
5409	2	1	1	0	28	749	0	1	1
5410	1	1	1	0	28	749	0	1	0
5410	2	1	1	0	28	749	0	1	1
5411	1	1	1	0	28	749	0	1	0
5411	2	1	1	0	28	749	0	1	1
5412	1	1	1	0	26	749	0	1	0
5412	2	1	1	0	26	749	0	1	1
5413	1	1	1	0	26	1836	0	1	0
5413	2	1	1	0	26	1836	0	1	1
5414	1	1	1	0	26	1836	0	1	0
5414	2	1	1	0	26	1836	0	1	1
5415	1	1	1	0	26	1527	0	1	0
5415	2	1	1	0	26	1527	0	1	1
5416	1	1	1	0	24	669	0	1	0
5416	2	1	1	0	24	669	0	1	1
5417	1	1	1	0	24	807	0	1	0
5417	2	1	1	0	24	807	0	1	1
5418	1	1	1	0	22	693	0	1	0
5418	2	1	1	0	22	693	0	1	1
5419	1	1	1	0	22	693	0	1	0
5419	2	1	1	0	22	693	0	1	1
5420	1	1	1	0	22	807	0	1	0
5420	2	1	1	0	22	807	0	1	1
5421	1	1	1	0	22	693	0	1	0
5421	2	1	1	0	22	693	0	1	1
5422	1	1	1	0	20	97	0	1	0
5422	2	1	1	0	20	97	0	1	1
5423	1	1	1	0	20	693	0	1	0
5423	2	1	1	0	20	693	0	1	1
5424	1	1	1	0	20	693	0	1	0
5424	2	1	1	0	20	693	0	1	1
5425	1	1	1	0	20	775	0	1	0
5425	2	1	1	0	20	775	0	1	1
5426	1	1	1	0	18	749	0	1	0
5426	2	1	1	0	18	749	0	1	1
5427	1	1	1	0	18	749	0	1	0
5427	2	1	1	0	18	749	0	1	1
5428	1	1	1	0	18	967	0	1	0
5428	2	1	1	0	18	967	0	1	1
5429	1	1	1	0	18	967	0	1	0
5429	2	1	1	0	18	967	0	1	1
5430	1	1	1	0	18	967	0	1	0
5430	2	1	1	0	18	967	0	1	1
5431	1	1	1	0	18	967	0	1	0
5431	2	1	1	0	18	967	0	1	1
5432	1	1	1	0	18	967	0	1	0
5432	2	1	1	0	18	967	0	1	1
5433	1	1	1	0	18	967	0	1	0
5433	2	1	1	0	18	967	0	1	1
5434	1	1	1	0	20	1191	0	1	0
5434	2	1	1	0	20	1191	0	1	1
5435	1	1	1	0	20	1191	0	1	0
5435	2	1	1	0	20	1191	0	1	1
5436	1	1	1	0	20	1191	0	1	0
5436	2	1	1	0	20	1191	0	1	1
5437	1	1	1	0	20	775	0	1	0
5437	2	1	1	0	20	775	0	1	1
5438	1	1	1	0	22	807	0	1	0
5438	2	1	1	0	22	807	0	1	1
5439	1	1	1	0	22	693	0	1	0
5439	2	1	1	0	22	693	0	1	1
5440	1	1	1	0	22	693	0	1	0
5440	2	1	1	0	22	693	0	1	1
5441	1	1	1	0	22	113	0	1	0
5441	2	1	1	0	22	113	0	1	1
5442	1	1	1	0	24	669	0	1	0
5442	2	1	1	0	24	669	0	1	1
5443	1	1	1	0	24	807	0	1	0
5443	2	1	1	0	24	807	0	1	1
5444	1	1	1	0	24	1620	0	1	0
5444	2	1	1	0	24	1620	0	1	1
5445	1	1	1	0	24	1620	0	1	0
5445	2	1	1	0	24	1620	0	1	1
5446	1	1	1	0	22	1143	0	1	0
5446	2	1	1	0	22	1143	0	1	1
5447	1	1	1	0	22	693	0	1	0
5447	2	1	1	0	22	693	0	1	1
5448	1	1	1	0	22	807	0	1	0
5448	2	1	1	0	22	807	0	1	1
5449	1	1	1	0	24	669	0	1	0
5449	2	1	1	0	24	669	0	1	1
5450	1	1	1	0	26	149	0	1	0
5450	2	1	1	0	26	149	0	1	1
5451	1	1	1	0	26	749	0	1	0
5451	2	1	1	0	26	749	0	1	1
5452	1	1	1	0	24	669	0	1	0
5452	2	1	1	0	24	669	0	1	1
5453	1	1	1	0	18	749	0	1	0
5453	2	1	1	0	18	749	0	1	1
5454	1	1	1	0	24	669	0	1	0
5454	2	1	1	0	24	669	0	1	1
5455	1	1	1	0	18	749	0	1	0
5455	2	1	1	0	18	749	0	1	1
5456	1	1	1	0	14	717	0	1	0
5456	2	1	1	0	14	717	0	1	1
5457	1	1	1	0	14	717	0	1	0
5457	2	1	1	0	14	717	0	1	1
5458	1	1	1	0	10	469	0	1	0
5458	2	1	1	0	10	469	0	1	1
5459	1	1	1	0	10	469	0	1	0
5459	2	1	1	0	10	469	0	1	1
5460	1	1	1	0	8	421	0	1	0
5460	2	1	1	0	8	421	0	1	1
5461	1	1	1	0	8	421	0	1	0
5461	2	1	1	0	8	421	0	1	1
5462	1	1	1	0	6	309	0	1	0
5462	2	1	1	0	6	309	0	1	1
5463	1	1	1	0	6	309	0	1	0
5463	2	1	1	0	6	309	0	1	1
5464	1	1	1	0	10	469	0	1	0
5464	2	1	1	0	10	469	0	1	1
5465	1	1	1	0	10	469	0	1	0
5465	2	1	1	0	10	469	0	1	1
5466	1	1	1	0	12	597	0	1	0
5466	2	1	1	0	12	597	0	1	1
5467	1	1	1	0	12	597	0	1	0
5467	2	1	1	0	12	597	0	1	1
5468	1	1	1	0	16	903	0	1	0
5468	2	1	1	0	16	903	0	1	1
5469	1	1	1	0	16	903	0	1	0
5469	2	1	1	0	16	903	0	1	1
5470	1	1	1	0	18	967	0	1	0
5470	2	1	1	0	18	967	0	1	1
5471	1	1	1	0	18	967	0	1	0
5471	2	1	1	0	18	967	0	1	1
5472	1	1	1	0	20	1191	0	1	0
5472	2	1	1	0	20	1191	0	1	1
5473	1	1	1	0	20	1191	0	1	0
5473	2	1	1	0	20	1191	0	1	1
5474	1	1	1	0	20	1191	0	1	0
5474	2	1	1	0	20	1191	0	1	1
5475	1	1	1	0	20	1191	0	1	0
5475	2	1	1	0	20	1191	0	1	1
5476	1	1	1	0	22	1383	0	1	0
5476	2	1	1	0	22	1383	0	1	1
5477	1	1	1	0	22	1383	0	1	0
5477	2	1	1	0	22	1383	0	1	1
5478	1	1	1	0	22	1383	0	1	0
5478	2	1	1	0	22	1383	0	1	1
5479	1	1	1	0	22	935	0	1	0
5479	2	1	1	0	22	935	0	1	1
5480	1	1	1	0	22	807	0	1	0
5480	2	1	1	0	22	807	0	1	1
5481	1	1	1	0	22	693	0	1	0
5481	2	1	1	0	22	693	0	1	1
5482	1	1	1	0	22	693	0	1	0
5482	2	1	1	0	22	693	0	1	1
5483	1	1	1	0	22	807	0	1	0
5483	2	1	1	0	22	807	0	1	1
5484	1	1	1	0	20	693	0	1	0
5484	2	1	1	0	20	693	0	1	1
5485	1	1	1	0	20	693	0	1	0
5485	2	1	1	0	20	693	0	1	1
5486	1	1	1	0	18	749	0	1	0
5486	2	1	1	0	18	749	0	1	1
5487	1	1	1	0	18	749	0	1	0
5487	2	1	1	0	18	749	0	1	1
5489	1	1	1	0	18	749	0	1	0
5489	2	1	1	0	18	749	0	1	1
5490	1	1	1	0	16	693	0	1	0
5490	2	1	1	0	16	693	0	1	1
5491	1	1	1	0	16	693	0	1	0
5491	2	1	1	0	16	693	0	1	1
5492	1	1	1	0	14	775	0	1	0
5492	2	1	1	0	14	775	0	1	1
5493	1	1	1	0	14	775	0	1	0
5493	2	1	1	0	14	775	0	1	1
5494	1	1	1	0	12	597	0	1	0
5494	2	1	1	0	12	597	0	1	1
5495	1	1	1	0	12	597	0	1	0
5495	2	1	1	0	12	597	0	1	1
5496	1	1	1	0	14	775	0	1	0
5496	2	1	1	0	14	775	0	1	1
5497	1	1	1	0	14	775	0	1	0
5497	2	1	1	0	14	775	0	1	1
5498	1	1	1	0	14	775	0	1	0
5498	2	1	1	0	14	775	0	1	1
5499	1	1	1	0	14	775	0	1	0
5499	2	1	1	0	14	775	0	1	1
5500	1	1	1	0	18	967	0	1	0
5500	2	1	1	0	18	967	0	1	1
5501	1	1	1	0	18	967	0	1	0
5501	2	1	1	0	18	967	0	1	1
5502	1	1	1	0	18	967	0	1	0
5502	2	1	1	0	18	967	0	1	1
5503	1	1	1	0	18	967	0	1	0
5503	2	1	1	0	18	967	0	1	1
5504	1	1	1	0	16	903	0	1	0
5504	2	1	1	0	16	903	0	1	1
5505	1	1	1	0	16	903	0	1	0
5505	2	1	1	0	16	903	0	1	1
5506	1	1	1	0	16	839	0	1	0
5506	2	1	1	0	16	839	0	1	1
5507	1	1	1	0	16	693	0	1	0
5507	2	1	1	0	16	693	0	1	1
5508	1	1	1	0	28	749	0	1	0
5508	2	1	1	0	28	749	0	1	1
5509	1	1	1	0	28	749	0	1	0
5509	2	1	1	0	28	749	0	1	1
5510	1	1	1	0	24	1620	0	1	0
5510	2	1	1	0	24	1620	0	1	1
5511	1	1	1	0	24	1620	0	1	0
5511	2	1	1	0	24	1620	0	1	1
5512	1	1	1	0	24	1620	0	1	0
5512	2	1	1	0	24	1620	0	1	1
5513	1	1	1	0	26	1063	0	1	0
5513	2	1	1	0	26	1063	0	1	1
5514	1	1	1	0	26	749	0	1	0
5514	2	1	1	0	26	749	0	1	1
5515	1	1	1	0	26	749	0	1	0
5515	2	1	1	0	26	749	0	1	1
5517	1	1	1	0	26	749	0	1	0
5517	2	1	1	0	26	749	0	1	1
5518	1	1	1	0	26	749	0	1	0
5518	2	1	1	0	26	749	0	1	1
5519	1	1	1	0	26	749	0	1	0
5519	2	1	1	0	26	749	0	1	1
5520	1	1	1	0	24	669	0	1	0
5520	2	1	1	0	24	669	0	1	1
5521	1	1	1	0	24	807	0	1	0
5521	2	1	1	0	24	807	0	1	1
5522	1	1	1	0	24	669	0	1	0
5522	2	1	1	0	24	669	0	1	1
5523	1	1	1	0	24	807	0	1	0
5523	2	1	1	0	24	807	0	1	1
5524	1	1	1	0	24	669	0	1	0
5524	2	1	1	0	24	669	0	1	1
5525	1	1	1	0	28	185	0	1	0
5525	2	1	1	0	28	185	0	1	1
5526	1	1	1	0	24	1620	0	1	0
5526	2	1	1	0	24	1620	0	1	1
5527	1	1	1	0	24	1620	0	1	0
5527	2	1	1	0	24	1620	0	1	1
5528	1	1	1	0	22	1383	0	1	0
5528	2	1	1	0	22	1383	0	1	1
5529	1	1	1	0	22	1383	0	1	0
5529	2	1	1	0	22	1383	0	1	1
5530	1	1	1	0	22	1287	0	1	0
5530	2	1	1	0	22	1287	0	1	1
5531	1	1	1	0	22	807	0	1	0
5531	2	1	1	0	22	807	0	1	1
5532	1	1	1	0	22	693	0	1	0
5532	2	1	1	0	22	693	0	1	1
5533	1	1	1	0	22	693	0	1	0
5533	2	1	1	0	22	693	0	1	1
5534	1	1	1	0	26	149	0	1	0
5534	2	1	1	0	26	149	0	1	1
5535	1	1	1	0	20	693	0	1	0
5535	2	1	1	0	20	693	0	1	1
5536	1	1	1	0	20	693	0	1	0
5536	2	1	1	0	20	693	0	1	1
5537	1	1	1	0	20	775	0	1	0
5537	2	1	1	0	20	775	0	1	1
5538	1	1	1	0	18	749	0	1	0
5538	2	1	1	0	18	749	0	1	1
5539	1	1	1	0	18	749	0	1	0
5539	2	1	1	0	18	749	0	1	1
5540	1	1	1	0	16	693	0	1	0
5540	2	1	1	0	16	693	0	1	1
5541	1	1	1	0	16	693	0	1	0
5541	2	1	1	0	16	693	0	1	1
5542	1	1	1	0	14	775	0	1	0
5542	2	1	1	0	14	775	0	1	1
5543	1	1	1	0	14	775	0	1	0
5543	2	1	1	0	14	775	0	1	1
5544	1	1	1	0	12	597	0	1	0
5544	2	1	1	0	12	597	0	1	1
5545	1	1	1	0	12	597	0	1	0
5545	2	1	1	0	12	597	0	1	1
5546	1	1	1	0	10	469	0	1	0
5546	2	1	1	0	10	469	0	1	1
5547	1	1	1	0	10	469	0	1	0
5547	2	1	1	0	10	469	0	1	1
5548	1	1	1	0	8	421	0	1	0
5548	2	1	1	0	8	421	0	1	1
5549	1	1	1	0	8	421	0	1	0
5549	2	1	1	0	8	421	0	1	1
5550	1	1	1	0	6	309	0	1	0
5550	2	1	1	0	6	309	0	1	1
5551	1	1	1	0	6	309	0	1	0
5551	2	1	1	0	6	309	0	1	1
5552	1	1	1	0	2	133	0	1	0
5552	2	1	1	0	2	133	0	1	1
5553	1	1	1	0	2	133	0	1	0
5553	2	1	1	0	2	133	0	1	1
5554	1	1	1	0	2	133	0	1	0
5554	2	1	1	0	2	133	0	1	1
5555	1	1	1	0	2	133	0	1	0
5555	2	1	1	0	2	133	0	1	1
5556	1	1	1	0	4	217	0	1	0
5556	2	1	1	0	4	217	0	1	1
5557	1	1	1	0	4	217	0	1	0
5557	2	1	1	0	4	217	0	1	1
5558	1	1	1	0	6	309	0	1	0
5558	2	1	1	0	6	309	0	1	1
5559	1	1	1	0	6	309	0	1	0
5559	2	1	1	0	6	309	0	1	1
5560	1	1	1	0	8	421	0	1	0
5560	2	1	1	0	8	421	0	1	1
5561	1	1	1	0	8	421	0	1	0
5561	2	1	1	0	8	421	0	1	1
5562	1	1	1	0	10	469	0	1	0
5562	2	1	1	0	10	469	0	1	1
5563	1	1	1	0	10	469	0	1	0
5563	2	1	1	0	10	469	0	1	1
5564	1	1	1	0	10	469	0	1	0
5564	2	1	1	0	10	469	0	1	1
5565	1	1	1	0	10	469	0	1	0
5565	2	1	1	0	10	469	0	1	1
5566	1	1	1	0	10	469	0	1	0
5566	2	1	1	0	10	469	0	1	1
5567	1	1	1	0	10	469	0	1	0
5567	2	1	1	0	10	469	0	1	1
5568	1	1	1	0	12	597	0	1	0
5568	2	1	1	0	12	597	0	1	1
5569	1	1	1	0	12	597	0	1	0
5569	2	1	1	0	12	597	0	1	1
5570	1	1	1	0	10	469	0	1	0
5570	2	1	1	0	10	469	0	1	1
5571	1	1	1	0	10	469	0	1	0
5571	2	1	1	0	10	469	0	1	1
5572	1	1	1	0	10	469	0	1	0
5572	2	1	1	0	10	469	0	1	1
5573	1	1	1	0	10	469	0	1	0
5573	2	1	1	0	10	469	0	1	1
5574	1	1	1	0	10	469	0	1	0
5574	2	1	1	0	10	469	0	1	1
5575	1	1	1	0	10	469	0	1	0
5575	2	1	1	0	10	469	0	1	1
5576	1	1	1	0	6	309	0	1	0
5576	2	1	1	0	6	309	0	1	1
5577	1	1	1	0	6	309	0	1	0
5577	2	1	1	0	6	309	0	1	1
5578	1	1	1	0	6	309	0	1	0
5578	2	1	1	0	6	309	0	1	1
5579	1	1	1	0	6	309	0	1	0
5579	2	1	1	0	6	309	0	1	1
5580	1	1	1	0	2	133	0	1	0
5580	2	1	1	0	2	133	0	1	1
5581	1	1	1	0	2	133	0	1	0
5581	2	1	1	0	2	133	0	1	1
5582	1	1	1	0	0	81	0	1	0
5582	2	1	1	0	0	81	0	1	1
5583	1	1	1	0	0	81	0	1	0
5583	2	1	1	0	0	81	0	1	1
5584	1	1	1	0	2	133	0	1	0
5584	2	1	1	0	2	133	0	1	1
5585	1	1	1	0	2	133	0	1	0
5585	2	1	1	0	2	133	0	1	1
5586	1	1	1	0	6	309	0	1	0
5586	2	1	1	0	6	309	0	1	1
5587	1	1	1	0	6	309	0	1	0
5587	2	1	1	0	6	309	0	1	1
5588	1	1	1	0	10	469	0	1	0
5588	2	1	1	0	10	469	0	1	1
5589	1	1	1	0	10	469	0	1	0
5589	2	1	1	0	10	469	0	1	1
5590	1	1	1	0	14	775	0	1	0
5590	2	1	1	0	14	775	0	1	1
5591	1	1	1	0	14	775	0	1	0
5591	2	1	1	0	14	775	0	1	1
5592	1	1	1	0	16	903	0	1	0
5592	2	1	1	0	16	903	0	1	1
5593	1	1	1	0	16	903	0	1	0
5593	2	1	1	0	16	903	0	1	1
5594	1	1	1	0	18	967	0	1	0
5594	2	1	1	0	18	967	0	1	1
5595	1	1	1	0	18	967	0	1	0
5595	2	1	1	0	18	967	0	1	1
5596	1	1	1	0	20	1191	0	1	0
5596	2	1	1	0	20	1191	0	1	1
5597	1	1	1	0	20	1191	0	1	0
5597	2	1	1	0	20	1191	0	1	1
5598	1	1	1	0	20	1191	0	1	0
5598	2	1	1	0	20	1191	0	1	1
5599	1	1	1	0	20	1191	0	1	0
5599	2	1	1	0	20	1191	0	1	1
5600	1	1	1	0	20	999	0	1	0
5600	2	1	1	0	20	999	0	1	1
5601	1	1	1	0	20	693	0	1	0
5601	2	1	1	0	20	693	0	1	1
5602	1	1	1	0	20	775	0	1	0
5602	2	1	1	0	20	775	0	1	1
5603	1	1	1	0	20	693	0	1	0
5603	2	1	1	0	20	693	0	1	1
5604	1	1	1	0	22	693	0	1	0
5604	2	1	1	0	22	693	0	1	1
5605	1	1	1	0	22	807	0	1	0
5605	2	1	1	0	22	807	0	1	1
5606	1	1	1	0	22	693	0	1	0
5606	2	1	1	0	22	693	0	1	1
5607	1	1	1	0	22	693	0	1	0
5607	2	1	1	0	22	693	0	1	1
5608	1	1	1	0	22	807	0	1	0
5608	2	1	1	0	22	807	0	1	1
5610	1	1	1	0	22	693	0	1	0
5610	2	1	1	0	22	693	0	1	1
5611	1	1	1	0	22	693	0	1	0
5611	2	1	1	0	22	693	0	1	1
5612	1	1	1	0	22	807	0	1	0
5612	2	1	1	0	22	807	0	1	1
5613	1	1	1	0	22	693	0	1	0
5613	2	1	1	0	22	693	0	1	1
5614	1	1	1	0	22	693	0	1	0
5614	2	1	1	0	22	693	0	1	1
5615	1	1	1	0	22	807	0	1	0
5615	2	1	1	0	22	807	0	1	1
5616	1	1	1	0	22	693	0	1	0
5616	2	1	1	0	22	693	0	1	1
5617	1	1	1	0	22	693	0	1	0
5617	2	1	1	0	22	693	0	1	1
5618	1	1	1	0	24	133	0	1	0
5618	2	1	1	0	24	133	0	1	1
5619	1	1	1	0	24	669	0	1	0
5619	2	1	1	0	24	669	0	1	1
5620	1	1	1	0	24	807	0	1	0
5620	2	1	1	0	24	807	0	1	1
5621	1	1	1	0	24	669	0	1	0
5621	2	1	1	0	24	669	0	1	1
5622	1	1	1	0	24	807	0	1	0
5622	2	1	1	0	24	807	0	1	1
5623	1	1	1	0	24	669	0	1	0
5623	2	1	1	0	24	669	0	1	1
5624	1	1	1	0	24	807	0	1	0
5624	2	1	1	0	24	807	0	1	1
5625	1	1	1	0	24	669	0	1	0
5625	2	1	1	0	24	669	0	1	1
5626	1	1	1	0	26	749	0	1	0
5626	2	1	1	0	26	749	0	1	1
5627	1	1	1	0	26	749	0	1	0
5627	2	1	1	0	26	749	0	1	1
5629	1	1	1	0	26	749	0	1	0
5629	2	1	1	0	26	749	0	1	1
5630	1	1	1	0	26	749	0	1	0
5630	2	1	1	0	26	749	0	1	1
5631	1	1	1	0	26	749	0	1	0
5631	2	1	1	0	26	749	0	1	1
5632	1	1	1	0	28	749	0	1	0
5632	2	1	1	0	28	749	0	1	1
5633	1	1	1	0	28	749	0	1	0
5633	2	1	1	0	28	749	0	1	1
5634	1	1	1	0	28	749	0	1	0
5634	2	1	1	0	28	749	0	1	1
5635	1	1	1	0	28	749	0	1	0
5635	2	1	1	0	28	749	0	1	1
5636	1	1	1	0	28	749	0	1	0
5636	2	1	1	0	28	749	0	1	1
5638	1	1	1	0	28	749	0	1	0
5638	2	1	1	0	28	749	0	1	1
5639	1	1	1	0	28	749	0	1	0
5639	2	1	1	0	28	749	0	1	1
5640	1	1	1	0	28	749	0	1	0
5640	2	1	1	0	28	749	0	1	1
5641	1	1	1	0	28	749	0	1	0
5641	2	1	1	0	28	749	0	1	1
5642	1	1	1	0	28	749	0	1	0
5642	2	1	1	0	28	749	0	1	1
5643	1	1	1	0	28	749	0	1	0
5643	2	1	1	0	28	749	0	1	1
5644	1	1	1	0	28	749	0	1	0
5644	2	1	1	0	28	749	0	1	1
5645	1	1	1	0	28	749	0	1	0
5645	2	1	1	0	28	749	0	1	1
5647	1	1	1	0	28	749	0	1	0
5647	2	1	1	0	28	749	0	1	1
5648	1	1	1	0	28	749	0	1	0
5648	2	1	1	0	28	749	0	1	1
5649	1	1	1	0	28	749	0	1	0
5649	2	1	1	0	28	749	0	1	1
5650	1	1	1	0	28	749	0	1	0
5650	2	1	1	0	28	749	0	1	1
5651	1	1	1	0	28	749	0	1	0
5651	2	1	1	0	28	749	0	1	1
5652	1	1	1	0	28	749	0	1	0
5652	2	1	1	0	28	749	0	1	1
5653	1	1	1	0	28	749	0	1	0
5653	2	1	1	0	28	749	0	1	1
5654	1	1	1	0	28	749	0	1	0
5654	2	1	1	0	28	749	0	1	1
5655	1	1	1	0	28	749	0	1	0
5655	2	1	1	0	28	749	0	1	1
5657	1	1	1	0	28	749	0	1	0
5657	2	1	1	0	28	749	0	1	1
5658	1	1	1	0	28	749	0	1	0
5658	2	1	1	0	28	749	0	1	1
5659	1	1	1	0	28	749	0	1	0
5659	2	1	1	0	28	749	0	1	1
5660	1	1	1	0	28	749	0	1	0
5660	2	1	1	0	28	749	0	1	1
5661	1	1	1	0	28	749	0	1	0
5661	2	1	1	0	28	749	0	1	1
5662	1	1	1	0	28	749	0	1	0
5662	2	1	1	0	28	749	0	1	1
5663	1	1	1	0	28	749	0	1	0
5663	2	1	1	0	28	749	0	1	1
5664	1	1	1	0	28	749	0	1	0
5664	2	1	1	0	28	749	0	1	1
5666	1	1	1	0	28	749	0	1	0
5666	2	1	1	0	28	749	0	1	1
5667	1	1	1	0	28	749	0	1	0
5667	2	1	1	0	28	749	0	1	1
5668	1	1	1	0	28	749	0	1	0
5668	2	1	1	0	28	749	0	1	1
5669	1	1	1	0	28	749	0	1	0
5669	2	1	1	0	28	749	0	1	1
5670	1	1	1	0	28	749	0	1	0
5670	2	1	1	0	28	749	0	1	1
5671	1	1	1	0	28	749	0	1	0
5671	2	1	1	0	28	749	0	1	1
5672	1	1	1	0	28	749	0	1	0
5672	2	1	1	0	28	749	0	1	1
5673	1	1	1	0	28	749	0	1	0
5673	2	1	1	0	28	749	0	1	1
5675	1	1	1	0	28	749	0	1	0
5675	2	1	1	0	28	749	0	1	1
5676	1	1	1	0	28	749	0	1	0
5676	2	1	1	0	28	749	0	1	1
5677	1	1	1	0	28	749	0	1	0
5677	2	1	1	0	28	749	0	1	1
5678	1	1	1	0	28	749	0	1	0
5678	2	1	1	0	28	749	0	1	1
5679	1	1	1	0	28	749	0	1	0
5679	2	1	1	0	28	749	0	1	1
5680	1	1	1	0	28	749	0	1	0
5680	2	1	1	0	28	749	0	1	1
5681	1	1	1	0	28	749	0	1	0
5681	2	1	1	0	28	749	0	1	1
5682	1	1	1	0	28	749	0	1	0
5682	2	1	1	0	28	749	0	1	1
5683	1	1	1	0	28	749	0	1	0
5683	2	1	1	0	28	749	0	1	1
5685	1	1	1	0	28	749	0	1	0
5685	2	1	1	0	28	749	0	1	1
5686	1	1	1	0	26	749	0	1	0
5686	2	1	1	0	26	749	0	1	1
5687	1	1	1	0	26	749	0	1	0
5687	2	1	1	0	26	749	0	1	1
5688	1	1	1	0	26	749	0	1	0
5688	2	1	1	0	26	749	0	1	1
5689	1	1	1	0	26	749	0	1	0
5689	2	1	1	0	26	749	0	1	1
5690	1	1	1	0	24	669	0	1	0
5690	2	1	1	0	24	669	0	1	1
5691	1	1	1	0	24	807	0	1	0
5691	2	1	1	0	24	807	0	1	1
5692	1	1	1	0	24	669	0	1	0
5692	2	1	1	0	24	669	0	1	1
5693	1	1	1	0	24	133	0	1	0
5693	2	1	1	0	24	133	0	1	1
5694	1	1	1	0	22	693	0	1	0
5694	2	1	1	0	22	693	0	1	1
5695	1	1	1	0	22	693	0	1	0
5695	2	1	1	0	22	693	0	1	1
5696	1	1	1	0	20	775	0	1	0
5696	2	1	1	0	20	775	0	1	1
5697	1	1	1	0	20	693	0	1	0
5697	2	1	1	0	20	693	0	1	1
5698	1	1	1	0	16	693	0	1	0
5698	2	1	1	0	16	693	0	1	1
5699	1	1	1	0	16	775	0	1	0
5699	2	1	1	0	16	775	0	1	1
5700	1	1	1	0	12	597	0	1	0
5700	2	1	1	0	12	597	0	1	1
5701	1	1	1	0	12	597	0	1	0
5701	2	1	1	0	12	597	0	1	1
5702	1	1	1	0	4	217	0	1	0
5702	2	1	1	0	4	217	0	1	1
5703	1	1	1	0	4	217	0	1	0
5703	2	1	1	0	4	217	0	1	1
5704	1	1	1	0	10	469	0	1	0
5704	2	1	1	0	10	469	0	1	1
5705	1	1	1	0	10	469	0	1	0
5705	2	1	1	0	10	469	0	1	1
5706	1	1	1	0	16	903	0	1	0
5706	2	1	1	0	16	903	0	1	1
5707	1	1	1	0	16	903	0	1	0
5707	2	1	1	0	16	903	0	1	1
5708	1	1	1	0	18	967	0	1	0
5708	2	1	1	0	18	967	0	1	1
5709	1	1	1	0	18	967	0	1	0
5709	2	1	1	0	18	967	0	1	1
5710	1	1	1	0	22	807	0	1	0
5710	2	1	1	0	22	807	0	1	1
5711	1	1	1	0	22	807	0	1	0
5711	2	1	1	0	22	807	0	1	1
5713	1	1	1	0	24	669	0	1	0
5713	2	1	1	0	24	669	0	1	1
5714	1	1	1	0	26	749	0	1	0
5714	2	1	1	0	26	749	0	1	1
5715	1	1	1	0	26	749	0	1	0
5715	2	1	1	0	26	749	0	1	1
5716	1	1	1	0	28	749	0	1	0
5716	2	1	1	0	28	749	0	1	1
5717	1	1	1	0	28	749	0	1	0
5717	2	1	1	0	28	749	0	1	1
5718	1	1	1	0	28	749	0	1	0
5718	2	1	1	0	28	749	0	1	1
5719	1	1	1	0	28	749	0	1	0
5719	2	1	1	0	28	749	0	1	1
5720	1	1	1	0	28	749	0	1	0
5720	2	1	1	0	28	749	0	1	1
5722	1	1	1	0	28	749	0	1	0
5722	2	1	1	0	28	749	0	1	1
5723	1	1	1	0	28	749	0	1	0
5723	2	1	1	0	28	749	0	1	1
5724	1	1	1	0	28	749	0	1	0
5724	2	1	1	0	28	749	0	1	1
5725	1	1	1	0	28	749	0	1	0
5725	2	1	1	0	28	749	0	1	1
5726	1	1	1	0	28	749	0	1	0
5726	2	1	1	0	28	749	0	1	1
5727	1	1	1	0	28	749	0	1	0
5727	2	1	1	0	28	749	0	1	1
5728	1	1	1	0	28	749	0	1	0
5728	2	1	1	0	28	749	0	1	1
5729	1	1	1	0	28	749	0	1	0
5729	2	1	1	0	28	749	0	1	1
5731	1	1	1	0	28	749	0	1	0
5731	2	1	1	0	28	749	0	1	1
5732	1	1	1	0	28	749	0	1	0
5732	2	1	1	0	28	749	0	1	1
5733	1	1	1	0	28	749	0	1	0
5733	2	1	1	0	28	749	0	1	1
5734	1	1	1	0	28	749	0	1	0
5734	2	1	1	0	28	749	0	1	1
5735	1	1	1	0	28	749	0	1	0
5735	2	1	1	0	28	749	0	1	1
5736	1	1	1	0	28	749	0	1	0
5736	2	1	1	0	28	749	0	1	1
5737	1	1	1	0	28	749	0	1	0
5737	2	1	1	0	28	749	0	1	1
5738	1	1	1	0	28	749	0	1	0
5738	2	1	1	0	28	749	0	1	1
5739	1	1	1	0	28	749	0	1	0
5739	2	1	1	0	28	749	0	1	1
5741	1	1	1	0	28	749	0	1	0
5741	2	1	1	0	28	749	0	1	1
5742	1	1	1	0	28	749	0	1	0
5742	2	1	1	0	28	749	0	1	1
5743	1	1	1	0	28	749	0	1	0
5743	2	1	1	0	28	749	0	1	1
5744	1	1	1	0	28	749	0	1	0
5744	2	1	1	0	28	749	0	1	1
5745	1	1	1	0	28	749	0	1	0
5745	2	1	1	0	28	749	0	1	1
5746	1	1	1	0	28	749	0	1	0
5746	2	1	1	0	28	749	0	1	1
5747	1	1	1	0	28	749	0	1	0
5747	2	1	1	0	28	749	0	1	1
5748	1	1	1	0	28	749	0	1	0
5748	2	1	1	0	28	749	0	1	1
5750	1	1	1	0	28	749	0	1	0
5750	2	1	1	0	28	749	0	1	1
5751	1	1	1	0	28	749	0	1	0
5751	2	1	1	0	28	749	0	1	1
5752	1	1	1	0	28	749	0	1	0
5752	2	1	1	0	28	749	0	1	1
5753	1	1	1	0	28	749	0	1	0
5753	2	1	1	0	28	749	0	1	1
5754	1	1	1	0	28	749	0	1	0
5754	2	1	1	0	28	749	0	1	1
5755	1	1	1	0	28	749	0	1	0
5755	2	1	1	0	28	749	0	1	1
5756	1	1	1	0	28	749	0	1	0
5756	2	1	1	0	28	749	0	1	1
5757	1	1	1	0	28	749	0	1	0
5757	2	1	1	0	28	749	0	1	1
5759	1	1	1	0	28	749	0	1	0
5759	2	1	1	0	28	749	0	1	1
5760	1	1	1	0	28	749	0	1	0
5760	2	1	1	0	28	749	0	1	1
5761	1	1	1	0	28	749	0	1	0
5761	2	1	1	0	28	749	0	1	1
5762	1	1	1	0	28	749	0	1	0
5762	2	1	1	0	28	749	0	1	1
5763	1	1	1	0	28	1479	0	1	0
5763	2	1	1	0	28	1479	0	1	1
5764	1	1	1	0	28	749	0	1	0
5764	2	1	1	0	28	749	0	1	1
5765	1	1	1	0	28	749	0	1	0
5765	2	1	1	0	28	749	0	1	1
5766	1	1	1	0	28	749	0	1	0
5766	2	1	1	0	28	749	0	1	1
5767	1	1	1	0	28	749	0	1	0
5767	2	1	1	0	28	749	0	1	1
5769	1	1	1	0	28	749	0	1	0
5769	2	1	1	0	28	749	0	1	1
5770	1	1	1	0	28	749	0	1	0
5770	2	1	1	0	28	749	0	1	1
5771	1	1	1	0	28	749	0	1	0
5771	2	1	1	0	28	749	0	1	1
5772	1	1	1	0	28	749	0	1	0
5772	2	1	1	0	28	749	0	1	1
5773	1	1	1	0	28	749	0	1	0
5773	2	1	1	0	28	749	0	1	1
5774	1	1	1	0	28	749	0	1	0
5774	2	1	1	0	28	749	0	1	1
5775	1	1	1	0	28	749	0	1	0
5775	2	1	1	0	28	749	0	1	1
5776	1	1	1	0	28	749	0	1	0
5776	2	1	1	0	28	749	0	1	1
5778	1	1	1	0	28	1479	0	1	0
5778	2	1	1	0	28	1479	0	1	1
5779	1	1	1	0	28	749	0	1	0
5779	2	1	1	0	28	749	0	1	1
5780	1	1	1	0	28	749	0	1	0
5780	2	1	1	0	28	749	0	1	1
5781	1	1	1	0	28	749	0	1	0
5781	2	1	1	0	28	749	0	1	1
5782	1	1	1	0	28	749	0	1	0
5782	2	1	1	0	28	749	0	1	1
5783	1	1	1	0	28	749	0	1	0
5783	2	1	1	0	28	749	0	1	1
5784	1	1	1	0	28	749	0	1	0
5784	2	1	1	0	28	749	0	1	1
5785	1	1	1	0	28	749	0	1	0
5785	2	1	1	0	28	749	0	1	1
5787	1	1	1	0	28	749	0	1	0
5787	2	1	1	0	28	749	0	1	1
5788	1	1	1	0	28	749	0	1	0
5788	2	1	1	0	28	749	0	1	1
5789	1	1	1	0	28	749	0	1	0
5789	2	1	1	0	28	749	0	1	1
5790	1	1	1	0	28	749	0	1	0
5790	2	1	1	0	28	749	0	1	1
5791	1	1	1	0	28	749	0	1	0
5791	2	1	1	0	28	749	0	1	1
5792	1	1	1	0	28	749	0	1	0
5792	2	1	1	0	28	749	0	1	1
5793	1	1	1	0	28	1479	0	1	0
5793	2	1	1	0	28	1479	0	1	1
5794	1	1	1	0	28	749	0	1	0
5794	2	1	1	0	28	749	0	1	1
5795	1	1	1	0	28	749	0	1	0
5795	2	1	1	0	28	749	0	1	1
5797	1	1	1	0	28	749	0	1	0
5797	2	1	1	0	28	749	0	1	1
5798	1	1	1	0	28	749	0	1	0
5798	2	1	1	0	28	749	0	1	1
5799	1	1	1	0	28	749	0	1	0
5799	2	1	1	0	28	749	0	1	1
5800	1	1	1	0	28	749	0	1	0
5800	2	1	1	0	28	749	0	1	1
5801	1	1	1	0	28	749	0	1	0
5801	2	1	1	0	28	749	0	1	1
5802	1	1	1	0	28	749	0	1	0
5802	2	1	1	0	28	749	0	1	1
5803	1	1	1	0	28	749	0	1	0
5803	2	1	1	0	28	749	0	1	1
5804	1	1	1	0	28	749	0	1	0
5804	2	1	1	0	28	749	0	1	1
5806	1	1	1	0	28	749	0	1	0
5806	2	1	1	0	28	749	0	1	1
5807	1	1	1	0	28	749	0	1	0
5807	2	1	1	0	28	749	0	1	1
5808	1	1	1	0	28	1479	0	1	0
5808	2	1	1	0	28	1479	0	1	1
5809	1	1	1	0	28	749	0	1	0
5809	2	1	1	0	28	749	0	1	1
5810	1	1	1	0	28	749	0	1	0
5810	2	1	1	0	28	749	0	1	1
5811	1	1	1	0	28	749	0	1	0
5811	2	1	1	0	28	749	0	1	1
5812	1	1	1	0	28	749	0	1	0
5812	2	1	1	0	28	749	0	1	1
5813	1	1	1	0	28	749	0	1	0
5813	2	1	1	0	28	749	0	1	1
5815	1	1	1	0	28	749	0	1	0
5815	2	1	1	0	28	749	0	1	1
5816	1	1	1	0	28	749	0	1	0
5816	2	1	1	0	28	749	0	1	1
5817	1	1	1	0	28	749	0	1	0
5817	2	1	1	0	28	749	0	1	1
5818	1	1	1	0	28	749	0	1	0
5818	2	1	1	0	28	749	0	1	1
5819	1	1	1	0	28	749	0	1	0
5819	2	1	1	0	28	749	0	1	1
5820	1	1	1	0	28	749	0	1	0
5820	2	1	1	0	28	749	0	1	1
5821	1	1	1	0	28	749	0	1	0
5821	2	1	1	0	28	749	0	1	1
5822	1	1	1	0	28	749	0	1	0
5822	2	1	1	0	28	749	0	1	1
5823	1	1	1	0	28	2052	0	1	0
5823	2	1	1	0	28	2052	0	1	1
5824	1	1	1	0	28	185	0	1	0
5824	2	1	1	0	28	185	0	1	1
5825	1	1	1	0	28	749	0	1	0
5825	2	1	1	0	28	749	0	1	1
5826	1	1	1	0	28	749	0	1	0
5826	2	1	1	0	28	749	0	1	1
5827	1	1	1	0	28	749	0	1	0
5827	2	1	1	0	28	749	0	1	1
5828	1	1	1	0	28	749	0	1	0
5828	2	1	1	0	28	749	0	1	1
5829	1	1	1	0	28	749	0	1	0
5829	2	1	1	0	28	749	0	1	1
5830	1	1	1	0	28	749	0	1	0
5830	2	1	1	0	28	749	0	1	1
5831	1	1	1	0	28	749	0	1	0
5831	2	1	1	0	28	749	0	1	1
5832	1	1	1	0	28	749	0	1	0
5832	2	1	1	0	28	749	0	1	1
5834	1	1	1	0	28	749	0	1	0
5834	2	1	1	0	28	749	0	1	1
5835	1	1	1	0	28	749	0	1	0
5835	2	1	1	0	28	749	0	1	1
5836	1	1	1	0	28	749	0	1	0
5836	2	1	1	0	28	749	0	1	1
5837	1	1	1	0	28	749	0	1	0
5837	2	1	1	0	28	749	0	1	1
5838	1	1	1	0	28	2052	0	1	0
5838	2	1	1	0	28	2052	0	1	1
5839	1	1	1	0	28	935	0	1	0
5839	2	1	1	0	28	935	0	1	1
5840	1	1	1	0	28	749	0	1	0
5840	2	1	1	0	28	749	0	1	1
5841	1	1	1	0	28	749	0	1	0
5841	2	1	1	0	28	749	0	1	1
5843	1	1	1	0	28	749	0	1	0
5843	2	1	1	0	28	749	0	1	1
5844	1	1	1	0	28	749	0	1	0
5844	2	1	1	0	28	749	0	1	1
5845	1	1	1	0	28	749	0	1	0
5845	2	1	1	0	28	749	0	1	1
5846	1	1	1	0	28	749	0	1	0
5846	2	1	1	0	28	749	0	1	1
5847	1	1	1	0	28	749	0	1	0
5847	2	1	1	0	28	749	0	1	1
5848	1	1	1	0	28	749	0	1	0
5848	2	1	1	0	28	749	0	1	1
5849	1	1	1	0	28	749	0	1	0
5849	2	1	1	0	28	749	0	1	1
5850	1	1	1	0	28	749	0	1	0
5850	2	1	1	0	28	749	0	1	1
5851	1	1	1	0	28	749	0	1	0
5851	2	1	1	0	28	749	0	1	1
5853	1	1	1	0	28	2196	0	1	0
5853	2	1	1	0	28	2196	0	1	1
5854	1	1	1	0	28	2196	0	1	0
5854	2	1	1	0	28	2196	0	1	1
5855	1	1	1	0	28	1479	0	1	0
5855	2	1	1	0	28	1479	0	1	1
5856	1	1	1	0	28	749	0	1	0
5856	2	1	1	0	28	749	0	1	1
5857	1	1	1	0	28	749	0	1	0
5857	2	1	1	0	28	749	0	1	1
5858	1	1	1	0	28	749	0	1	0
5858	2	1	1	0	28	749	0	1	1
5859	1	1	1	0	28	749	0	1	0
5859	2	1	1	0	28	749	0	1	1
5860	1	1	1	0	28	749	0	1	0
5860	2	1	1	0	28	749	0	1	1
5862	1	1	1	0	28	749	0	1	0
5862	2	1	1	0	28	749	0	1	1
5863	1	1	1	0	28	749	0	1	0
5863	2	1	1	0	28	749	0	1	1
5864	1	1	1	0	28	749	0	1	0
5864	2	1	1	0	28	749	0	1	1
5865	1	1	1	0	28	749	0	1	0
5865	2	1	1	0	28	749	0	1	1
5866	1	1	1	0	28	749	0	1	0
5866	2	1	1	0	28	749	0	1	1
5867	1	1	1	0	28	749	0	1	0
5867	2	1	1	0	28	749	0	1	1
5868	1	1	1	0	28	749	0	1	0
5868	2	1	1	0	28	749	0	1	1
5869	1	1	1	0	28	2196	0	1	0
5869	2	1	1	0	28	2196	0	1	1
5870	1	1	1	0	28	1479	0	1	0
5870	2	1	1	0	28	1479	0	1	1
5871	1	1	1	0	28	749	0	1	0
5871	2	1	1	0	28	749	0	1	1
5872	1	1	1	0	28	749	0	1	0
5872	2	1	1	0	28	749	0	1	1
5873	1	1	1	0	28	749	0	1	0
5873	2	1	1	0	28	749	0	1	1
5874	1	1	1	0	28	749	0	1	0
5874	2	1	1	0	28	749	0	1	1
5875	1	1	1	0	28	749	0	1	0
5875	2	1	1	0	28	749	0	1	1
5876	1	1	1	0	28	749	0	1	0
5876	2	1	1	0	28	749	0	1	1
5877	1	1	1	0	28	749	0	1	0
5877	2	1	1	0	28	749	0	1	1
5878	1	1	1	0	28	749	0	1	0
5878	2	1	1	0	28	749	0	1	1
5879	1	1	1	0	28	749	0	1	0
5879	2	1	1	0	28	749	0	1	1
5881	1	1	1	0	28	749	0	1	0
5881	2	1	1	0	28	749	0	1	1
5882	1	1	1	0	28	749	0	1	0
5882	2	1	1	0	28	749	0	1	1
5883	1	1	1	0	28	749	0	1	0
5883	2	1	1	0	28	749	0	1	1
5884	1	1	1	0	28	2196	0	1	0
5884	2	1	1	0	28	2196	0	1	1
5885	1	1	1	0	28	2052	0	1	0
5885	2	1	1	0	28	2052	0	1	1
5886	1	1	1	0	28	935	0	1	0
5886	2	1	1	0	28	935	0	1	1
5887	1	1	1	0	28	749	0	1	0
5887	2	1	1	0	28	749	0	1	1
5888	1	1	1	0	28	749	0	1	0
5888	2	1	1	0	28	749	0	1	1
5890	1	1	1	0	28	749	0	1	0
5890	2	1	1	0	28	749	0	1	1
5891	1	1	1	0	28	749	0	1	0
5891	2	1	1	0	28	749	0	1	1
5892	1	1	1	0	28	749	0	1	0
5892	2	1	1	0	28	749	0	1	1
5893	1	1	1	0	28	749	0	1	0
5893	2	1	1	0	28	749	0	1	1
5894	1	1	1	0	28	749	0	1	0
5894	2	1	1	0	28	749	0	1	1
5895	1	1	1	0	28	749	0	1	0
5895	2	1	1	0	28	749	0	1	1
5896	1	1	1	0	28	749	0	1	0
5896	2	1	1	0	28	749	0	1	1
5897	1	1	1	0	28	749	0	1	0
5897	2	1	1	0	28	749	0	1	1
5899	1	1	1	0	28	2196	0	1	0
5899	2	1	1	0	28	2196	0	1	1
5900	1	1	1	0	28	2052	0	1	0
5900	2	1	1	0	28	2052	0	1	1
5901	1	1	1	0	28	935	0	1	0
5901	2	1	1	0	28	935	0	1	1
5902	1	1	1	0	28	749	0	1	0
5902	2	1	1	0	28	749	0	1	1
5903	1	1	1	0	28	749	0	1	0
5903	2	1	1	0	28	749	0	1	1
5904	1	1	1	0	28	749	0	1	0
5904	2	1	1	0	28	749	0	1	1
5905	1	1	1	0	28	749	0	1	0
5905	2	1	1	0	28	749	0	1	1
5906	1	1	1	0	28	749	0	1	0
5906	2	1	1	0	28	749	0	1	1
5907	1	1	1	0	28	749	0	1	0
5907	2	1	1	0	28	749	0	1	1
5909	1	1	1	0	28	749	0	1	0
5909	2	1	1	0	28	749	0	1	1
5910	1	1	1	0	28	749	0	1	0
5910	2	1	1	0	28	749	0	1	1
5911	1	1	1	0	28	749	0	1	0
5911	2	1	1	0	28	749	0	1	1
5912	1	1	1	0	28	749	0	1	0
5912	2	1	1	0	28	749	0	1	1
5913	1	1	1	0	28	749	0	1	0
5913	2	1	1	0	28	749	0	1	1
5914	1	1	1	0	28	2196	0	1	0
5914	2	1	1	0	28	2196	0	1	1
5915	1	1	1	0	28	2196	0	1	0
5915	2	1	1	0	28	2196	0	1	1
5916	1	1	1	0	28	1479	0	1	0
5916	2	1	1	0	28	1479	0	1	1
5917	1	1	1	0	28	185	0	1	0
5917	2	1	1	0	28	185	0	1	1
5918	1	1	1	0	28	749	0	1	0
5918	2	1	1	0	28	749	0	1	1
5919	1	1	1	0	28	749	0	1	0
5919	2	1	1	0	28	749	0	1	1
5920	1	1	1	0	28	749	0	1	0
5920	2	1	1	0	28	749	0	1	1
5921	1	1	1	0	28	749	0	1	0
5921	2	1	1	0	28	749	0	1	1
5922	1	1	1	0	28	749	0	1	0
5922	2	1	1	0	28	749	0	1	1
5923	1	1	1	0	28	749	0	1	0
5923	2	1	1	0	28	749	0	1	1
5924	1	1	1	0	28	749	0	1	0
5924	2	1	1	0	28	749	0	1	1
5925	1	1	1	0	28	749	0	1	0
5925	2	1	1	0	28	749	0	1	1
5927	1	1	1	0	28	749	0	1	0
5927	2	1	1	0	28	749	0	1	1
5928	1	1	1	0	28	749	0	1	0
5928	2	1	1	0	28	749	0	1	1
5929	1	1	1	0	28	2196	0	1	0
5929	2	1	1	0	28	2196	0	1	1
5930	1	1	1	0	28	2196	0	1	0
5930	2	1	1	0	28	2196	0	1	1
5931	1	1	1	0	28	1479	0	1	0
5931	2	1	1	0	28	1479	0	1	1
5932	1	1	1	0	28	749	0	1	0
5932	2	1	1	0	28	749	0	1	1
5933	1	1	1	0	28	749	0	1	0
5933	2	1	1	0	28	749	0	1	1
5934	1	1	1	0	28	749	0	1	0
5934	2	1	1	0	28	749	0	1	1
5935	1	1	1	0	28	749	0	1	0
5935	2	1	1	0	28	749	0	1	1
5937	1	1	1	0	28	749	0	1	0
5937	2	1	1	0	28	749	0	1	1
5938	1	1	1	0	28	749	0	1	0
5938	2	1	1	0	28	749	0	1	1
5939	1	1	1	0	28	749	0	1	0
5939	2	1	1	0	28	749	0	1	1
5940	1	1	1	0	28	749	0	1	0
5940	2	1	1	0	28	749	0	1	1
5941	1	1	1	0	28	749	0	1	0
5941	2	1	1	0	28	749	0	1	1
5942	1	1	1	0	28	749	0	1	0
5942	2	1	1	0	28	749	0	1	1
5943	1	1	1	0	28	749	0	1	0
5943	2	1	1	0	28	749	0	1	1
5944	1	1	1	0	28	749	0	1	0
5944	2	1	1	0	28	749	0	1	1
5945	1	1	1	0	28	2196	0	1	0
5945	2	1	1	0	28	2196	0	1	1
5946	1	1	1	0	28	2196	0	1	0
5946	2	1	1	0	28	2196	0	1	1
5947	1	1	1	0	28	749	0	1	0
5947	2	1	1	0	28	749	0	1	1
5948	1	1	1	0	28	749	0	1	0
5948	2	1	1	0	28	749	0	1	1
5949	1	1	1	0	28	749	0	1	0
5949	2	1	1	0	28	749	0	1	1
5950	1	1	1	0	28	749	0	1	0
5950	2	1	1	0	28	749	0	1	1
5951	1	1	1	0	28	749	0	1	0
5951	2	1	1	0	28	749	0	1	1
5952	1	1	1	0	28	749	0	1	0
5952	2	1	1	0	28	749	0	1	1
5953	1	1	1	0	28	749	0	1	0
5953	2	1	1	0	28	749	0	1	1
5955	1	1	1	0	28	749	0	1	0
5955	2	1	1	0	28	749	0	1	1
5956	1	1	1	0	28	749	0	1	0
5956	2	1	1	0	28	749	0	1	1
5957	1	1	1	0	28	749	0	1	0
5957	2	1	1	0	28	749	0	1	1
5958	1	1	1	0	28	749	0	1	0
5958	2	1	1	0	28	749	0	1	1
5959	1	1	1	0	28	749	0	1	0
5959	2	1	1	0	28	749	0	1	1
5960	1	1	1	0	28	749	0	1	0
5960	2	1	1	0	28	749	0	1	1
5961	1	1	1	0	28	749	0	1	0
5961	2	1	1	0	28	749	0	1	1
5962	1	1	1	0	28	749	0	1	0
5962	2	1	1	0	28	749	0	1	1
5963	1	1	1	0	28	749	0	1	0
5963	2	1	1	0	28	749	0	1	1
5965	1	1	1	0	28	749	0	1	0
5965	2	1	1	0	28	749	0	1	1
5966	1	1	1	0	28	749	0	1	0
5966	2	1	1	0	28	749	0	1	1
5967	1	1	1	0	28	2196	0	1	0
5967	2	1	1	0	28	2196	0	1	1
5968	1	1	1	0	28	2196	0	1	0
5968	2	1	1	0	28	2196	0	1	1
5969	1	1	1	0	28	1479	0	1	0
5969	2	1	1	0	28	1479	0	1	1
5970	1	1	1	0	26	749	0	1	0
5970	2	1	1	0	26	749	0	1	1
5971	1	1	1	0	26	749	0	1	0
5971	2	1	1	0	26	749	0	1	1
5972	1	1	1	0	24	669	0	1	0
5972	2	1	1	0	24	669	0	1	1
5973	1	1	1	0	24	133	0	1	0
5973	2	1	1	0	24	133	0	1	1
5974	1	1	1	0	20	693	0	1	0
5974	2	1	1	0	20	693	0	1	1
5975	1	1	1	0	20	693	0	1	0
5975	2	1	1	0	20	693	0	1	1
5976	1	1	1	0	28	1479	1	0	0
5976	2	1	1	0	14	717	0	1	1
5977	1	1	1	0	26	749	1	0	0
5977	2	1	1	0	26	749	1	0	1
5978	1	1	1	0	26	749	1	0	0
5978	2	1	1	0	26	749	1	0	1
5979	1	1	1	0	6	309	0	1	0
5979	2	1	1	0	6	309	0	1	1
5980	1	1	1	0	24	133	1	0	0
5980	2	1	1	0	14	775	0	1	1
5981	1	1	1	0	14	775	0	1	0
5981	2	1	1	0	14	775	0	1	1
5982	1	1	1	0	20	1191	0	1	0
5982	2	1	1	0	20	1191	0	1	1
5983	1	1	1	0	20	1191	0	1	0
5983	2	1	1	0	20	1191	0	1	1
5984	1	1	1	0	24	1620	0	1	0
5984	2	1	1	0	24	1620	0	1	1
5985	1	1	1	0	24	1620	0	1	0
5985	2	1	1	0	24	1620	0	1	1
5986	1	1	1	0	26	1836	0	1	0
5986	2	1	1	0	26	1836	0	1	1
5987	1	1	1	0	26	903	0	1	0
5987	2	1	1	0	26	903	0	1	1
5988	1	1	1	0	28	749	0	1	0
5988	2	1	1	0	28	749	0	1	1
5989	1	1	1	0	28	749	0	1	0
5989	2	1	1	0	28	749	0	1	1
5990	1	1	1	0	28	749	0	1	0
5990	2	1	1	0	28	749	0	1	1
5991	1	1	1	0	28	749	0	1	0
5991	2	1	1	0	28	749	0	1	1
5993	1	1	1	0	28	749	0	1	0
5993	2	1	1	0	28	749	0	1	1
5994	1	1	1	0	28	749	0	1	0
5994	2	1	1	0	28	749	0	1	1
5995	1	1	1	0	28	749	0	1	0
5995	2	1	1	0	28	749	0	1	1
5996	1	1	1	0	28	749	0	1	0
5996	2	1	1	0	28	749	0	1	1
5997	1	1	1	0	28	749	0	1	0
5997	2	1	1	0	28	749	0	1	1
5998	1	1	1	0	28	749	0	1	0
5998	2	1	1	0	28	749	0	1	1
5999	1	1	1	0	28	2196	0	1	0
5999	2	1	1	0	28	2196	0	1	1
6000	1	1	1	0	28	1479	0	1	0
6000	2	1	1	0	28	1479	0	1	1
6001	1	1	1	0	28	185	0	1	0
6001	2	1	1	0	28	185	0	1	1
6002	1	1	1	0	28	749	0	1	0
6002	2	1	1	0	28	749	0	1	1
6003	1	1	1	0	28	749	0	1	0
6003	2	1	1	0	28	749	0	1	1
6004	1	1	1	0	28	749	0	1	0
6004	2	1	1	0	28	749	0	1	1
6005	1	1	1	0	28	749	0	1	0
6005	2	1	1	0	28	749	0	1	1
6006	1	1	1	0	28	749	0	1	0
6006	2	1	1	0	28	749	0	1	1
6007	1	1	1	0	28	749	0	1	0
6007	2	1	1	0	28	749	0	1	1
6008	1	1	1	0	28	749	0	1	0
6008	2	1	1	0	28	749	0	1	1
6009	1	1	1	0	28	749	0	1	0
6009	2	1	1	0	28	749	0	1	1
6011	1	1	1	0	28	749	0	1	0
6011	2	1	1	0	28	749	0	1	1
6012	1	1	1	0	28	749	0	1	0
6012	2	1	1	0	28	749	0	1	1
6013	1	1	1	0	28	749	0	1	0
6013	2	1	1	0	28	749	0	1	1
6014	1	1	1	0	28	2196	0	1	0
6014	2	1	1	0	28	2196	0	1	1
6015	1	1	1	0	28	1479	0	1	0
6015	2	1	1	0	28	1479	0	1	1
6016	1	1	1	0	28	749	0	1	0
6016	2	1	1	0	28	749	0	1	1
6017	1	1	1	0	28	749	0	1	0
6017	2	1	1	0	28	749	0	1	1
6018	1	1	1	0	28	749	0	1	0
6018	2	1	1	0	28	749	0	1	1
6019	1	1	1	0	28	749	0	1	0
6019	2	1	1	0	28	749	0	1	1
6021	1	1	1	0	28	749	0	1	0
6021	2	1	1	0	28	749	0	1	1
6022	1	1	1	0	28	749	0	1	0
6022	2	1	1	0	28	749	0	1	1
6023	1	1	1	0	28	749	0	1	0
6023	2	1	1	0	28	749	0	1	1
6024	1	1	1	0	28	749	0	1	0
6024	2	1	1	0	28	749	0	1	1
6025	1	1	1	0	28	749	0	1	0
6025	2	1	1	0	28	749	0	1	1
6026	1	1	1	0	28	749	0	1	0
6026	2	1	1	0	28	749	0	1	1
6027	1	1	1	0	28	749	0	1	0
6027	2	1	1	0	28	749	0	1	1
6028	1	1	1	0	28	749	0	1	0
6028	2	1	1	0	28	749	0	1	1
6029	1	1	1	0	28	2196	0	1	0
6029	2	1	1	0	28	2196	0	1	1
6030	1	1	1	0	28	1479	0	1	0
6030	2	1	1	0	28	1479	0	1	1
6031	1	1	1	0	28	749	0	1	0
6031	2	1	1	0	28	749	0	1	1
6032	1	1	1	0	28	749	0	1	0
6032	2	1	1	0	28	749	0	1	1
6033	1	1	1	0	28	749	0	1	0
6033	2	1	1	0	28	749	0	1	1
6034	1	1	1	0	28	749	0	1	0
6034	2	1	1	0	28	749	0	1	1
6035	1	1	1	0	28	749	0	1	0
6035	2	1	1	0	28	749	0	1	1
6036	1	1	1	0	28	749	0	1	0
6036	2	1	1	0	28	749	0	1	1
6037	1	1	1	0	28	749	0	1	0
6037	2	1	1	0	28	749	0	1	1
6039	1	1	1	0	28	749	0	1	0
6039	2	1	1	0	28	749	0	1	1
6040	1	1	1	0	28	749	0	1	0
6040	2	1	1	0	28	749	0	1	1
6041	1	1	1	0	28	749	0	1	0
6041	2	1	1	0	28	749	0	1	1
6042	1	1	1	0	28	749	0	1	0
6042	2	1	1	0	28	749	0	1	1
6043	1	1	1	0	28	749	0	1	0
6043	2	1	1	0	28	749	0	1	1
6044	1	1	1	0	28	2196	0	1	0
6044	2	1	1	0	28	2196	0	1	1
6045	1	1	1	0	28	2052	0	1	0
6045	2	1	1	0	28	2052	0	1	1
6046	1	1	1	0	28	935	0	1	0
6046	2	1	1	0	28	935	0	1	1
6047	1	1	1	0	28	749	0	1	0
6047	2	1	1	0	28	749	0	1	1
6049	1	1	1	0	28	749	0	1	0
6049	2	1	1	0	28	749	0	1	1
6050	1	1	1	0	28	749	0	1	0
6050	2	1	1	0	28	749	0	1	1
6051	1	1	1	0	28	749	0	1	0
6051	2	1	1	0	28	749	0	1	1
6052	1	1	1	0	28	749	0	1	0
6052	2	1	1	0	28	749	0	1	1
6053	1	1	1	0	28	749	0	1	0
6053	2	1	1	0	28	749	0	1	1
6054	1	1	1	0	28	749	0	1	0
6054	2	1	1	0	28	749	0	1	1
6055	1	1	1	0	28	749	0	1	0
6055	2	1	1	0	28	749	0	1	1
6056	1	1	1	0	28	749	0	1	0
6056	2	1	1	0	28	749	0	1	1
6058	1	1	1	0	28	749	0	1	0
6058	2	1	1	0	28	749	0	1	1
6059	1	1	1	0	28	749	0	1	0
6059	2	1	1	0	28	749	0	1	1
6060	1	1	1	0	28	2196	0	1	0
6060	2	1	1	0	28	2196	0	1	1
6061	1	1	1	0	28	2196	0	1	0
6061	2	1	1	0	28	2196	0	1	1
6062	1	1	1	0	28	1479	0	1	0
6062	2	1	1	0	28	1479	0	1	1
6063	1	1	1	0	28	749	0	1	0
6063	2	1	1	0	28	749	0	1	1
6064	1	1	1	0	28	749	0	1	0
6064	2	1	1	0	28	749	0	1	1
6065	1	1	1	0	28	749	0	1	0
6065	2	1	1	0	28	749	0	1	1
6067	1	1	1	0	28	749	0	1	0
6067	2	1	1	0	28	749	0	1	1
6068	1	1	1	0	28	749	0	1	0
6068	2	1	1	0	28	749	0	1	1
6069	1	1	1	0	28	749	0	1	0
6069	2	1	1	0	28	749	0	1	1
6070	1	1	1	0	28	749	0	1	0
6070	2	1	1	0	28	749	0	1	1
6071	1	1	1	0	28	749	0	1	0
6071	2	1	1	0	28	749	0	1	1
6072	1	1	1	0	28	749	0	1	0
6072	2	1	1	0	28	749	0	1	1
6073	1	1	1	0	28	749	0	1	0
6073	2	1	1	0	28	749	0	1	1
6074	1	1	1	0	28	749	0	1	0
6074	2	1	1	0	28	749	0	1	1
6075	1	1	1	0	28	749	0	1	0
6075	2	1	1	0	28	749	0	1	1
6077	1	1	1	0	28	749	0	1	0
6077	2	1	1	0	28	749	0	1	1
6078	1	1	1	0	28	749	0	1	0
6078	2	1	1	0	28	749	0	1	1
6079	1	1	1	0	28	749	0	1	0
6079	2	1	1	0	28	749	0	1	1
6080	1	1	1	0	28	749	0	1	0
6080	2	1	1	0	28	749	0	1	1
6081	1	1	1	0	28	749	0	1	0
6081	2	1	1	0	28	749	0	1	1
6082	1	1	1	0	28	749	0	1	0
6082	2	1	1	0	28	749	0	1	1
6083	1	1	1	0	28	2196	0	1	0
6083	2	1	1	0	28	2196	0	1	1
6084	1	1	1	0	28	2052	0	1	0
6084	2	1	1	0	28	2052	0	1	1
6085	1	1	1	0	28	185	0	1	0
6085	2	1	1	0	28	185	0	1	1
6086	1	1	1	0	28	749	0	1	0
6086	2	1	1	0	28	749	0	1	1
6087	1	1	1	0	28	749	0	1	0
6087	2	1	1	0	28	749	0	1	1
6088	1	1	1	0	28	749	0	1	0
6088	2	1	1	0	28	749	0	1	1
6089	1	1	1	0	28	749	0	1	0
6089	2	1	1	0	28	749	0	1	1
6090	1	1	1	0	28	749	0	1	0
6090	2	1	1	0	28	749	0	1	1
6091	1	1	1	0	28	749	0	1	0
6091	2	1	1	0	28	749	0	1	1
6092	1	1	1	0	28	749	0	1	0
6092	2	1	1	0	28	749	0	1	1
6093	1	1	1	0	28	749	0	1	0
6093	2	1	1	0	28	749	0	1	1
6095	1	1	1	0	28	749	0	1	0
6095	2	1	1	0	28	749	0	1	1
6096	1	1	1	0	28	749	0	1	0
6096	2	1	1	0	28	749	0	1	1
6097	1	1	1	0	28	749	0	1	0
6097	2	1	1	0	28	749	0	1	1
6098	1	1	1	0	14	775	0	1	0
6098	2	1	1	0	14	775	0	1	1
6099	1	1	1	0	14	775	0	1	0
6099	2	1	1	0	14	775	0	1	1
6100	1	1	1	0	4	217	0	1	0
6100	2	1	1	0	4	217	0	1	1
6101	1	1	1	0	4	217	0	1	0
6101	2	1	1	0	4	217	0	1	1
6102	1	1	1	0	16	903	0	1	0
6102	2	1	1	0	16	903	0	1	1
6103	1	1	1	0	16	903	0	1	0
6103	2	1	1	0	16	903	0	1	1
6104	1	1	1	0	20	1191	0	1	0
6104	2	1	1	0	20	1191	0	1	1
6105	1	1	1	0	20	1191	0	1	0
6105	2	1	1	0	20	1191	0	1	1
6106	1	1	1	0	22	1383	0	1	0
6106	2	1	1	0	22	1383	0	1	1
6107	1	1	1	0	22	1383	0	1	0
6107	2	1	1	0	22	1383	0	1	1
6108	1	1	1	0	28	1287	0	1	0
6108	2	1	1	0	28	1287	0	1	1
6109	1	1	1	0	28	749	0	1	0
6109	2	1	1	0	28	749	0	1	1
6110	1	1	1	0	28	749	0	1	0
6110	2	1	1	0	28	749	0	1	1
6111	1	1	1	0	28	749	0	1	0
6111	2	1	1	0	28	749	0	1	1
6112	1	1	1	0	28	749	0	1	0
6112	2	1	1	0	28	749	0	1	1
6114	1	1	1	0	28	2196	0	1	0
6114	2	1	1	0	28	2196	0	1	1
6115	1	1	1	0	28	2196	0	1	0
6115	2	1	1	0	28	2196	0	1	1
6116	1	1	1	0	28	1479	0	1	0
6116	2	1	1	0	28	1479	0	1	1
6117	1	1	1	0	28	749	0	1	0
6117	2	1	1	0	28	749	0	1	1
6118	1	1	1	0	28	749	0	1	0
6118	2	1	1	0	28	749	0	1	1
6119	1	1	1	0	28	749	0	1	0
6119	2	1	1	0	28	749	0	1	1
6120	1	1	1	0	28	749	0	1	0
6120	2	1	1	0	28	749	0	1	1
6121	1	1	1	0	28	749	0	1	0
6121	2	1	1	0	28	749	0	1	1
6123	1	1	1	0	28	749	0	1	0
6123	2	1	1	0	28	749	0	1	1
6124	1	1	1	0	28	749	0	1	0
6124	2	1	1	0	28	749	0	1	1
6125	1	1	1	0	28	749	0	1	0
6125	2	1	1	0	28	749	0	1	1
6126	1	1	1	0	28	749	0	1	0
6126	2	1	1	0	28	749	0	1	1
6127	1	1	1	0	28	749	0	1	0
6127	2	1	1	0	28	749	0	1	1
6128	1	1	1	0	28	749	0	1	0
6128	2	1	1	0	28	749	0	1	1
6129	1	1	1	0	28	749	0	1	0
6129	2	1	1	0	28	749	0	1	1
6130	1	1	1	0	28	2196	0	1	0
6130	2	1	1	0	28	2196	0	1	1
6131	1	1	1	0	28	2196	0	1	0
6131	2	1	1	0	28	2196	0	1	1
6132	1	1	1	0	28	749	0	1	0
6132	2	1	1	0	28	749	0	1	1
6133	1	1	1	0	28	749	0	1	0
6133	2	1	1	0	28	749	0	1	1
6134	1	1	1	0	28	749	0	1	0
6134	2	1	1	0	28	749	0	1	1
6135	1	1	1	0	28	749	0	1	0
6135	2	1	1	0	28	749	0	1	1
6136	1	1	1	0	28	749	0	1	0
6136	2	1	1	0	28	749	0	1	1
6137	1	1	1	0	28	749	0	1	0
6137	2	1	1	0	28	749	0	1	1
6138	1	1	1	0	28	749	0	1	0
6138	2	1	1	0	28	749	0	1	1
6139	1	1	1	0	28	749	0	1	0
6139	2	1	1	0	28	749	0	1	1
6140	1	1	1	0	28	749	0	1	0
6140	2	1	1	0	28	749	0	1	1
6142	1	1	1	0	28	749	0	1	0
6142	2	1	1	0	28	749	0	1	1
6143	1	1	1	0	28	749	0	1	0
6143	2	1	1	0	28	749	0	1	1
6144	1	1	1	0	28	749	0	1	0
6144	2	1	1	0	28	749	0	1	1
6145	1	1	1	0	28	2196	0	1	0
6145	2	1	1	0	28	2196	0	1	1
6146	1	1	1	0	28	2196	0	1	0
6146	2	1	1	0	28	2196	0	1	1
6147	1	1	1	0	28	1479	0	1	0
6147	2	1	1	0	28	1479	0	1	1
6148	1	1	1	0	28	749	0	1	0
6148	2	1	1	0	28	749	0	1	1
6149	1	1	1	0	28	749	0	1	0
6149	2	1	1	0	28	749	0	1	1
6151	1	1	1	0	28	749	0	1	0
6151	2	1	1	0	28	749	0	1	1
6152	1	1	1	0	28	749	0	1	0
6152	2	1	1	0	28	749	0	1	1
6153	1	1	1	0	28	749	0	1	0
6153	2	1	1	0	28	749	0	1	1
6154	1	1	1	0	28	749	0	1	0
6154	2	1	1	0	28	749	0	1	1
6155	1	1	1	0	28	749	0	1	0
6155	2	1	1	0	28	749	0	1	1
6156	1	1	1	0	28	749	0	1	0
6156	2	1	1	0	28	749	0	1	1
6157	1	1	1	0	28	749	0	1	0
6157	2	1	1	0	28	749	0	1	1
6158	1	1	1	0	28	749	0	1	0
6158	2	1	1	0	28	749	0	1	1
6159	1	1	1	0	28	749	0	1	0
6159	2	1	1	0	28	749	0	1	1
6160	1	1	1	0	28	2052	0	1	0
6160	2	1	1	0	28	2052	0	1	1
6161	1	1	1	0	28	935	0	1	0
6161	2	1	1	0	28	935	0	1	1
6162	1	1	1	0	28	749	0	1	0
6162	2	1	1	0	28	749	0	1	1
6163	1	1	1	0	28	749	0	1	0
6163	2	1	1	0	28	749	0	1	1
6164	1	1	1	0	28	749	0	1	0
6164	2	1	1	0	28	749	0	1	1
6165	1	1	1	0	28	749	0	1	0
6165	2	1	1	0	28	749	0	1	1
6166	1	1	1	0	28	749	0	1	0
6166	2	1	1	0	28	749	0	1	1
6167	1	1	1	0	28	749	0	1	0
6167	2	1	1	0	28	749	0	1	1
6168	1	1	1	0	28	749	0	1	0
6168	2	1	1	0	28	749	0	1	1
6170	1	1	1	0	28	749	0	1	0
6170	2	1	1	0	28	749	0	1	1
6171	1	1	1	0	28	749	0	1	0
6171	2	1	1	0	28	749	0	1	1
6172	1	1	1	0	28	749	0	1	0
6172	2	1	1	0	28	749	0	1	1
6173	1	1	1	0	28	749	0	1	0
6173	2	1	1	0	28	749	0	1	1
6174	1	1	1	0	28	749	0	1	0
6174	2	1	1	0	28	749	0	1	1
6175	1	1	1	0	28	2196	0	1	0
6175	2	1	1	0	28	2196	0	1	1
6176	1	1	1	0	28	1479	0	1	0
6176	2	1	1	0	28	1479	0	1	1
6177	1	1	1	0	28	749	0	1	0
6177	2	1	1	0	28	749	0	1	1
6179	1	1	1	0	28	749	0	1	0
6179	2	1	1	0	28	749	0	1	1
6180	1	1	1	0	28	749	0	1	0
6180	2	1	1	0	28	749	0	1	1
6181	1	1	1	0	28	749	0	1	0
6181	2	1	1	0	28	749	0	1	1
6182	1	1	1	0	28	749	0	1	0
6182	2	1	1	0	28	749	0	1	1
6183	1	1	1	0	28	749	0	1	0
6183	2	1	1	0	28	749	0	1	1
6184	1	1	1	0	28	749	0	1	0
6184	2	1	1	0	28	749	0	1	1
6185	1	1	1	0	28	749	0	1	0
6185	2	1	1	0	28	749	0	1	1
6186	1	1	1	0	28	749	0	1	0
6186	2	1	1	0	28	749	0	1	1
6187	1	1	1	0	28	749	0	1	0
6187	2	1	1	0	28	749	0	1	1
6189	1	1	1	0	28	749	0	1	0
6189	2	1	1	0	28	749	0	1	1
6190	1	1	1	0	28	2196	0	1	0
6190	2	1	1	0	28	2196	0	1	1
6191	1	1	1	0	28	1479	0	1	0
6191	2	1	1	0	28	1479	0	1	1
6192	1	1	1	0	28	749	0	1	0
6192	2	1	1	0	28	749	0	1	1
6193	1	1	1	0	28	749	0	1	0
6193	2	1	1	0	28	749	0	1	1
6194	1	1	1	0	28	749	0	1	0
6194	2	1	1	0	28	749	0	1	1
6195	1	1	1	0	28	749	0	1	0
6195	2	1	1	0	28	749	0	1	1
6196	1	1	1	0	28	749	0	1	0
6196	2	1	1	0	28	749	0	1	1
6198	1	1	1	0	28	749	0	1	0
6198	2	1	1	0	28	749	0	1	1
6199	1	1	1	0	28	749	0	1	0
6199	2	1	1	0	28	749	0	1	1
6200	1	1	1	0	28	749	0	1	0
6200	2	1	1	0	28	749	0	1	1
6201	1	1	1	0	28	749	0	1	0
6201	2	1	1	0	28	749	0	1	1
6202	1	1	1	0	28	749	0	1	0
6202	2	1	1	0	28	749	0	1	1
6203	1	1	1	0	28	749	0	1	0
6203	2	1	1	0	28	749	0	1	1
6204	1	1	1	0	28	749	0	1	0
6204	2	1	1	0	28	749	0	1	1
6205	1	1	1	0	28	2196	0	1	0
6205	2	1	1	0	28	2196	0	1	1
6206	1	1	1	0	28	1479	0	1	0
6206	2	1	1	0	28	1479	0	1	1
6207	1	1	1	0	28	749	0	1	0
6207	2	1	1	0	28	749	0	1	1
6208	1	1	1	0	28	749	0	1	0
6208	2	1	1	0	28	749	0	1	1
6209	1	1	1	0	28	749	0	1	0
6209	2	1	1	0	28	749	0	1	1
6210	1	1	1	0	28	749	0	1	0
6210	2	1	1	0	28	749	0	1	1
6211	1	1	1	0	28	749	0	1	0
6211	2	1	1	0	28	749	0	1	1
6212	1	1	1	0	28	749	0	1	0
6212	2	1	1	0	28	749	0	1	1
6213	1	1	1	0	28	749	0	1	0
6213	2	1	1	0	28	749	0	1	1
6214	1	1	1	0	28	749	0	1	0
6214	2	1	1	0	28	749	0	1	1
6215	1	1	1	0	28	749	0	1	0
6215	2	1	1	0	28	749	0	1	1
6217	1	1	1	0	28	749	0	1	0
6217	2	1	1	0	28	749	0	1	1
6218	1	1	1	0	28	749	0	1	0
6218	2	1	1	0	28	749	0	1	1
6219	1	1	1	0	28	749	0	1	0
6219	2	1	1	0	28	749	0	1	1
6220	1	1	1	0	28	749	0	1	0
6220	2	1	1	0	28	749	0	1	1
6221	1	1	1	0	28	2196	0	1	0
6221	2	1	1	0	28	2196	0	1	1
6222	1	1	1	0	28	2052	0	1	0
6222	2	1	1	0	28	2052	0	1	1
6223	1	1	1	0	28	935	0	1	0
6223	2	1	1	0	28	935	0	1	1
6224	1	1	1	0	28	749	0	1	0
6224	2	1	1	0	28	749	0	1	1
6226	1	1	1	0	28	749	0	1	0
6226	2	1	1	0	28	749	0	1	1
6227	1	1	1	0	28	749	0	1	0
6227	2	1	1	0	28	749	0	1	1
6228	1	1	1	0	28	749	0	1	0
6228	2	1	1	0	28	749	0	1	1
6229	1	1	1	0	28	749	0	1	0
6229	2	1	1	0	28	749	0	1	1
6230	1	1	1	0	28	749	0	1	0
6230	2	1	1	0	28	749	0	1	1
6231	1	1	1	0	28	749	0	1	0
6231	2	1	1	0	28	749	0	1	1
6232	1	1	1	0	28	749	0	1	0
6232	2	1	1	0	28	749	0	1	1
6233	1	1	1	0	28	749	0	1	0
6233	2	1	1	0	28	749	0	1	1
6235	1	1	1	0	28	749	0	1	0
6235	2	1	1	0	28	749	0	1	1
6236	1	1	1	0	28	749	0	1	0
6236	2	1	1	0	28	749	0	1	1
6237	1	1	1	0	28	2196	0	1	0
6237	2	1	1	0	28	2196	0	1	1
6238	1	1	1	0	28	2196	0	1	0
6238	2	1	1	0	28	2196	0	1	1
6239	1	1	1	0	28	1479	0	1	0
6239	2	1	1	0	28	1479	0	1	1
6240	1	1	1	0	28	749	0	1	0
6240	2	1	1	0	28	749	0	1	1
6241	1	1	1	0	28	749	0	1	0
6241	2	1	1	0	28	749	0	1	1
6242	1	1	1	0	28	749	0	1	0
6242	2	1	1	0	28	749	0	1	1
6243	1	1	1	0	28	749	0	1	0
6243	2	1	1	0	28	749	0	1	1
6245	1	1	1	0	28	749	0	1	0
6245	2	1	1	0	28	749	0	1	1
6246	1	1	1	0	28	749	0	1	0
6246	2	1	1	0	28	749	0	1	1
6247	1	1	1	0	28	749	0	1	0
6247	2	1	1	0	28	749	0	1	1
6248	1	1	1	0	28	749	0	1	0
6248	2	1	1	0	28	749	0	1	1
6249	1	1	1	0	28	749	0	1	0
6249	2	1	1	0	28	749	0	1	1
6250	1	1	1	0	28	749	0	1	0
6250	2	1	1	0	28	749	0	1	1
6251	1	1	1	0	28	749	0	1	0
6251	2	1	1	0	28	749	0	1	1
6252	1	1	1	0	28	749	0	1	0
6252	2	1	1	0	28	749	0	1	1
6253	1	1	1	0	28	2196	0	1	0
6253	2	1	1	0	28	2196	0	1	1
6254	1	1	1	0	28	1479	0	1	0
6254	2	1	1	0	28	1479	0	1	1
6255	1	1	1	0	28	749	0	1	0
6255	2	1	1	0	28	749	0	1	1
6256	1	1	1	0	28	749	0	1	0
6256	2	1	1	0	28	749	0	1	1
6257	1	1	1	0	28	749	0	1	0
6257	2	1	1	0	28	749	0	1	1
6258	1	1	1	0	28	749	0	1	0
6258	2	1	1	0	28	749	0	1	1
6259	1	1	1	0	28	749	0	1	0
6259	2	1	1	0	28	749	0	1	1
6260	1	1	1	0	28	749	0	1	0
6260	2	1	1	0	28	749	0	1	1
6261	1	1	1	0	28	749	0	1	0
6261	2	1	1	0	28	749	0	1	1
6263	1	1	1	0	28	749	0	1	0
6263	2	1	1	0	28	749	0	1	1
6264	1	1	1	0	28	749	0	1	0
6264	2	1	1	0	28	749	0	1	1
6265	1	1	1	0	28	749	0	1	0
6265	2	1	1	0	28	749	0	1	1
6266	1	1	1	0	28	749	0	1	0
6266	2	1	1	0	28	749	0	1	1
6267	1	1	1	0	28	749	0	1	0
6267	2	1	1	0	28	749	0	1	1
6268	1	1	1	0	28	2196	0	1	0
6268	2	1	1	0	28	2196	0	1	1
6269	1	1	1	0	28	2196	0	1	0
6269	2	1	1	0	28	2196	0	1	1
6270	1	1	1	0	28	1479	0	1	0
6270	2	1	1	0	28	1479	0	1	1
6271	1	1	1	0	28	749	0	1	0
6271	2	1	1	0	28	749	0	1	1
6272	1	1	1	0	28	185	0	1	0
6272	2	1	1	0	28	185	0	1	1
6273	1	1	1	0	28	749	0	1	0
6273	2	1	1	0	28	749	0	1	1
6274	1	1	1	0	28	749	0	1	0
6274	2	1	1	0	28	749	0	1	1
6275	1	1	1	0	28	749	0	1	0
6275	2	1	1	0	28	749	0	1	1
6276	1	1	1	0	28	749	0	1	0
6276	2	1	1	0	28	749	0	1	1
6277	1	1	1	0	28	749	0	1	0
6277	2	1	1	0	28	749	0	1	1
6278	1	1	1	0	28	749	0	1	0
6278	2	1	1	0	28	749	0	1	1
6279	1	1	1	0	28	749	0	1	0
6279	2	1	1	0	28	749	0	1	1
6280	1	1	1	0	28	749	0	1	0
6280	2	1	1	0	28	749	0	1	1
6282	1	1	1	0	28	749	0	1	0
6282	2	1	1	0	28	749	0	1	1
6283	1	1	1	0	28	2196	0	1	0
6283	2	1	1	0	28	2196	0	1	1
6284	1	1	1	0	28	2196	0	1	0
6284	2	1	1	0	28	2196	0	1	1
6285	1	1	1	0	28	1479	0	1	0
6285	2	1	1	0	28	1479	0	1	1
6286	1	1	1	0	28	749	0	1	0
6286	2	1	1	0	28	749	0	1	1
6287	1	1	1	0	28	749	0	1	0
6287	2	1	1	0	28	749	0	1	1
6288	1	1	1	0	28	749	0	1	0
6288	2	1	1	0	28	749	0	1	1
6289	1	1	1	0	28	749	0	1	0
6289	2	1	1	0	28	749	0	1	1
6291	1	1	1	0	28	749	0	1	0
6291	2	1	1	0	28	749	0	1	1
6292	1	1	1	0	28	749	0	1	0
6292	2	1	1	0	28	749	0	1	1
6293	1	1	1	0	28	749	0	1	0
6293	2	1	1	0	28	749	0	1	1
6294	1	1	1	0	28	749	0	1	0
6294	2	1	1	0	28	749	0	1	1
6295	1	1	1	0	28	749	0	1	0
6295	2	1	1	0	28	749	0	1	1
6296	1	1	1	0	26	749	0	1	0
6296	2	1	1	0	26	749	0	1	1
6297	1	1	1	0	26	749	0	1	0
6297	2	1	1	0	26	749	0	1	1
6298	1	1	1	0	24	669	0	1	0
6298	2	1	1	0	24	669	0	1	1
6299	1	1	1	0	24	1620	0	1	0
6299	2	1	1	0	24	1620	0	1	1
6300	1	1	1	0	22	1383	0	1	0
6300	2	1	1	0	22	1383	0	1	1
6301	1	1	1	0	22	1383	0	1	0
6301	2	1	1	0	22	1383	0	1	1
6302	1	1	1	0	20	1191	0	1	0
6302	2	1	1	0	20	1191	0	1	1
6303	1	1	1	0	20	1095	0	1	0
6303	2	1	1	0	20	1095	0	1	1
6304	1	1	1	0	16	693	0	1	0
6304	2	1	1	0	16	693	0	1	1
6305	1	1	1	0	16	693	0	1	0
6305	2	1	1	0	16	693	0	1	1
6306	1	1	1	0	14	717	0	1	0
6306	2	1	1	0	14	717	0	1	1
6307	1	1	1	0	14	717	0	1	0
6307	2	1	1	0	14	717	0	1	1
6308	1	1	1	0	6	309	0	1	0
6308	2	1	1	0	6	309	0	1	1
6309	1	1	1	0	26	453	0	1	0
6309	2	1	1	0	26	453	0	1	1
6310	1	1	1	0	6	309	0	1	0
6310	2	1	1	0	6	309	0	1	1
6311	1	1	1	0	6	309	0	1	0
6311	2	1	1	0	6	309	0	1	1
6312	1	1	1	0	6	309	0	1	0
6312	2	1	1	0	6	309	0	1	1
6313	1	1	1	0	6	309	0	1	0
6313	2	1	1	0	6	309	0	1	1
6314	1	1	1	0	12	597	0	1	0
6314	2	1	1	0	12	597	0	1	1
6315	1	1	1	0	12	597	0	1	0
6315	2	1	1	0	12	597	0	1	1
6316	1	1	1	0	18	967	0	1	0
6316	2	1	1	0	18	967	0	1	1
6317	1	1	1	0	18	967	0	1	0
6317	2	1	1	0	18	967	0	1	1
6318	1	1	1	0	20	1191	0	1	0
6318	2	1	1	0	20	1191	0	1	1
6319	1	1	1	0	20	1191	0	1	0
6319	2	1	1	0	20	1191	0	1	1
6320	1	1	1	0	22	1383	0	1	0
6320	2	1	1	0	22	1383	0	1	1
6321	1	1	1	0	22	1383	0	1	0
6321	2	1	1	0	22	1383	0	1	1
6322	1	1	1	0	24	1335	0	1	0
6322	2	1	1	0	24	1335	0	1	1
6323	1	1	1	0	28	749	0	1	0
6323	2	1	1	0	28	749	0	1	1
6324	1	1	1	0	28	749	0	1	0
6324	2	1	1	0	28	749	0	1	1
6325	1	1	1	0	28	749	0	1	0
6325	2	1	1	0	28	749	0	1	1
6326	1	1	1	0	28	749	0	1	0
6326	2	1	1	0	28	749	0	1	1
6327	1	1	1	0	28	749	0	1	0
6327	2	1	1	0	28	749	0	1	1
6329	1	1	1	0	28	749	0	1	0
6329	2	1	1	0	28	749	0	1	1
6330	1	1	1	0	28	749	0	1	0
6330	2	1	1	0	28	749	0	1	1
6331	1	1	1	0	28	749	0	1	0
6331	2	1	1	0	28	749	0	1	1
6332	1	1	1	0	28	749	0	1	0
6332	2	1	1	0	28	749	0	1	1
6333	1	1	1	0	28	2196	0	1	0
6333	2	1	1	0	28	2196	0	1	1
6334	1	1	1	0	28	1479	0	1	0
6334	2	1	1	0	28	1479	0	1	1
6335	1	1	1	0	28	749	0	1	0
6335	2	1	1	0	28	749	0	1	1
6336	1	1	1	0	28	749	0	1	0
6336	2	1	1	0	28	749	0	1	1
6338	1	1	1	0	28	749	0	1	0
6338	2	1	1	0	28	749	0	1	1
6339	1	1	1	0	28	749	0	1	0
6339	2	1	1	0	28	749	0	1	1
6340	1	1	1	0	28	749	0	1	0
6340	2	1	1	0	28	749	0	1	1
6341	1	1	1	0	28	749	0	1	0
6341	2	1	1	0	28	749	0	1	1
6342	1	1	1	0	28	749	0	1	0
6342	2	1	1	0	28	749	0	1	1
6343	1	1	1	0	28	749	0	1	0
6343	2	1	1	0	28	749	0	1	1
6344	1	1	1	0	28	749	0	1	0
6344	2	1	1	0	28	749	0	1	1
6345	1	1	1	0	28	749	0	1	0
6345	2	1	1	0	28	749	0	1	1
6347	1	1	1	0	28	749	0	1	0
6347	2	1	1	0	28	749	0	1	1
6348	1	1	1	0	28	2196	0	1	0
6348	2	1	1	0	28	2196	0	1	1
6349	1	1	1	0	28	1479	0	1	0
6349	2	1	1	0	28	1479	0	1	1
6350	1	1	1	0	28	749	0	1	0
6350	2	1	1	0	28	749	0	1	1
6351	1	1	1	0	28	749	0	1	0
6351	2	1	1	0	28	749	0	1	1
6352	1	1	1	0	28	749	0	1	0
6352	2	1	1	0	28	749	0	1	1
6353	1	1	1	0	28	749	0	1	0
6353	2	1	1	0	28	749	0	1	1
6354	1	1	1	0	28	749	0	1	0
6354	2	1	1	0	28	749	0	1	1
6355	1	1	1	0	28	749	0	1	0
6355	2	1	1	0	28	749	0	1	1
6357	1	1	1	0	28	749	0	1	0
6357	2	1	1	0	28	749	0	1	1
6358	1	1	1	0	28	749	0	1	0
6358	2	1	1	0	28	749	0	1	1
6359	1	1	1	0	28	749	0	1	0
6359	2	1	1	0	28	749	0	1	1
6360	1	1	1	0	28	749	0	1	0
6360	2	1	1	0	28	749	0	1	1
6361	1	1	1	0	28	749	0	1	0
6361	2	1	1	0	28	749	0	1	1
6362	1	1	1	0	28	749	0	1	0
6362	2	1	1	0	28	749	0	1	1
6363	1	1	1	0	28	1479	0	1	0
6363	2	1	1	0	28	1479	0	1	1
6364	1	1	1	0	28	749	0	1	0
6364	2	1	1	0	28	749	0	1	1
6366	1	1	1	0	28	749	0	1	0
6366	2	1	1	0	28	749	0	1	1
6367	1	1	1	0	28	749	0	1	0
6367	2	1	1	0	28	749	0	1	1
6368	1	1	1	0	28	749	0	1	0
6368	2	1	1	0	28	749	0	1	1
6369	1	1	1	0	28	749	0	1	0
6369	2	1	1	0	28	749	0	1	1
6370	1	1	1	0	28	749	0	1	0
6370	2	1	1	0	28	749	0	1	1
6371	1	1	1	0	28	749	0	1	0
6371	2	1	1	0	28	749	0	1	1
6372	1	1	1	0	28	749	0	1	0
6372	2	1	1	0	28	749	0	1	1
6373	1	1	1	0	28	749	0	1	0
6373	2	1	1	0	28	749	0	1	1
6375	1	1	1	0	28	749	0	1	0
6375	2	1	1	0	28	749	0	1	1
6376	1	1	1	0	28	749	0	1	0
6376	2	1	1	0	28	749	0	1	1
6377	1	1	1	0	28	749	0	1	0
6377	2	1	1	0	28	749	0	1	1
6378	1	1	1	0	28	749	0	1	0
6378	2	1	1	0	28	749	0	1	1
6379	1	1	1	0	28	749	0	1	0
6379	2	1	1	0	28	749	0	1	1
6380	1	1	1	0	28	749	0	1	0
6380	2	1	1	0	28	749	0	1	1
6381	1	1	1	0	28	749	0	1	0
6381	2	1	1	0	28	749	0	1	1
6382	1	1	1	0	28	749	0	1	0
6382	2	1	1	0	28	749	0	1	1
6383	1	1	1	0	28	749	0	1	0
6383	2	1	1	0	28	749	0	1	1
6385	1	1	1	0	28	749	0	1	0
6385	2	1	1	0	28	749	0	1	1
6386	1	1	1	0	28	749	0	1	0
6386	2	1	1	0	28	749	0	1	1
6387	1	1	1	0	28	749	0	1	0
6387	2	1	1	0	28	749	0	1	1
6388	1	1	1	0	28	749	0	1	0
6388	2	1	1	0	28	749	0	1	1
6389	1	1	1	0	28	749	0	1	0
6389	2	1	1	0	28	749	0	1	1
6390	1	1	1	0	28	749	0	1	0
6390	2	1	1	0	28	749	0	1	1
6391	1	1	1	0	28	749	0	1	0
6391	2	1	1	0	28	749	0	1	1
6392	1	1	1	0	28	749	0	1	0
6392	2	1	1	0	28	749	0	1	1
6394	1	1	1	0	28	749	0	1	0
6394	2	1	1	0	28	749	0	1	1
6395	1	1	1	0	28	749	0	1	0
6395	2	1	1	0	28	749	0	1	1
6396	1	1	1	0	28	749	0	1	0
6396	2	1	1	0	28	749	0	1	1
6397	1	1	1	0	28	749	0	1	0
6397	2	1	1	0	28	749	0	1	1
6398	1	1	1	0	28	749	0	1	0
6398	2	1	1	0	28	749	0	1	1
6399	1	1	1	0	28	749	0	1	0
6399	2	1	1	0	28	749	0	1	1
6400	1	1	1	0	28	749	0	1	0
6400	2	1	1	0	28	749	0	1	1
6401	1	1	1	0	28	749	0	1	0
6401	2	1	1	0	28	749	0	1	1
6403	1	1	1	0	28	749	0	1	0
6403	2	1	1	0	28	749	0	1	1
6404	1	1	1	0	28	749	0	1	0
6404	2	1	1	0	28	749	0	1	1
6405	1	1	1	0	28	749	0	1	0
6405	2	1	1	0	28	749	0	1	1
6406	1	1	1	0	28	749	0	1	0
6406	2	1	1	0	28	749	0	1	1
6407	1	1	1	0	28	749	0	1	0
6407	2	1	1	0	28	749	0	1	1
6408	1	1	1	0	28	749	0	1	0
6408	2	1	1	0	28	749	0	1	1
6409	1	1	1	0	28	749	0	1	0
6409	2	1	1	0	28	749	0	1	1
6410	1	1	1	0	28	749	0	1	0
6410	2	1	1	0	28	749	0	1	1
6411	1	1	1	0	28	749	0	1	0
6411	2	1	1	0	28	749	0	1	1
6413	1	1	1	0	28	749	0	1	0
6413	2	1	1	0	28	749	0	1	1
6414	1	1	1	0	28	749	0	1	0
6414	2	1	1	0	28	749	0	1	1
6415	1	1	1	0	28	749	0	1	0
6415	2	1	1	0	28	749	0	1	1
6416	1	1	1	0	28	749	0	1	0
6416	2	1	1	0	28	749	0	1	1
6417	1	1	1	0	28	749	0	1	0
6417	2	1	1	0	28	749	0	1	1
6418	1	1	1	0	28	749	0	1	0
6418	2	1	1	0	28	749	0	1	1
6419	1	1	1	0	28	749	0	1	0
6419	2	1	1	0	28	749	0	1	1
6420	1	1	1	0	28	749	0	1	0
6420	2	1	1	0	28	749	0	1	1
6422	1	1	1	0	28	749	0	1	0
6422	2	1	1	0	28	749	0	1	1
6423	1	1	1	0	28	749	0	1	0
6423	2	1	1	0	28	749	0	1	1
6424	1	1	1	0	28	749	0	1	0
6424	2	1	1	0	28	749	0	1	1
6425	1	1	1	0	28	749	0	1	0
6425	2	1	1	0	28	749	0	1	1
6426	1	1	1	0	28	749	0	1	0
6426	2	1	1	0	28	749	0	1	1
6427	1	1	1	0	28	749	0	1	0
6427	2	1	1	0	28	749	0	1	1
6428	1	1	1	0	28	749	0	1	0
6428	2	1	1	0	28	749	0	1	1
6429	1	1	1	0	28	749	0	1	0
6429	2	1	1	0	28	749	0	1	1
6431	1	1	1	0	28	749	0	1	0
6431	2	1	1	0	28	749	0	1	1
6432	1	1	1	0	28	749	0	1	0
6432	2	1	1	0	28	749	0	1	1
6433	1	1	1	0	28	749	0	1	0
6433	2	1	1	0	28	749	0	1	1
6434	1	1	1	0	28	749	0	1	0
6434	2	1	1	0	28	749	0	1	1
6435	1	1	1	0	28	749	0	1	0
6435	2	1	1	0	28	749	0	1	1
6436	1	1	1	0	28	749	0	1	0
6436	2	1	1	0	28	749	0	1	1
6437	1	1	1	0	28	749	0	1	0
6437	2	1	1	0	28	749	0	1	1
6438	1	1	1	0	28	749	0	1	0
6438	2	1	1	0	28	749	0	1	1
6439	1	1	1	0	28	749	0	1	0
6439	2	1	1	0	28	749	0	1	1
6441	1	1	1	0	28	749	0	1	0
6441	2	1	1	0	28	749	0	1	1
6442	1	1	1	0	28	749	0	1	0
6442	2	1	1	0	28	749	0	1	1
6443	1	1	1	0	28	749	0	1	0
6443	2	1	1	0	28	749	0	1	1
6444	1	1	1	0	28	749	0	1	0
6444	2	1	1	0	28	749	0	1	1
6445	1	1	1	0	28	749	0	1	0
6445	2	1	1	0	28	749	0	1	1
6446	1	1	1	0	28	749	0	1	0
6446	2	1	1	0	28	749	0	1	1
6447	1	1	1	0	28	749	0	1	0
6447	2	1	1	0	28	749	0	1	1
6448	1	1	1	0	28	749	0	1	0
6448	2	1	1	0	28	749	0	1	1
6450	1	1	1	0	28	749	0	1	0
6450	2	1	1	0	28	749	0	1	1
6451	1	1	1	0	28	749	0	1	0
6451	2	1	1	0	28	749	0	1	1
6452	1	1	1	0	28	749	0	1	0
6452	2	1	1	0	28	749	0	1	1
6453	1	1	1	0	28	749	0	1	0
6453	2	1	1	0	28	749	0	1	1
6454	1	1	1	0	28	749	0	1	0
6454	2	1	1	0	28	749	0	1	1
6455	1	1	1	0	28	749	0	1	0
6455	2	1	1	0	28	749	0	1	1
6456	1	1	1	0	28	749	0	1	0
6456	2	1	1	0	28	749	0	1	1
6457	1	1	1	0	28	749	0	1	0
6457	2	1	1	0	28	749	0	1	1
6459	1	1	1	0	28	749	0	1	0
6459	2	1	1	0	28	749	0	1	1
6460	1	1	1	0	28	749	0	1	0
6460	2	1	1	0	28	749	0	1	1
6461	1	1	1	0	28	749	0	1	0
6461	2	1	1	0	28	749	0	1	1
6462	1	1	1	0	28	749	0	1	0
6462	2	1	1	0	28	749	0	1	1
6463	1	1	1	0	28	749	0	1	0
6463	2	1	1	0	28	749	0	1	1
6464	1	1	1	0	28	749	0	1	0
6464	2	1	1	0	28	749	0	1	1
6465	1	1	1	0	28	749	0	1	0
6465	2	1	1	0	28	749	0	1	1
6466	1	1	1	0	28	749	0	1	0
6466	2	1	1	0	28	749	0	1	1
6467	1	1	1	0	28	749	0	1	0
6467	2	1	1	0	28	749	0	1	1
6469	1	1	1	0	28	749	0	1	0
6469	2	1	1	0	28	749	0	1	1
6470	1	1	1	0	26	749	0	1	0
6470	2	1	1	0	26	749	0	1	1
6471	1	1	1	0	26	749	0	1	0
6471	2	1	1	0	26	749	0	1	1
6472	1	1	1	0	24	669	0	1	0
6472	2	1	1	0	24	669	0	1	1
6473	1	1	1	0	24	807	0	1	0
6473	2	1	1	0	24	807	0	1	1
6474	1	1	1	0	22	693	0	1	0
6474	2	1	1	0	22	693	0	1	1
6475	1	1	1	0	22	693	0	1	0
6475	2	1	1	0	22	693	0	1	1
6476	1	1	1	0	22	807	0	1	0
6476	2	1	1	0	22	807	0	1	1
6478	1	1	1	0	20	693	0	1	0
6478	2	1	1	0	20	693	0	1	1
6479	1	1	1	0	20	693	0	1	0
6479	2	1	1	0	20	693	0	1	1
6480	1	1	1	0	18	749	0	1	0
6480	2	1	1	0	18	749	0	1	1
6481	1	1	1	0	18	749	0	1	0
6481	2	1	1	0	18	749	0	1	1
6482	1	1	1	0	14	717	0	1	0
6482	2	1	1	0	14	717	0	1	1
6483	1	1	1	0	14	717	0	1	0
6483	2	1	1	0	14	717	0	1	1
6484	1	1	1	0	8	421	0	1	0
6484	2	1	1	0	8	421	0	1	1
6485	1	1	1	0	8	421	0	1	0
6485	2	1	1	0	8	421	0	1	1
6486	1	1	1	0	8	421	0	1	0
6486	2	1	1	0	8	421	0	1	1
6487	1	1	1	0	8	421	0	1	0
6487	2	1	1	0	8	421	0	1	1
6488	1	1	1	0	10	469	0	1	0
6488	2	1	1	0	10	469	0	1	1
6489	1	1	1	0	10	469	0	1	0
6489	2	1	1	0	10	469	0	1	1
6490	1	1	1	0	14	775	0	1	0
6490	2	1	1	0	14	775	0	1	1
6491	1	1	1	0	14	775	0	1	0
6491	2	1	1	0	14	775	0	1	1
6492	1	1	1	0	18	967	0	1	0
6492	2	1	1	0	18	967	0	1	1
6493	1	1	1	0	18	967	0	1	0
6493	2	1	1	0	18	967	0	1	1
6494	1	1	1	0	18	967	0	1	0
6494	2	1	1	0	18	967	0	1	1
6495	1	1	1	0	18	807	0	1	0
6495	2	1	1	0	18	807	0	1	1
6496	1	1	1	0	28	185	0	1	0
6496	2	1	1	0	28	185	0	1	1
6497	1	1	1	0	20	693	0	1	0
6497	2	1	1	0	20	693	0	1	1
6498	1	1	1	0	20	693	0	1	0
6498	2	1	1	0	20	693	0	1	1
6499	1	1	1	0	20	775	0	1	0
6499	2	1	1	0	20	775	0	1	1
6500	1	1	1	0	22	693	0	1	0
6500	2	1	1	0	22	693	0	1	1
6501	1	1	1	0	22	693	0	1	0
6501	2	1	1	0	22	693	0	1	1
6502	1	1	1	0	22	807	0	1	0
6502	2	1	1	0	22	807	0	1	1
6503	1	1	1	0	24	669	0	1	0
6503	2	1	1	0	24	669	0	1	1
6504	1	1	1	0	28	749	0	1	0
6504	2	1	1	0	28	749	0	1	1
6505	1	1	1	0	28	185	0	1	0
6505	2	1	1	0	28	185	0	1	1
6506	1	1	1	0	28	749	0	1	0
6506	2	1	1	0	28	749	0	1	1
6507	1	1	1	0	28	749	0	1	0
6507	2	1	1	0	28	749	0	1	1
6508	1	1	1	0	16	693	0	1	0
6508	2	1	1	0	16	693	0	1	1
6509	1	1	1	0	16	693	0	1	0
6509	2	1	1	0	16	693	0	1	1
6510	1	1	1	0	20	775	0	1	0
6510	2	1	1	0	20	775	0	1	1
6511	1	1	1	0	20	693	0	1	0
6511	2	1	1	0	20	693	0	1	1
6512	1	1	1	0	22	693	0	1	0
6512	2	1	1	0	22	693	0	1	1
6513	1	1	1	0	22	807	0	1	0
6513	2	1	1	0	22	807	0	1	1
6515	1	1	1	0	24	669	0	1	0
6515	2	1	1	0	24	669	0	1	1
6516	1	1	1	0	26	749	0	1	0
6516	2	1	1	0	26	749	0	1	1
6517	1	1	1	0	26	749	0	1	0
6517	2	1	1	0	26	749	0	1	1
6518	1	1	1	0	28	749	0	1	0
6518	2	1	1	0	28	749	0	1	1
6519	1	1	1	0	28	749	0	1	0
6519	2	1	1	0	28	749	0	1	1
6520	1	1	1	0	28	749	0	1	0
6520	2	1	1	0	28	749	0	1	1
6521	1	1	1	0	28	749	0	1	0
6521	2	1	1	0	28	749	0	1	1
6522	1	1	1	0	28	749	0	1	0
6522	2	1	1	0	28	749	0	1	1
6523	1	1	1	0	28	749	0	1	0
6523	2	1	1	0	28	749	0	1	1
6525	1	1	1	0	28	749	0	1	0
6525	2	1	1	0	28	749	0	1	1
6526	1	1	1	0	28	749	0	1	0
6526	2	1	1	0	28	749	0	1	1
6527	1	1	1	0	28	749	0	1	0
6527	2	1	1	0	28	749	0	1	1
6528	1	1	1	0	28	749	0	1	0
6528	2	1	1	0	28	749	0	1	1
6529	1	1	1	0	28	749	0	1	0
6529	2	1	1	0	28	749	0	1	1
6530	1	1	1	0	28	749	0	1	0
6530	2	1	1	0	28	749	0	1	1
6531	1	1	1	0	28	749	0	1	0
6531	2	1	1	0	28	749	0	1	1
6532	1	1	1	0	28	749	0	1	0
6532	2	1	1	0	28	749	0	1	1
6534	1	1	1	0	28	749	0	1	0
6534	2	1	1	0	28	749	0	1	1
6535	1	1	1	0	28	749	0	1	0
6535	2	1	1	0	28	749	0	1	1
6536	1	1	1	0	28	749	0	1	0
6536	2	1	1	0	28	749	0	1	1
6537	1	1	1	0	28	749	0	1	0
6537	2	1	1	0	28	749	0	1	1
6538	1	1	1	0	28	749	0	1	0
6538	2	1	1	0	28	749	0	1	1
6539	1	1	1	0	28	749	0	1	0
6539	2	1	1	0	28	749	0	1	1
6540	1	1	1	0	28	749	0	1	0
6540	2	1	1	0	28	749	0	1	1
6541	1	1	1	0	28	749	0	1	0
6541	2	1	1	0	28	749	0	1	1
6543	1	1	1	0	28	749	0	1	0
6543	2	1	1	0	28	749	0	1	1
6544	1	1	1	0	28	749	0	1	0
6544	2	1	1	0	28	749	0	1	1
6545	1	1	1	0	28	749	0	1	0
6545	2	1	1	0	28	749	0	1	1
6546	1	1	1	0	28	749	0	1	0
6546	2	1	1	0	28	749	0	1	1
6547	1	1	1	0	28	749	0	1	0
6547	2	1	1	0	28	749	0	1	1
6548	1	1	1	0	28	749	0	1	0
6548	2	1	1	0	28	749	0	1	1
6549	1	1	1	0	28	749	0	1	0
6549	2	1	1	0	28	749	0	1	1
6550	1	1	1	0	28	749	0	1	0
6550	2	1	1	0	28	749	0	1	1
6551	1	1	1	0	28	749	0	1	0
6551	2	1	1	0	28	749	0	1	1
6553	1	1	1	0	28	749	0	1	0
6553	2	1	1	0	28	749	0	1	1
6554	1	1	1	0	28	749	0	1	0
6554	2	1	1	0	28	749	0	1	1
6555	1	1	1	0	28	749	0	1	0
6555	2	1	1	0	28	749	0	1	1
6556	1	1	1	0	28	749	0	1	0
6556	2	1	1	0	28	749	0	1	1
6557	1	1	1	0	28	749	0	1	0
6557	2	1	1	0	28	749	0	1	1
6558	1	1	1	0	28	749	0	1	0
6558	2	1	1	0	28	749	0	1	1
6559	1	1	1	0	28	749	0	1	0
6559	2	1	1	0	28	749	0	1	1
6560	1	1	1	0	28	749	0	1	0
6560	2	1	1	0	28	749	0	1	1
6562	1	1	1	0	28	749	0	1	0
6562	2	1	1	0	28	749	0	1	1
6563	1	1	1	0	28	749	0	1	0
6563	2	1	1	0	28	749	0	1	1
6564	1	1	1	0	28	749	0	1	0
6564	2	1	1	0	28	749	0	1	1
6565	1	1	1	0	28	749	0	1	0
6565	2	1	1	0	28	749	0	1	1
6566	1	1	1	0	28	749	0	1	0
6566	2	1	1	0	28	749	0	1	1
6567	1	1	1	0	28	749	0	1	0
6567	2	1	1	0	28	749	0	1	1
6568	1	1	1	0	28	749	0	1	0
6568	2	1	1	0	28	749	0	1	1
6569	1	1	1	0	28	749	0	1	0
6569	2	1	1	0	28	749	0	1	1
6571	1	1	1	0	28	749	0	1	0
6571	2	1	1	0	28	749	0	1	1
6572	1	1	1	0	28	749	0	1	0
6572	2	1	1	0	28	749	0	1	1
6573	1	1	1	0	28	749	0	1	0
6573	2	1	1	0	28	749	0	1	1
6574	1	1	1	0	28	749	0	1	0
6574	2	1	1	0	28	749	0	1	1
6575	1	1	1	0	28	749	0	1	0
6575	2	1	1	0	28	749	0	1	1
6576	1	1	1	0	28	749	0	1	0
6576	2	1	1	0	28	749	0	1	1
6577	1	1	1	0	28	749	0	1	0
6577	2	1	1	0	28	749	0	1	1
6578	1	1	1	0	28	749	0	1	0
6578	2	1	1	0	28	749	0	1	1
6579	1	1	1	0	28	749	0	1	0
6579	2	1	1	0	28	749	0	1	1
6581	1	1	1	0	28	749	0	1	0
6581	2	1	1	0	28	749	0	1	1
6582	1	1	1	0	28	749	0	1	0
6582	2	1	1	0	28	749	0	1	1
6583	1	1	1	0	28	749	0	1	0
6583	2	1	1	0	28	749	0	1	1
6584	1	1	1	0	28	749	0	1	0
6584	2	1	1	0	28	749	0	1	1
6585	1	1	1	0	28	749	0	1	0
6585	2	1	1	0	28	749	0	1	1
6586	1	1	1	0	28	749	0	1	0
6586	2	1	1	0	28	749	0	1	1
6587	1	1	1	0	28	749	0	1	0
6587	2	1	1	0	28	749	0	1	1
6588	1	1	1	0	28	749	0	1	0
6588	2	1	1	0	28	749	0	1	1
6590	1	1	1	0	28	749	0	1	0
6590	2	1	1	0	28	749	0	1	1
6591	1	1	1	0	28	749	0	1	0
6591	2	1	1	0	28	749	0	1	1
6592	1	1	1	0	28	749	0	1	0
6592	2	1	1	0	28	749	0	1	1
6593	1	1	1	0	28	749	0	1	0
6593	2	1	1	0	28	749	0	1	1
6594	1	1	1	0	28	749	0	1	0
6594	2	1	1	0	28	749	0	1	1
6595	1	1	1	0	28	749	0	1	0
6595	2	1	1	0	28	749	0	1	1
6596	1	1	1	0	28	749	0	1	0
6596	2	1	1	0	28	749	0	1	1
6597	1	1	1	0	28	749	0	1	0
6597	2	1	1	0	28	749	0	1	1
6599	1	1	1	0	28	749	0	1	0
6599	2	1	1	0	28	749	0	1	1
6600	1	1	1	0	26	749	0	1	0
6600	2	1	1	0	26	749	0	1	1
6601	1	1	1	0	26	749	0	1	0
6601	2	1	1	0	26	749	0	1	1
6602	1	1	1	0	26	749	0	1	0
6602	2	1	1	0	26	749	0	1	1
6603	1	1	1	0	26	749	0	1	0
6603	2	1	1	0	26	749	0	1	1
6604	1	1	1	0	26	749	0	1	0
6604	2	1	1	0	26	749	0	1	1
6605	1	1	1	0	26	749	0	1	0
6605	2	1	1	0	26	749	0	1	1
6606	1	1	1	0	26	749	0	1	0
6606	2	1	1	0	26	749	0	1	1
6607	1	1	1	0	26	749	0	1	0
6607	2	1	1	0	26	749	0	1	1
6609	1	1	1	0	26	749	0	1	0
6609	2	1	1	0	26	749	0	1	1
6610	1	1	1	0	26	749	0	1	0
6610	2	1	1	0	26	749	0	1	1
6611	1	1	1	0	26	749	0	1	0
6611	2	1	1	0	26	749	0	1	1
6612	1	1	1	0	28	749	0	1	0
6612	2	1	1	0	28	749	0	1	1
6613	1	1	1	0	28	749	0	1	0
6613	2	1	1	0	28	749	0	1	1
6614	1	1	1	0	28	749	0	1	0
6614	2	1	1	0	28	749	0	1	1
6615	1	1	1	0	28	749	0	1	0
6615	2	1	1	0	28	749	0	1	1
6616	1	1	1	0	28	749	0	1	0
6616	2	1	1	0	28	749	0	1	1
6618	1	1	1	0	28	749	0	1	0
6618	2	1	1	0	28	749	0	1	1
6619	1	1	1	0	28	749	0	1	0
6619	2	1	1	0	28	749	0	1	1
6620	1	1	1	0	28	749	0	1	0
6620	2	1	1	0	28	749	0	1	1
6621	1	1	1	0	28	749	0	1	0
6621	2	1	1	0	28	749	0	1	1
6622	1	1	1	0	28	749	0	1	0
6622	2	1	1	0	28	749	0	1	1
6623	1	1	1	0	28	749	0	1	0
6623	2	1	1	0	28	749	0	1	1
6624	1	1	1	0	28	749	0	1	0
6624	2	1	1	0	28	749	0	1	1
6625	1	1	1	0	28	749	0	1	0
6625	2	1	1	0	28	749	0	1	1
6627	1	1	1	0	28	749	0	1	0
6627	2	1	1	0	28	749	0	1	1
6628	1	1	1	0	28	749	0	1	0
6628	2	1	1	0	28	749	0	1	1
6629	1	1	1	0	28	749	0	1	0
6629	2	1	1	0	28	749	0	1	1
6630	1	1	1	0	28	749	0	1	0
6630	2	1	1	0	28	749	0	1	1
6631	1	1	1	0	28	749	0	1	0
6631	2	1	1	0	28	749	0	1	1
6632	1	1	1	0	28	749	0	1	0
6632	2	1	1	0	28	749	0	1	1
6633	1	1	1	0	28	749	0	1	0
6633	2	1	1	0	28	749	0	1	1
6634	1	1	1	0	28	749	0	1	0
6634	2	1	1	0	28	749	0	1	1
6635	1	1	1	0	28	749	0	1	0
6635	2	1	1	0	28	749	0	1	1
6637	1	1	1	0	28	749	0	1	0
6637	2	1	1	0	28	749	0	1	1
6638	1	1	1	0	28	749	0	1	0
6638	2	1	1	0	28	749	0	1	1
6639	1	1	1	0	28	749	0	1	0
6639	2	1	1	0	28	749	0	1	1
6640	1	1	1	0	28	749	0	1	0
6640	2	1	1	0	28	749	0	1	1
6641	1	1	1	0	28	749	0	1	0
6641	2	1	1	0	28	749	0	1	1
6642	1	1	1	0	28	749	0	1	0
6642	2	1	1	0	28	749	0	1	1
6643	1	1	1	0	28	749	0	1	0
6643	2	1	1	0	28	749	0	1	1
6644	1	1	1	0	28	749	0	1	0
6644	2	1	1	0	28	749	0	1	1
6646	1	1	1	0	28	749	0	1	0
6646	2	1	1	0	28	749	0	1	1
6647	1	1	1	0	28	749	0	1	0
6647	2	1	1	0	28	749	0	1	1
6648	1	1	1	0	28	749	0	1	0
6648	2	1	1	0	28	749	0	1	1
6649	1	1	1	0	28	749	0	1	0
6649	2	1	1	0	28	749	0	1	1
6650	1	1	1	0	28	749	0	1	0
6650	2	1	1	0	28	749	0	1	1
6651	1	1	1	0	28	749	0	1	0
6651	2	1	1	0	28	749	0	1	1
6652	1	1	1	0	28	749	0	1	0
6652	2	1	1	0	28	749	0	1	1
6653	1	1	1	0	28	749	0	1	0
6653	2	1	1	0	28	749	0	1	1
6655	1	1	1	0	28	749	0	1	0
6655	2	1	1	0	28	749	0	1	1
6656	1	1	1	0	28	749	0	1	0
6656	2	1	1	0	28	749	0	1	1
6657	1	1	1	0	28	749	0	1	0
6657	2	1	1	0	28	749	0	1	1
6658	1	1	1	0	28	749	0	1	0
6658	2	1	1	0	28	749	0	1	1
6659	1	1	1	0	28	749	0	1	0
6659	2	1	1	0	28	749	0	1	1
6660	1	1	1	0	28	749	0	1	0
6660	2	1	1	0	28	749	0	1	1
6661	1	1	1	0	28	749	0	1	0
6661	2	1	1	0	28	749	0	1	1
6662	1	1	1	0	28	749	0	1	0
6662	2	1	1	0	28	749	0	1	1
6663	1	1	1	0	28	749	0	1	0
6663	2	1	1	0	28	749	0	1	1
6665	1	1	1	0	28	749	0	1	0
6665	2	1	1	0	28	749	0	1	1
6666	1	1	1	0	28	749	0	1	0
6666	2	1	1	0	28	749	0	1	1
6667	1	1	1	0	28	749	0	1	0
6667	2	1	1	0	28	749	0	1	1
6668	1	1	1	0	28	749	0	1	0
6668	2	1	1	0	28	749	0	1	1
6669	1	1	1	0	28	749	0	1	0
6669	2	1	1	0	28	749	0	1	1
6670	1	1	1	0	28	749	0	1	0
6670	2	1	1	0	28	749	0	1	1
6671	1	1	1	0	28	749	0	1	0
6671	2	1	1	0	28	749	0	1	1
6672	1	1	1	0	28	749	0	1	0
6672	2	1	1	0	28	749	0	1	1
6674	1	1	1	0	28	749	0	1	0
6674	2	1	1	0	28	749	0	1	1
6675	1	1	1	0	28	749	0	1	0
6675	2	1	1	0	28	749	0	1	1
6676	1	1	1	0	28	749	0	1	0
6676	2	1	1	0	28	749	0	1	1
6677	1	1	1	0	28	749	0	1	0
6677	2	1	1	0	28	749	0	1	1
6678	1	1	1	0	28	749	0	1	0
6678	2	1	1	0	28	749	0	1	1
6679	1	1	1	0	28	749	0	1	0
6679	2	1	1	0	28	749	0	1	1
6680	1	1	1	0	28	749	0	1	0
6680	2	1	1	0	28	749	0	1	1
6681	1	1	1	0	28	749	0	1	0
6681	2	1	1	0	28	749	0	1	1
6683	1	1	1	0	28	749	0	1	0
6683	2	1	1	0	28	749	0	1	1
6684	1	1	1	0	28	749	0	1	0
6684	2	1	1	0	28	749	0	1	1
6685	1	1	1	0	28	749	0	1	0
6685	2	1	1	0	28	749	0	1	1
6686	1	1	1	0	28	749	0	1	0
6686	2	1	1	0	28	749	0	1	1
6687	1	1	1	0	28	749	0	1	0
6687	2	1	1	0	28	749	0	1	1
6688	1	1	1	0	28	749	0	1	0
6688	2	1	1	0	28	749	0	1	1
6689	1	1	1	0	28	749	0	1	0
6689	2	1	1	0	28	749	0	1	1
6690	1	1	1	0	28	749	0	1	0
6690	2	1	1	0	28	749	0	1	1
6691	1	1	1	0	28	749	0	1	0
6691	2	1	1	0	28	749	0	1	1
6693	1	1	1	0	28	749	0	1	0
6693	2	1	1	0	28	749	0	1	1
6694	1	1	1	0	28	749	0	1	0
6694	2	1	1	0	28	749	0	1	1
6695	1	1	1	0	28	749	0	1	0
6695	2	1	1	0	28	749	0	1	1
6696	1	1	1	0	28	749	0	1	0
6696	2	1	1	0	28	749	0	1	1
6697	1	1	1	0	28	749	0	1	0
6697	2	1	1	0	28	749	0	1	1
6698	1	1	1	0	28	749	0	1	0
6698	2	1	1	0	28	749	0	1	1
6699	1	1	1	0	28	749	0	1	0
6699	2	1	1	0	28	749	0	1	1
6700	1	1	1	0	28	749	0	1	0
6700	2	1	1	0	28	749	0	1	1
6702	1	1	1	0	28	749	0	1	0
6702	2	1	1	0	28	749	0	1	1
6703	1	1	1	0	28	749	0	1	0
6703	2	1	1	0	28	749	0	1	1
6704	1	1	1	0	28	749	0	1	0
6704	2	1	1	0	28	749	0	1	1
6705	1	1	1	0	28	749	0	1	0
6705	2	1	1	0	28	749	0	1	1
6706	1	1	1	0	28	749	0	1	0
6706	2	1	1	0	28	749	0	1	1
6707	1	1	1	0	28	749	0	1	0
6707	2	1	1	0	28	749	0	1	1
6708	1	1	1	0	28	749	0	1	0
6708	2	1	1	0	28	749	0	1	1
6709	1	1	1	0	28	749	0	1	0
6709	2	1	1	0	28	749	0	1	1
6711	1	1	1	0	20	693	0	1	0
6711	2	1	1	0	20	693	0	1	1
6712	1	1	1	0	20	693	0	1	0
6712	2	1	1	0	20	693	0	1	1
6713	1	1	1	0	20	775	0	1	0
6713	2	1	1	0	20	775	0	1	1
6714	1	1	1	0	20	693	0	1	0
6714	2	1	1	0	20	693	0	1	1
6715	1	1	1	0	20	693	0	1	0
6715	2	1	1	0	20	693	0	1	1
6716	1	1	1	0	20	775	0	1	0
6716	2	1	1	0	20	775	0	1	1
6717	1	1	1	0	20	693	0	1	0
6717	2	1	1	0	20	693	0	1	1
6718	1	1	1	0	20	693	0	1	0
6718	2	1	1	0	20	693	0	1	1
6719	1	1	1	0	20	775	0	1	0
6719	2	1	1	0	20	775	0	1	1
6721	1	1	1	0	22	693	0	1	0
6721	2	1	1	0	22	693	0	1	1
6722	1	1	1	0	22	693	0	1	0
6722	2	1	1	0	22	693	0	1	1
6723	1	1	1	0	22	807	0	1	0
6723	2	1	1	0	22	807	0	1	1
6724	1	1	1	0	22	693	0	1	0
6724	2	1	1	0	22	693	0	1	1
6725	1	1	1	0	22	693	0	1	0
6725	2	1	1	0	22	693	0	1	1
6726	1	1	1	0	24	807	0	1	0
6726	2	1	1	0	24	807	0	1	1
6727	1	1	1	0	24	669	0	1	0
6727	2	1	1	0	24	669	0	1	1
6728	1	1	1	0	24	807	0	1	0
6728	2	1	1	0	24	807	0	1	1
6730	1	1	1	0	24	669	0	1	0
6730	2	1	1	0	24	669	0	1	1
6731	1	1	1	0	24	807	0	1	0
6731	2	1	1	0	24	807	0	1	1
6732	1	1	1	0	24	669	0	1	0
6732	2	1	1	0	24	669	0	1	1
6733	1	1	1	0	24	807	0	1	0
6733	2	1	1	0	24	807	0	1	1
6734	1	1	1	0	26	749	0	1	0
6734	2	1	1	0	26	749	0	1	1
6735	1	1	1	0	26	749	0	1	0
6735	2	1	1	0	26	749	0	1	1
6736	1	1	1	0	28	749	0	1	0
6736	2	1	1	0	28	749	0	1	1
6737	1	1	1	0	28	749	0	1	0
6737	2	1	1	0	28	749	0	1	1
6739	1	1	1	0	28	749	0	1	0
6739	2	1	1	0	28	749	0	1	1
6740	1	1	1	0	28	749	0	1	0
6740	2	1	1	0	28	749	0	1	1
6741	1	1	1	0	28	749	0	1	0
6741	2	1	1	0	28	749	0	1	1
6742	1	1	1	0	28	749	0	1	0
6742	2	1	1	0	28	749	0	1	1
6743	1	1	1	0	28	749	0	1	0
6743	2	1	1	0	28	749	0	1	1
6744	1	1	1	0	28	749	0	1	0
6744	2	1	1	0	28	749	0	1	1
6745	1	1	1	0	28	749	0	1	0
6745	2	1	1	0	28	749	0	1	1
6746	1	1	1	0	28	749	0	1	0
6746	2	1	1	0	28	749	0	1	1
6747	1	1	1	0	28	749	0	1	0
6747	2	1	1	0	28	749	0	1	1
6749	1	1	1	0	28	749	0	1	0
6749	2	1	1	0	28	749	0	1	1
6750	1	1	1	0	28	749	0	1	0
6750	2	1	1	0	28	749	0	1	1
6751	1	1	1	0	28	749	0	1	0
6751	2	1	1	0	28	749	0	1	1
6752	1	1	1	0	28	749	0	1	0
6752	2	1	1	0	28	749	0	1	1
6753	1	1	1	0	28	749	0	1	0
6753	2	1	1	0	28	749	0	1	1
6754	1	1	1	0	28	749	0	1	0
6754	2	1	1	0	28	749	0	1	1
6755	1	1	1	0	28	749	0	1	0
6755	2	1	1	0	28	749	0	1	1
6756	1	1	1	0	28	749	0	1	0
6756	2	1	1	0	28	749	0	1	1
6758	1	1	1	0	28	749	0	1	0
6758	2	1	1	0	28	749	0	1	1
6759	1	1	1	0	28	749	0	1	0
6759	2	1	1	0	28	749	0	1	1
6760	1	1	1	0	28	749	0	1	0
6760	2	1	1	0	28	749	0	1	1
6761	1	1	1	0	28	749	0	1	0
6761	2	1	1	0	28	749	0	1	1
6762	1	1	1	0	28	749	0	1	0
6762	2	1	1	0	28	749	0	1	1
6763	1	1	1	0	28	749	0	1	0
6763	2	1	1	0	28	749	0	1	1
6764	1	1	1	0	28	749	0	1	0
6764	2	1	1	0	28	749	0	1	1
6765	1	1	1	0	28	749	0	1	0
6765	2	1	1	0	28	749	0	1	1
6767	1	1	1	0	28	749	0	1	0
6767	2	1	1	0	28	749	0	1	1
6768	1	1	1	0	28	749	0	1	0
6768	2	1	1	0	28	749	0	1	1
6769	1	1	1	0	28	749	0	1	0
6769	2	1	1	0	28	749	0	1	1
6770	1	1	1	0	28	749	0	1	0
6770	2	1	1	0	28	749	0	1	1
6771	1	1	1	0	28	749	0	1	0
6771	2	1	1	0	28	749	0	1	1
6772	1	1	1	0	28	749	0	1	0
6772	2	1	1	0	28	749	0	1	1
6773	1	1	1	0	28	749	0	1	0
6773	2	1	1	0	28	749	0	1	1
6774	1	1	1	0	28	749	0	1	0
6774	2	1	1	0	28	749	0	1	1
6775	1	1	1	0	28	749	0	1	0
6775	2	1	1	0	28	749	0	1	1
6777	1	1	1	0	28	749	0	1	0
6777	2	1	1	0	28	749	0	1	1
6778	1	1	1	0	28	749	0	1	0
6778	2	1	1	0	28	749	0	1	1
6779	1	1	1	0	28	749	0	1	0
6779	2	1	1	0	28	749	0	1	1
6780	1	1	1	0	28	749	0	1	0
6780	2	1	1	0	28	749	0	1	1
6781	1	1	1	0	28	749	0	1	0
6781	2	1	1	0	28	749	0	1	1
6782	1	1	1	0	28	749	0	1	0
6782	2	1	1	0	28	749	0	1	1
6783	1	1	1	0	28	749	0	1	0
6783	2	1	1	0	28	749	0	1	1
6784	1	1	1	0	28	749	0	1	0
6784	2	1	1	0	28	749	0	1	1
6786	1	1	1	0	28	749	0	1	0
6786	2	1	1	0	28	749	0	1	1
6787	1	1	1	0	28	749	0	1	0
6787	2	1	1	0	28	749	0	1	1
6788	1	1	1	0	28	749	0	1	0
6788	2	1	1	0	28	749	0	1	1
6789	1	1	1	0	28	749	0	1	0
6789	2	1	1	0	28	749	0	1	1
6790	1	1	1	0	28	749	0	1	0
6790	2	1	1	0	28	749	0	1	1
6791	1	1	1	0	28	749	0	1	0
6791	2	1	1	0	28	749	0	1	1
6792	1	1	1	0	28	749	0	1	0
6792	2	1	1	0	28	749	0	1	1
6793	1	1	1	0	28	749	0	1	0
6793	2	1	1	0	28	749	0	1	1
6795	1	1	1	0	28	749	0	1	0
6795	2	1	1	0	28	749	0	1	1
6796	1	1	1	0	28	749	0	1	0
6796	2	1	1	0	28	749	0	1	1
6797	1	1	1	0	28	749	0	1	0
6797	2	1	1	0	28	749	0	1	1
6798	1	1	1	0	28	749	0	1	0
6798	2	1	1	0	28	749	0	1	1
6799	1	1	1	0	28	749	0	1	0
6799	2	1	1	0	28	749	0	1	1
6800	1	1	1	0	28	749	0	1	0
6800	2	1	1	0	28	749	0	1	1
6801	1	1	1	0	28	749	0	1	0
6801	2	1	1	0	28	749	0	1	1
6802	1	1	1	0	28	749	0	1	0
6802	2	1	1	0	28	749	0	1	1
6803	1	1	1	0	28	749	0	1	0
6803	2	1	1	0	28	749	0	1	1
6805	1	1	1	0	28	749	0	1	0
6805	2	1	1	0	28	749	0	1	1
6806	1	1	1	0	28	749	0	1	0
6806	2	1	1	0	28	749	0	1	1
6807	1	1	1	0	28	749	0	1	0
6807	2	1	1	0	28	749	0	1	1
6808	1	1	1	0	28	749	0	1	0
6808	2	1	1	0	28	749	0	1	1
6809	1	1	1	0	28	749	0	1	0
6809	2	1	1	0	28	749	0	1	1
6810	1	1	1	0	28	749	0	1	0
6810	2	1	1	0	28	749	0	1	1
6811	1	1	1	0	28	749	0	1	0
6811	2	1	1	0	28	749	0	1	1
6812	1	1	1	0	28	749	0	1	0
6812	2	1	1	0	28	749	0	1	1
6814	1	1	1	0	28	749	0	1	0
6814	2	1	1	0	28	749	0	1	1
6815	1	1	1	0	28	749	0	1	0
6815	2	1	1	0	28	749	0	1	1
6816	1	1	1	0	28	749	0	1	0
6816	2	1	1	0	28	749	0	1	1
6817	1	1	1	0	28	749	0	1	0
6817	2	1	1	0	28	749	0	1	1
6818	1	1	1	0	28	749	0	1	0
6818	2	1	1	0	28	749	0	1	1
6819	1	1	1	0	28	749	0	1	0
6819	2	1	1	0	28	749	0	1	1
6820	1	1	1	0	28	749	0	1	0
6820	2	1	1	0	28	749	0	1	1
6821	1	1	1	0	28	749	0	1	0
6821	2	1	1	0	28	749	0	1	1
6823	1	1	1	0	28	749	0	1	0
6823	2	1	1	0	28	749	0	1	1
6824	1	1	1	0	28	749	0	1	0
6824	2	1	1	0	28	749	0	1	1
6825	1	1	1	0	28	749	0	1	0
6825	2	1	1	0	28	749	0	1	1
6826	1	1	1	0	28	749	0	1	0
6826	2	1	1	0	28	749	0	1	1
6827	1	1	1	0	28	749	0	1	0
6827	2	1	1	0	28	749	0	1	1
6828	1	1	1	0	28	749	0	1	0
6828	2	1	1	0	28	749	0	1	1
6829	1	1	1	0	28	749	0	1	0
6829	2	1	1	0	28	749	0	1	1
6830	1	1	1	0	28	749	0	1	0
6830	2	1	1	0	28	749	0	1	1
6831	1	1	1	0	28	749	0	1	0
6831	2	1	1	0	28	749	0	1	1
6833	1	1	1	0	28	749	0	1	0
6833	2	1	1	0	28	749	0	1	1
6834	1	1	1	0	28	749	0	1	0
6834	2	1	1	0	28	749	0	1	1
6835	1	1	1	0	28	749	0	1	0
6835	2	1	1	0	28	749	0	1	1
6836	1	1	1	0	28	749	0	1	0
6836	2	1	1	0	28	749	0	1	1
6837	1	1	1	0	28	749	0	1	0
6837	2	1	1	0	28	749	0	1	1
6838	1	1	1	0	28	749	0	1	0
6838	2	1	1	0	28	749	0	1	1
6839	1	1	1	0	28	749	0	1	0
6839	2	1	1	0	28	749	0	1	1
6840	1	1	1	0	28	749	0	1	0
6840	2	1	1	0	28	749	0	1	1
6842	1	1	1	0	28	749	0	1	0
6842	2	1	1	0	28	749	0	1	1
6843	1	1	1	0	28	749	0	1	0
6843	2	1	1	0	28	749	0	1	1
6844	1	1	1	0	28	749	0	1	0
6844	2	1	1	0	28	749	0	1	1
6845	1	1	1	0	28	749	0	1	0
6845	2	1	1	0	28	749	0	1	1
6846	1	1	1	0	28	749	0	1	0
6846	2	1	1	0	28	749	0	1	1
6847	1	1	1	0	28	749	0	1	0
6847	2	1	1	0	28	749	0	1	1
6848	1	1	1	0	28	749	0	1	0
6848	2	1	1	0	28	749	0	1	1
6849	1	1	1	0	28	749	0	1	0
6849	2	1	1	0	28	749	0	1	1
6851	1	1	1	0	28	749	0	1	0
6851	2	1	1	0	28	749	0	1	1
6852	1	1	1	0	28	749	0	1	0
6852	2	1	1	0	28	749	0	1	1
6853	1	1	1	0	28	749	0	1	0
6853	2	1	1	0	28	749	0	1	1
6854	1	1	1	0	28	749	0	1	0
6854	2	1	1	0	28	749	0	1	1
6855	1	1	1	0	28	749	0	1	0
6855	2	1	1	0	28	749	0	1	1
6856	1	1	1	0	28	749	0	1	0
6856	2	1	1	0	28	749	0	1	1
6857	1	1	1	0	28	749	0	1	0
6857	2	1	1	0	28	749	0	1	1
6858	1	1	1	0	28	749	0	1	0
6858	2	1	1	0	28	749	0	1	1
6859	1	1	1	0	28	749	0	1	0
6859	2	1	1	0	28	749	0	1	1
6861	1	1	1	0	28	749	0	1	0
6861	2	1	1	0	28	749	0	1	1
6862	1	1	1	0	28	749	0	1	0
6862	2	1	1	0	28	749	0	1	1
6863	1	1	1	0	28	749	0	1	0
6863	2	1	1	0	28	749	0	1	1
6864	1	1	1	0	28	749	0	1	0
6864	2	1	1	0	28	749	0	1	1
6865	1	1	1	0	28	749	0	1	0
6865	2	1	1	0	28	749	0	1	1
6866	1	1	1	0	28	749	0	1	0
6866	2	1	1	0	28	749	0	1	1
6867	1	1	1	0	28	749	0	1	0
6867	2	1	1	0	28	749	0	1	1
6868	1	1	1	0	28	749	0	1	0
6868	2	1	1	0	28	749	0	1	1
6870	1	1	1	0	28	749	0	1	0
6870	2	1	1	0	28	749	0	1	1
6871	1	1	1	0	28	749	0	1	0
6871	2	1	1	0	28	749	0	1	1
6872	1	1	1	0	28	749	0	1	0
6872	2	1	1	0	28	749	0	1	1
6873	1	1	1	0	28	749	0	1	0
6873	2	1	1	0	28	749	0	1	1
6874	1	1	1	0	28	749	0	1	0
6874	2	1	1	0	28	749	0	1	1
6875	1	1	1	0	28	749	0	1	0
6875	2	1	1	0	28	749	0	1	1
6876	1	1	1	0	28	749	0	1	0
6876	2	1	1	0	28	749	0	1	1
6877	1	1	1	0	28	749	0	1	0
6877	2	1	1	0	28	749	0	1	1
6879	1	1	1	0	28	749	0	1	0
6879	2	1	1	0	28	749	0	1	1
6880	1	1	1	0	28	749	0	1	0
6880	2	1	1	0	28	749	0	1	1
6881	1	1	1	0	28	749	0	1	0
6881	2	1	1	0	28	749	0	1	1
6882	1	1	1	0	28	749	0	1	0
6882	2	1	1	0	28	749	0	1	1
6883	1	1	1	0	28	749	0	1	0
6883	2	1	1	0	28	749	0	1	1
6884	1	1	1	0	28	749	0	1	0
6884	2	1	1	0	28	749	0	1	1
6885	1	1	1	0	28	749	0	1	0
6885	2	1	1	0	28	749	0	1	1
6886	1	1	1	0	28	749	0	1	0
6886	2	1	1	0	28	749	0	1	1
6887	1	1	1	0	28	749	0	1	0
6887	2	1	1	0	28	749	0	1	1
6889	1	1	1	0	28	749	0	1	0
6889	2	1	1	0	28	749	0	1	1
6890	1	1	1	0	28	749	0	1	0
6890	2	1	1	0	28	749	0	1	1
6891	1	1	1	0	28	749	0	1	0
6891	2	1	1	0	28	749	0	1	1
6892	1	1	1	0	28	749	0	1	0
6892	2	1	1	0	28	749	0	1	1
6893	1	1	1	0	28	749	0	1	0
6893	2	1	1	0	28	749	0	1	1
6894	1	1	1	0	28	749	0	1	0
6894	2	1	1	0	28	749	0	1	1
6895	1	1	1	0	28	749	0	1	0
6895	2	1	1	0	28	749	0	1	1
6896	1	1	1	0	28	749	0	1	0
6896	2	1	1	0	28	749	0	1	1
6898	1	1	1	0	28	749	0	1	0
6898	2	1	1	0	28	749	0	1	1
6899	1	1	1	0	28	749	0	1	0
6899	2	1	1	0	28	749	0	1	1
6900	1	1	1	0	28	749	0	1	0
6900	2	1	1	0	28	749	0	1	1
6901	1	1	1	0	28	749	0	1	0
6901	2	1	1	0	28	749	0	1	1
6902	1	1	1	0	28	749	0	1	0
6902	2	1	1	0	28	749	0	1	1
6903	1	1	1	0	28	749	0	1	0
6903	2	1	1	0	28	749	0	1	1
6904	1	1	1	0	28	749	0	1	0
6904	2	1	1	0	28	749	0	1	1
6905	1	1	1	0	28	749	0	1	0
6905	2	1	1	0	28	749	0	1	1
6907	1	1	1	0	26	749	0	1	0
6907	2	1	1	0	26	749	0	1	1
6908	1	1	1	0	26	749	0	1	0
6908	2	1	1	0	26	749	0	1	1
6909	1	1	1	0	26	749	0	1	0
6909	2	1	1	0	26	749	0	1	1
6910	1	1	1	0	24	669	0	1	0
6910	2	1	1	0	24	669	0	1	1
6911	1	1	1	0	24	807	0	1	0
6911	2	1	1	0	24	807	0	1	1
6912	1	1	1	0	24	669	0	1	0
6912	2	1	1	0	24	669	0	1	1
6913	1	1	1	0	24	807	0	1	0
6913	2	1	1	0	24	807	0	1	1
6914	1	1	1	0	24	669	0	1	0
6914	2	1	1	0	24	669	0	1	1
6915	1	1	1	0	24	807	0	1	0
6915	2	1	1	0	24	807	0	1	1
6917	1	1	1	0	24	669	0	1	0
6917	2	1	1	0	24	669	0	1	1
6918	1	1	1	0	24	807	0	1	0
6918	2	1	1	0	24	807	0	1	1
6919	1	1	1	0	24	669	0	1	0
6919	2	1	1	0	24	669	0	1	1
6920	1	1	1	0	26	749	0	1	0
6920	2	1	1	0	26	749	0	1	1
6921	1	1	1	0	26	749	0	1	0
6921	2	1	1	0	26	749	0	1	1
6922	1	1	1	0	26	749	0	1	0
6922	2	1	1	0	26	749	0	1	1
6923	1	1	1	0	26	749	0	1	0
6923	2	1	1	0	26	749	0	1	1
6924	1	1	1	0	26	749	0	1	0
6924	2	1	1	0	26	749	0	1	1
6926	1	1	1	0	26	749	0	1	0
6926	2	1	1	0	26	749	0	1	1
6927	1	1	1	0	26	749	0	1	0
6927	2	1	1	0	26	749	0	1	1
6928	1	1	1	0	26	749	0	1	0
6928	2	1	1	0	26	749	0	1	1
6929	1	1	1	0	26	749	0	1	0
6929	2	1	1	0	26	749	0	1	1
6930	1	1	1	0	28	749	0	1	0
6930	2	1	1	0	28	749	0	1	1
6931	1	1	1	0	28	749	0	1	0
6931	2	1	1	0	28	749	0	1	1
6932	1	1	1	0	28	749	0	1	0
6932	2	1	1	0	28	749	0	1	1
6933	1	1	1	0	28	749	0	1	0
6933	2	1	1	0	28	749	0	1	1
6935	1	1	1	0	28	749	0	1	0
6935	2	1	1	0	28	749	0	1	1
6936	1	1	1	0	28	749	0	1	0
6936	2	1	1	0	28	749	0	1	1
6937	1	1	1	0	28	749	0	1	0
6937	2	1	1	0	28	749	0	1	1
6938	1	1	1	0	28	749	0	1	0
6938	2	1	1	0	28	749	0	1	1
6939	1	1	1	0	28	749	0	1	0
6939	2	1	1	0	28	749	0	1	1
6940	1	1	1	0	28	749	0	1	0
6940	2	1	1	0	28	749	0	1	1
6941	1	1	1	0	28	749	0	1	0
6941	2	1	1	0	28	749	0	1	1
6942	1	1	1	0	28	749	0	1	0
6942	2	1	1	0	28	749	0	1	1
6943	1	1	1	0	28	749	0	1	0
6943	2	1	1	0	28	749	0	1	1
6945	1	1	1	0	28	749	0	1	0
6945	2	1	1	0	28	749	0	1	1
6946	1	1	1	0	28	749	0	1	0
6946	2	1	1	0	28	749	0	1	1
6947	1	1	1	0	28	749	0	1	0
6947	2	1	1	0	28	749	0	1	1
6948	1	1	1	0	28	749	0	1	0
6948	2	1	1	0	28	749	0	1	1
6949	1	1	1	0	28	749	0	1	0
6949	2	1	1	0	28	749	0	1	1
6950	1	1	1	0	28	749	0	1	0
6950	2	1	1	0	28	749	0	1	1
6951	1	1	1	0	28	749	0	1	0
6951	2	1	1	0	28	749	0	1	1
6952	1	1	1	0	28	749	0	1	0
6952	2	1	1	0	28	749	0	1	1
6954	1	1	1	0	28	749	0	1	0
6954	2	1	1	0	28	749	0	1	1
6955	1	1	1	0	28	749	0	1	0
6955	2	1	1	0	28	749	0	1	1
6956	1	1	1	0	28	749	0	1	0
6956	2	1	1	0	28	749	0	1	1
6957	1	1	1	0	28	749	0	1	0
6957	2	1	1	0	28	749	0	1	1
6958	1	1	1	0	28	749	0	1	0
6958	2	1	1	0	28	749	0	1	1
6959	1	1	1	0	28	749	0	1	0
6959	2	1	1	0	28	749	0	1	1
6960	1	1	1	0	28	749	0	1	0
6960	2	1	1	0	28	749	0	1	1
6961	1	1	1	0	28	749	0	1	0
6961	2	1	1	0	28	749	0	1	1
6963	1	1	1	0	28	749	0	1	0
6963	2	1	1	0	28	749	0	1	1
6964	1	1	1	0	28	749	0	1	0
6964	2	1	1	0	28	749	0	1	1
6965	1	1	1	0	28	749	0	1	0
6965	2	1	1	0	28	749	0	1	1
6966	1	1	1	0	28	749	0	1	0
6966	2	1	1	0	28	749	0	1	1
6967	1	1	1	0	28	749	0	1	0
6967	2	1	1	0	28	749	0	1	1
6968	1	1	1	0	28	749	0	1	0
6968	2	1	1	0	28	749	0	1	1
6969	1	1	1	0	28	749	0	1	0
6969	2	1	1	0	28	749	0	1	1
6970	1	1	1	0	28	749	0	1	0
6970	2	1	1	0	28	749	0	1	1
6971	1	1	1	0	28	749	0	1	0
6971	2	1	1	0	28	749	0	1	1
6973	1	1	1	0	28	749	0	1	0
6973	2	1	1	0	28	749	0	1	1
6974	1	1	1	0	28	749	0	1	0
6974	2	1	1	0	28	749	0	1	1
6975	1	1	1	0	28	749	0	1	0
6975	2	1	1	0	28	749	0	1	1
6976	1	1	1	0	28	749	0	1	0
6976	2	1	1	0	28	749	0	1	1
6977	1	1	1	0	28	749	0	1	0
6977	2	1	1	0	28	749	0	1	1
6978	1	1	1	0	28	749	0	1	0
6978	2	1	1	0	28	749	0	1	1
6979	1	1	1	0	28	749	0	1	0
6979	2	1	1	0	28	749	0	1	1
6980	1	1	1	0	28	749	0	1	0
6980	2	1	1	0	28	749	0	1	1
6982	1	1	1	0	28	749	0	1	0
6982	2	1	1	0	28	749	0	1	1
6983	1	1	1	0	28	749	0	1	0
6983	2	1	1	0	28	749	0	1	1
6984	1	1	1	0	28	749	0	1	0
6984	2	1	1	0	28	749	0	1	1
6985	1	1	1	0	28	749	0	1	0
6985	2	1	1	0	28	749	0	1	1
6986	1	1	1	0	28	749	0	1	0
6986	2	1	1	0	28	749	0	1	1
6987	1	1	1	0	28	749	0	1	0
6987	2	1	1	0	28	749	0	1	1
6988	1	1	1	0	28	749	0	1	0
6988	2	1	1	0	28	749	0	1	1
6989	1	1	1	0	28	749	0	1	0
6989	2	1	1	0	28	749	0	1	1
6991	1	1	1	0	28	749	0	1	0
6991	2	1	1	0	28	749	0	1	1
6992	1	1	1	0	28	749	0	1	0
6992	2	1	1	0	28	749	0	1	1
6993	1	1	1	0	28	749	0	1	0
6993	2	1	1	0	28	749	0	1	1
6994	1	1	1	0	28	749	0	1	0
6994	2	1	1	0	28	749	0	1	1
6995	1	1	1	0	28	749	0	1	0
6995	2	1	1	0	28	749	0	1	1
6996	1	1	1	0	28	749	0	1	0
6996	2	1	1	0	28	749	0	1	1
6997	1	1	1	0	28	749	0	1	0
6997	2	1	1	0	28	749	0	1	1
6998	1	1	1	0	28	749	0	1	0
6998	2	1	1	0	28	749	0	1	1
6999	1	1	1	0	28	749	0	1	0
6999	2	1	1	0	28	749	0	1	1
7001	1	1	1	0	28	749	0	1	0
7001	2	1	1	0	28	749	0	1	1
7002	1	1	1	0	28	749	0	1	0
7002	2	1	1	0	28	749	0	1	1
7003	1	1	1	0	28	749	0	1	0
7003	2	1	1	0	28	749	0	1	1
7004	1	1	1	0	28	749	0	1	0
7004	2	1	1	0	28	749	0	1	1
7005	1	1	1	0	28	749	0	1	0
7005	2	1	1	0	28	749	0	1	1
7006	1	1	1	0	28	749	0	1	0
7006	2	1	1	0	28	749	0	1	1
7007	1	1	1	0	28	749	0	1	0
7007	2	1	1	0	28	749	0	1	1
7008	1	1	1	0	28	749	1	0	0
7008	2	1	1	0	28	749	1	0	1
7009	1	1	1	0	28	749	1	0	0
7009	2	1	1	0	28	749	1	0	1
7010	1	1	1	0	18	967	0	1	0
7010	2	1	1	0	18	967	0	1	1
7011	1	1	1	0	18	967	0	1	0
7011	2	1	1	0	18	967	0	1	1
7012	1	1	1	0	20	903	0	1	0
7012	2	1	1	0	20	903	0	1	1
7013	1	1	1	0	20	693	0	1	0
7013	2	1	1	0	20	693	0	1	1
7014	1	1	1	0	22	807	0	1	0
7014	2	1	1	0	22	807	0	1	1
7015	1	1	1	0	22	693	0	1	0
7015	2	1	1	0	22	693	0	1	1
7016	1	1	1	0	22	693	0	1	0
7016	2	1	1	0	22	693	0	1	1
7017	1	1	1	0	22	807	0	1	0
7017	2	1	1	0	22	807	0	1	1
7019	1	1	1	0	24	669	0	1	0
7019	2	1	1	0	24	669	0	1	1
7020	1	1	1	0	24	807	0	1	0
7020	2	1	1	0	24	807	0	1	1
7021	1	1	1	0	24	669	0	1	0
7021	2	1	1	0	24	669	0	1	1
7022	1	1	1	0	26	749	0	1	0
7022	2	1	1	0	26	749	0	1	1
7023	1	1	1	0	26	749	0	1	0
7023	2	1	1	0	26	749	0	1	1
7024	1	1	1	0	26	749	0	1	0
7024	2	1	1	0	26	749	0	1	1
7025	1	1	1	0	26	749	0	1	0
7025	2	1	1	0	26	749	0	1	1
7026	1	1	1	0	28	749	0	1	0
7026	2	1	1	0	28	749	0	1	1
7027	1	1	1	0	28	749	0	1	0
7027	2	1	1	0	28	749	0	1	1
7029	1	1	1	0	28	749	0	1	0
7029	2	1	1	0	28	749	0	1	1
7030	1	1	1	0	28	749	0	1	0
7030	2	1	1	0	28	749	0	1	1
7031	1	1	1	0	28	749	0	1	0
7031	2	1	1	0	28	749	0	1	1
7032	1	1	1	0	28	749	0	1	0
7032	2	1	1	0	28	749	0	1	1
7033	1	1	1	0	28	749	0	1	0
7033	2	1	1	0	28	749	0	1	1
7034	1	1	1	0	28	749	0	1	0
7034	2	1	1	0	28	749	0	1	1
7035	1	1	1	0	28	749	0	1	0
7035	2	1	1	0	28	749	0	1	1
7036	1	1	1	0	28	749	0	1	0
7036	2	1	1	0	28	749	0	1	1
7038	1	1	1	0	28	749	0	1	0
7038	2	1	1	0	28	749	0	1	1
7039	1	1	1	0	28	749	0	1	0
7039	2	1	1	0	28	749	0	1	1
7040	1	1	1	0	28	749	0	1	0
7040	2	1	1	0	28	749	0	1	1
7041	1	1	1	0	28	749	0	1	0
7041	2	1	1	0	28	749	0	1	1
7042	1	1	1	0	28	749	0	1	0
7042	2	1	1	0	28	749	0	1	1
7043	1	1	1	0	28	749	0	1	0
7043	2	1	1	0	28	749	0	1	1
7044	1	1	1	0	28	749	0	1	0
7044	2	1	1	0	28	749	0	1	1
7045	1	1	1	0	28	749	0	1	0
7045	2	1	1	0	28	749	0	1	1
7047	1	1	1	0	28	749	0	1	0
7047	2	1	1	0	28	749	0	1	1
7048	1	1	1	0	28	749	0	1	0
7048	2	1	1	0	28	749	0	1	1
7049	1	1	1	0	28	749	0	1	0
7049	2	1	1	0	28	749	0	1	1
7050	1	1	1	0	28	749	0	1	0
7050	2	1	1	0	28	749	0	1	1
7051	1	1	1	0	28	749	0	1	0
7051	2	1	1	0	28	749	0	1	1
7052	1	1	1	0	28	749	0	1	0
7052	2	1	1	0	28	749	0	1	1
7053	1	1	1	0	28	749	0	1	0
7053	2	1	1	0	28	749	0	1	1
7054	1	1	1	0	28	749	0	1	0
7054	2	1	1	0	28	749	0	1	1
7055	1	1	1	0	28	749	0	1	0
7055	2	1	1	0	28	749	0	1	1
7057	1	1	1	0	28	749	0	1	0
7057	2	1	1	0	28	749	0	1	1
7058	1	1	1	0	28	749	0	1	0
7058	2	1	1	0	28	749	0	1	1
7059	1	1	1	0	28	749	0	1	0
7059	2	1	1	0	28	749	0	1	1
7060	1	1	1	0	28	749	0	1	0
7060	2	1	1	0	28	749	0	1	1
7061	1	1	1	0	28	749	0	1	0
7061	2	1	1	0	28	749	0	1	1
7062	1	1	1	0	28	749	0	1	0
7062	2	1	1	0	28	749	0	1	1
7063	1	1	1	0	28	749	0	1	0
7063	2	1	1	0	28	749	0	1	1
7064	1	1	1	0	28	749	0	1	0
7064	2	1	1	0	28	749	0	1	1
7066	1	1	1	0	28	749	0	1	0
7066	2	1	1	0	28	749	0	1	1
7067	1	1	1	0	28	749	0	1	0
7067	2	1	1	0	28	749	0	1	1
7068	1	1	1	0	28	749	0	1	0
7068	2	1	1	0	28	749	0	1	1
7069	1	1	1	0	28	749	0	1	0
7069	2	1	1	0	28	749	0	1	1
7070	1	1	1	0	28	749	0	1	0
7070	2	1	1	0	28	749	0	1	1
7071	1	1	1	0	28	749	0	1	0
7071	2	1	1	0	28	749	0	1	1
7072	1	1	1	0	28	749	0	1	0
7072	2	1	1	0	28	749	0	1	1
7073	1	1	1	0	28	749	0	1	0
7073	2	1	1	0	28	749	0	1	1
7075	1	1	1	0	28	749	0	1	0
7075	2	1	1	0	28	749	0	1	1
7076	1	1	1	0	28	749	0	1	0
7076	2	1	1	0	28	749	0	1	1
7077	1	1	1	0	28	749	0	1	0
7077	2	1	1	0	28	749	0	1	1
7078	1	1	1	0	28	749	0	1	0
7078	2	1	1	0	28	749	0	1	1
7079	1	1	1	0	28	749	0	1	0
7079	2	1	1	0	28	749	0	1	1
7080	1	1	1	0	28	749	0	1	0
7080	2	1	1	0	28	749	0	1	1
7081	1	1	1	0	28	749	0	1	0
7081	2	1	1	0	28	749	0	1	1
7082	1	1	1	0	28	749	0	1	0
7082	2	1	1	0	28	749	0	1	1
7083	1	1	1	0	28	749	0	1	0
7083	2	1	1	0	28	749	0	1	1
7085	1	1	1	0	28	749	0	1	0
7085	2	1	1	0	28	749	0	1	1
7086	1	1	1	0	28	749	0	1	0
7086	2	1	1	0	28	749	0	1	1
7087	1	1	1	0	28	749	0	1	0
7087	2	1	1	0	28	749	0	1	1
7088	1	1	1	0	28	749	0	1	0
7088	2	1	1	0	28	749	0	1	1
7089	1	1	1	0	28	749	0	1	0
7089	2	1	1	0	28	749	0	1	1
7090	1	1	1	0	28	749	0	1	0
7090	2	1	1	0	28	749	0	1	1
7091	1	1	1	0	28	749	0	1	0
7091	2	1	1	0	28	749	0	1	1
7092	1	1	1	0	28	749	0	1	0
7092	2	1	1	0	28	749	0	1	1
7094	1	1	1	0	28	749	0	1	0
7094	2	1	1	0	28	749	0	1	1
7095	1	1	1	0	28	749	0	1	0
7095	2	1	1	0	28	749	0	1	1
7096	1	1	1	0	28	749	0	1	0
7096	2	1	1	0	28	749	0	1	1
7097	1	1	1	0	28	749	0	1	0
7097	2	1	1	0	28	749	0	1	1
7098	1	1	1	0	28	749	0	1	0
7098	2	1	1	0	28	749	0	1	1
7099	1	1	1	0	28	749	0	1	0
7099	2	1	1	0	28	749	0	1	1
7100	1	1	1	0	28	749	0	1	0
7100	2	1	1	0	28	749	0	1	1
7101	1	1	1	0	28	749	0	1	0
7101	2	1	1	0	28	749	0	1	1
7103	1	1	1	0	28	749	0	1	0
7103	2	1	1	0	28	749	0	1	1
7104	1	1	1	0	28	749	0	1	0
7104	2	1	1	0	28	749	0	1	1
7105	1	1	1	0	28	749	0	1	0
7105	2	1	1	0	28	749	0	1	1
7106	1	1	1	0	28	749	0	1	0
7106	2	1	1	0	28	749	0	1	1
7107	1	1	1	0	28	749	0	1	0
7107	2	1	1	0	28	749	0	1	1
7108	1	1	1	0	28	749	0	1	0
7108	2	1	1	0	28	749	0	1	1
7109	1	1	1	0	28	749	0	1	0
7109	2	1	1	0	28	749	0	1	1
7110	1	1	1	0	28	749	0	1	0
7110	2	1	1	0	28	749	0	1	1
7111	1	1	1	0	28	749	0	1	0
7111	2	1	1	0	28	749	0	1	1
7113	1	1	1	0	28	749	0	1	0
7113	2	1	1	0	28	749	0	1	1
7114	1	1	1	0	28	749	0	1	0
7114	2	1	1	0	28	749	0	1	1
7115	1	1	1	0	28	749	0	1	0
7115	2	1	1	0	28	749	0	1	1
7116	1	1	1	0	28	749	0	1	0
7116	2	1	1	0	28	749	0	1	1
7117	1	1	1	0	28	749	0	1	0
7117	2	1	1	0	28	749	0	1	1
7118	1	1	1	0	28	749	0	1	0
7118	2	1	1	0	28	749	0	1	1
7119	1	1	1	0	28	749	0	1	0
7119	2	1	1	0	28	749	0	1	1
7120	1	1	1	0	28	749	0	1	0
7120	2	1	1	0	28	749	0	1	1
7122	1	1	1	0	28	749	0	1	0
7122	2	1	1	0	28	749	0	1	1
7123	1	1	1	0	28	749	0	1	0
7123	2	1	1	0	28	749	0	1	1
7124	1	1	1	0	28	749	0	1	0
7124	2	1	1	0	28	749	0	1	1
7125	1	1	1	0	28	749	0	1	0
7125	2	1	1	0	28	749	0	1	1
7126	1	1	1	0	28	749	0	1	0
7126	2	1	1	0	28	749	0	1	1
7127	1	1	1	0	28	749	0	1	0
7127	2	1	1	0	28	749	0	1	1
7128	1	1	1	0	28	749	0	1	0
7128	2	1	1	0	28	749	0	1	1
7129	1	1	1	0	28	749	0	1	0
7129	2	1	1	0	28	749	0	1	1
7131	1	1	1	0	28	749	0	1	0
7131	2	1	1	0	28	749	0	1	1
7132	1	1	1	0	28	749	0	1	0
7132	2	1	1	0	28	749	0	1	1
7133	1	1	1	0	28	749	0	1	0
7133	2	1	1	0	28	749	0	1	1
7134	1	1	1	0	28	749	0	1	0
7134	2	1	1	0	28	749	0	1	1
7135	1	1	1	0	28	749	0	1	0
7135	2	1	1	0	28	749	0	1	1
7136	1	1	1	0	28	749	0	1	0
7136	2	1	1	0	28	749	0	1	1
7137	1	1	1	0	28	749	0	1	0
7137	2	1	1	0	28	749	0	1	1
7138	1	1	1	0	28	749	0	1	0
7138	2	1	1	0	28	749	0	1	1
7139	1	1	1	0	28	749	0	1	0
7139	2	1	1	0	28	749	0	1	1
7141	1	1	1	0	28	749	0	1	0
7141	2	1	1	0	28	749	0	1	1
7142	1	1	1	0	28	749	0	1	0
7142	2	1	1	0	28	749	0	1	1
7143	1	1	1	0	28	749	0	1	0
7143	2	1	1	0	28	749	0	1	1
7144	1	1	1	0	28	749	0	1	0
7144	2	1	1	0	28	749	0	1	1
7145	1	1	1	0	28	749	0	1	0
7145	2	1	1	0	28	749	0	1	1
7146	1	1	1	0	28	749	0	1	0
7146	2	1	1	0	28	749	0	1	1
7147	1	1	1	0	28	749	0	1	0
7147	2	1	1	0	28	749	0	1	1
7148	1	1	1	0	28	749	0	1	0
7148	2	1	1	0	28	749	0	1	1
7150	1	1	1	0	28	749	0	1	0
7150	2	1	1	0	28	749	0	1	1
7151	1	1	1	0	28	749	0	1	0
7151	2	1	1	0	28	749	0	1	1
7152	1	1	1	0	28	749	0	1	0
7152	2	1	1	0	28	749	0	1	1
7153	1	1	1	0	28	749	0	1	0
7153	2	1	1	0	28	749	0	1	1
7154	1	1	1	0	28	749	0	1	0
7154	2	1	1	0	28	749	0	1	1
7155	1	1	1	0	28	749	0	1	0
7155	2	1	1	0	28	749	0	1	1
7156	1	1	1	0	28	749	0	1	0
7156	2	1	1	0	28	749	0	1	1
7157	1	1	1	0	28	749	0	1	0
7157	2	1	1	0	28	749	0	1	1
7159	1	1	1	0	26	749	0	1	0
7159	2	1	1	0	26	749	0	1	1
7160	1	1	1	0	24	669	0	1	0
7160	2	1	1	0	24	669	0	1	1
7161	1	1	1	0	24	807	0	1	0
7161	2	1	1	0	24	807	0	1	1
7162	1	1	1	0	24	669	0	1	0
7162	2	1	1	0	24	669	0	1	1
7163	1	1	1	0	24	807	0	1	0
7163	2	1	1	0	24	807	0	1	1
7164	1	1	1	0	22	693	0	1	0
7164	2	1	1	0	22	693	0	1	1
7165	1	1	1	0	22	693	0	1	0
7165	2	1	1	0	22	693	0	1	1
7166	1	1	1	0	22	807	0	1	0
7166	2	1	1	0	22	807	0	1	1
7167	1	1	1	0	22	693	0	1	0
7167	2	1	1	0	22	693	0	1	1
7168	1	1	1	0	24	133	0	1	0
7168	2	1	1	0	24	133	0	1	1
7169	1	1	1	0	20	693	0	1	0
7169	2	1	1	0	20	693	0	1	1
7170	1	1	1	0	18	749	0	1	0
7170	2	1	1	0	18	749	0	1	1
7171	1	1	1	0	18	749	0	1	0
7171	2	1	1	0	18	749	0	1	1
7172	1	1	1	0	18	749	0	1	0
7172	2	1	1	0	18	749	0	1	1
7173	1	1	1	0	18	749	0	1	0
7173	2	1	1	0	18	749	0	1	1
7174	1	1	1	0	16	693	0	1	0
7174	2	1	1	0	16	693	0	1	1
7175	1	1	1	0	16	693	0	1	0
7175	2	1	1	0	16	693	0	1	1
7176	1	1	1	0	16	775	0	1	0
7176	2	1	1	0	16	775	0	1	1
7178	1	1	1	0	18	749	0	1	0
7178	2	1	1	0	18	749	0	1	1
7179	1	1	1	0	18	749	0	1	0
7179	2	1	1	0	18	749	0	1	1
7180	1	1	1	0	18	749	0	1	0
7180	2	1	1	0	18	749	0	1	1
7181	1	1	1	0	18	749	0	1	0
7181	2	1	1	0	18	749	0	1	1
7182	1	1	1	0	18	749	0	1	0
7182	2	1	1	0	18	749	0	1	1
7183	1	1	1	0	18	749	0	1	0
7183	2	1	1	0	18	749	0	1	1
7184	1	1	1	0	18	749	0	1	0
7184	2	1	1	0	18	749	0	1	1
7185	1	1	1	0	18	749	0	1	0
7185	2	1	1	0	18	749	0	1	1
7187	1	1	1	0	18	749	0	1	0
7187	2	1	1	0	18	749	0	1	1
7188	1	1	1	0	18	749	0	1	0
7188	2	1	1	0	18	749	0	1	1
7189	1	1	1	0	18	749	0	1	0
7189	2	1	1	0	18	749	0	1	1
7190	1	1	1	0	16	693	0	1	0
7190	2	1	1	0	16	693	0	1	1
7191	1	1	1	0	16	693	0	1	0
7191	2	1	1	0	16	693	0	1	1
7192	1	1	1	0	28	749	0	1	0
7192	2	1	1	0	28	749	0	1	1
7193	1	1	1	0	28	749	0	1	0
7193	2	1	1	0	28	749	0	1	1
7194	1	1	1	0	28	749	0	1	0
7194	2	1	1	0	28	749	0	1	1
7195	1	1	1	0	28	749	0	1	0
7195	2	1	1	0	28	749	0	1	1
7197	1	1	1	0	28	749	0	1	0
7197	2	1	1	0	28	749	0	1	1
7198	1	1	1	0	28	749	0	1	0
7198	2	1	1	0	28	749	0	1	1
7199	1	1	1	0	28	749	0	1	0
7199	2	1	1	0	28	749	0	1	1
7200	1	1	1	0	28	749	0	1	0
7200	2	1	1	0	28	749	0	1	1
7201	1	1	1	0	28	749	0	1	0
7201	2	1	1	0	28	749	0	1	1
7202	1	1	1	0	28	749	0	1	0
7202	2	1	1	0	28	749	0	1	1
7203	1	1	1	0	28	749	0	1	0
7203	2	1	1	0	28	749	0	1	1
7204	1	1	1	0	28	749	0	1	0
7204	2	1	1	0	28	749	0	1	1
7206	1	1	1	0	28	749	0	1	0
7206	2	1	1	0	28	749	0	1	1
7207	1	1	1	0	28	749	0	1	0
7207	2	1	1	0	28	749	0	1	1
7208	1	1	1	0	28	749	0	1	0
7208	2	1	1	0	28	749	0	1	1
7209	1	1	1	0	28	749	0	1	0
7209	2	1	1	0	28	749	0	1	1
7210	1	1	1	0	28	749	0	1	0
7210	2	1	1	0	28	749	0	1	1
7211	1	1	1	0	28	749	0	1	0
7211	2	1	1	0	28	749	0	1	1
7212	1	1	1	0	28	749	0	1	0
7212	2	1	1	0	28	749	0	1	1
7213	1	1	1	0	28	749	0	1	0
7213	2	1	1	0	28	749	0	1	1
7215	1	1	1	0	28	749	0	1	0
7215	2	1	1	0	28	749	0	1	1
7216	1	1	1	0	28	749	0	1	0
7216	2	1	1	0	28	749	0	1	1
7217	1	1	1	0	28	749	0	1	0
7217	2	1	1	0	28	749	0	1	1
7218	1	1	1	0	28	749	0	1	0
7218	2	1	1	0	28	749	0	1	1
7219	1	1	1	0	28	749	0	1	0
7219	2	1	1	0	28	749	0	1	1
7220	1	1	1	0	28	749	0	1	0
7220	2	1	1	0	28	749	0	1	1
7221	1	1	1	0	28	749	0	1	0
7221	2	1	1	0	28	749	0	1	1
7222	1	1	1	0	28	749	0	1	0
7222	2	1	1	0	28	749	0	1	1
7223	1	1	1	0	28	749	0	1	0
7223	2	1	1	0	28	749	0	1	1
7225	1	1	1	0	28	749	0	1	0
7225	2	1	1	0	28	749	0	1	1
7226	1	1	1	0	28	749	0	1	0
7226	2	1	1	0	28	749	0	1	1
7227	1	1	1	0	28	749	0	1	0
7227	2	1	1	0	28	749	0	1	1
7228	1	1	1	0	28	749	0	1	0
7228	2	1	1	0	28	749	0	1	1
7229	1	1	1	0	28	749	0	1	0
7229	2	1	1	0	28	749	0	1	1
7230	1	1	1	0	28	749	0	1	0
7230	2	1	1	0	28	749	0	1	1
7231	1	1	1	0	28	749	0	1	0
7231	2	1	1	0	28	749	0	1	1
7232	1	1	1	0	28	749	0	1	0
7232	2	1	1	0	28	749	0	1	1
7234	1	1	1	0	28	749	0	1	0
7234	2	1	1	0	28	749	0	1	1
7235	1	1	1	0	28	749	0	1	0
7235	2	1	1	0	28	749	0	1	1
7236	1	1	1	0	28	749	0	1	0
7236	2	1	1	0	28	749	0	1	1
7237	1	1	1	0	28	749	0	1	0
7237	2	1	1	0	28	749	0	1	1
7238	1	1	1	0	28	749	0	1	0
7238	2	1	1	0	28	749	0	1	1
7239	1	1	1	0	28	749	0	1	0
7239	2	1	1	0	28	749	0	1	1
7240	1	1	1	0	28	749	0	1	0
7240	2	1	1	0	28	749	0	1	1
7241	1	1	1	0	28	749	0	1	0
7241	2	1	1	0	28	749	0	1	1
7243	1	1	1	0	28	749	0	1	0
7243	2	1	1	0	28	749	0	1	1
7244	1	1	1	0	28	749	0	1	0
7244	2	1	1	0	28	749	0	1	1
7245	1	1	1	0	28	749	0	1	0
7245	2	1	1	0	28	749	0	1	1
7246	1	1	1	0	28	749	0	1	0
7246	2	1	1	0	28	749	0	1	1
7247	1	1	1	0	28	749	0	1	0
7247	2	1	1	0	28	749	0	1	1
7248	1	1	1	0	28	749	0	1	0
7248	2	1	1	0	28	749	0	1	1
7249	1	1	1	0	28	749	0	1	0
7249	2	1	1	0	28	749	0	1	1
7250	1	1	1	0	28	749	0	1	0
7250	2	1	1	0	28	749	0	1	1
7251	1	1	1	0	28	749	0	1	0
7251	2	1	1	0	28	749	0	1	1
7253	1	1	1	0	28	749	0	1	0
7253	2	1	1	0	28	749	0	1	1
7254	1	1	1	0	26	749	0	1	0
7254	2	1	1	0	26	749	0	1	1
7255	1	1	1	0	26	749	0	1	0
7255	2	1	1	0	26	749	0	1	1
7256	1	1	1	0	26	749	0	1	0
7256	2	1	1	0	26	749	0	1	1
7257	1	1	1	0	26	749	0	1	0
7257	2	1	1	0	26	749	0	1	1
7258	1	1	1	0	24	669	0	1	0
7258	2	1	1	0	24	669	0	1	1
7259	1	1	1	0	24	807	0	1	0
7259	2	1	1	0	24	807	0	1	1
7260	1	1	1	0	22	693	0	1	0
7260	2	1	1	0	22	693	0	1	1
7261	1	1	1	0	22	113	0	1	0
7261	2	1	1	0	22	113	0	1	1
7262	1	1	1	0	20	693	0	1	0
7262	2	1	1	0	20	693	0	1	1
7263	1	1	1	0	20	693	0	1	0
7263	2	1	1	0	20	693	0	1	1
7264	1	1	1	0	16	775	0	1	0
7264	2	1	1	0	16	775	0	1	1
7265	1	1	1	0	16	693	0	1	0
7265	2	1	1	0	16	693	0	1	1
7266	1	1	1	0	12	597	0	1	0
7266	2	1	1	0	12	597	0	1	1
7267	1	1	1	0	12	597	0	1	0
7267	2	1	1	0	12	597	0	1	1
7268	1	1	1	0	22	113	1	0	0
7268	2	1	1	0	12	597	0	1	1
7269	1	1	1	0	12	597	0	1	0
7269	2	1	1	0	12	597	0	1	1
7270	1	1	1	0	12	597	0	1	0
7270	2	1	1	0	12	597	0	1	1
7271	1	1	1	0	12	597	0	1	0
7271	2	1	1	0	12	597	0	1	1
7272	1	1	1	0	16	903	0	1	0
7272	2	1	1	0	16	903	0	1	1
7273	1	1	1	0	16	839	0	1	0
7273	2	1	1	0	16	839	0	1	1
7274	1	1	1	0	20	693	0	1	0
7274	2	1	1	0	20	693	0	1	1
7275	1	1	1	0	20	775	0	1	0
7275	2	1	1	0	20	775	0	1	1
7276	1	1	1	0	20	693	0	1	0
7276	2	1	1	0	20	693	0	1	1
7277	1	1	1	0	20	693	0	1	0
7277	2	1	1	0	20	693	0	1	1
7278	1	1	1	0	22	807	0	1	0
7278	2	1	1	0	22	807	0	1	1
7279	1	1	1	0	22	693	0	1	0
7279	2	1	1	0	22	693	0	1	1
7280	1	1	1	0	26	149	0	1	0
7280	2	1	1	0	26	149	0	1	1
7281	1	1	1	0	24	669	0	1	0
7281	2	1	1	0	24	669	0	1	1
7282	1	1	1	0	24	807	0	1	0
7282	2	1	1	0	24	807	0	1	1
7283	1	1	1	0	24	669	0	1	0
7283	2	1	1	0	24	669	0	1	1
7284	1	1	1	0	26	749	0	1	0
7284	2	1	1	0	26	749	0	1	1
7285	1	1	1	0	26	749	0	1	0
7285	2	1	1	0	26	749	0	1	1
7286	1	1	1	0	28	749	0	1	0
7286	2	1	1	0	28	749	0	1	1
7287	1	1	1	0	28	749	0	1	0
7287	2	1	1	0	28	749	0	1	1
7288	1	1	1	0	28	749	0	1	0
7288	2	1	1	0	28	749	0	1	1
7290	1	1	1	0	28	749	0	1	0
7290	2	1	1	0	28	749	0	1	1
7291	1	1	1	0	28	749	0	1	0
7291	2	1	1	0	28	749	0	1	1
7292	1	1	1	0	28	749	0	1	0
7292	2	1	1	0	28	749	0	1	1
7293	1	1	1	0	28	749	0	1	0
7293	2	1	1	0	28	749	0	1	1
7294	1	1	1	0	28	749	0	1	0
7294	2	1	1	0	28	749	0	1	1
7295	1	1	1	0	28	749	0	1	0
7295	2	1	1	0	28	749	0	1	1
7296	1	1	1	0	28	749	0	1	0
7296	2	1	1	0	28	749	0	1	1
7297	1	1	1	0	28	749	0	1	0
7297	2	1	1	0	28	749	0	1	1
7299	1	1	1	0	28	1479	0	1	0
7299	2	1	1	0	28	1479	0	1	1
7300	1	1	1	0	28	749	0	1	0
7300	2	1	1	0	28	749	0	1	1
7301	1	1	1	0	28	749	0	1	0
7301	2	1	1	0	28	749	0	1	1
7302	1	1	1	0	28	749	0	1	0
7302	2	1	1	0	28	749	0	1	1
7303	1	1	1	0	28	749	0	1	0
7303	2	1	1	0	28	749	0	1	1
7304	1	1	1	0	28	749	0	1	0
7304	2	1	1	0	28	749	0	1	1
7305	1	1	1	0	28	749	0	1	0
7305	2	1	1	0	28	749	0	1	1
7306	1	1	1	0	28	749	0	1	0
7306	2	1	1	0	28	749	0	1	1
7307	1	1	1	0	28	749	0	1	0
7307	2	1	1	0	28	749	0	1	1
7309	1	1	1	0	28	749	0	1	0
7309	2	1	1	0	28	749	0	1	1
7310	1	1	1	0	28	749	0	1	0
7310	2	1	1	0	28	749	0	1	1
7311	1	1	1	0	28	749	0	1	0
7311	2	1	1	0	28	749	0	1	1
7312	1	1	1	0	28	749	0	1	0
7312	2	1	1	0	28	749	0	1	1
7313	1	1	1	0	28	749	0	1	0
7313	2	1	1	0	28	749	0	1	1
7314	1	1	1	0	28	1479	0	1	0
7314	2	1	1	0	28	1479	0	1	1
7315	1	1	1	0	28	749	0	1	0
7315	2	1	1	0	28	749	0	1	1
7316	1	1	1	0	28	749	0	1	0
7316	2	1	1	0	28	749	0	1	1
7318	1	1	1	0	28	749	0	1	0
7318	2	1	1	0	28	749	0	1	1
7319	1	1	1	0	28	749	0	1	0
7319	2	1	1	0	28	749	0	1	1
7320	1	1	1	0	28	749	0	1	0
7320	2	1	1	0	28	749	0	1	1
7321	1	1	1	0	28	749	0	1	0
7321	2	1	1	0	28	749	0	1	1
7322	1	1	1	0	28	749	0	1	0
7322	2	1	1	0	28	749	0	1	1
7323	1	1	1	0	28	749	0	1	0
7323	2	1	1	0	28	749	0	1	1
7324	1	1	1	0	28	749	0	1	0
7324	2	1	1	0	28	749	0	1	1
7325	1	1	1	0	28	749	0	1	0
7325	2	1	1	0	28	749	0	1	1
7327	1	1	1	0	28	749	0	1	0
7327	2	1	1	0	28	749	0	1	1
7328	1	1	1	0	28	749	0	1	0
7328	2	1	1	0	28	749	0	1	1
7329	1	1	1	0	28	749	0	1	0
7329	2	1	1	0	28	749	0	1	1
7330	1	1	1	0	28	749	0	1	0
7330	2	1	1	0	28	749	0	1	1
7331	1	1	1	0	28	749	0	1	0
7331	2	1	1	0	28	749	0	1	1
7332	1	1	1	0	28	749	0	1	0
7332	2	1	1	0	28	749	0	1	1
7333	1	1	1	0	28	749	0	1	0
7333	2	1	1	0	28	749	0	1	1
7334	1	1	1	0	28	749	0	1	0
7334	2	1	1	0	28	749	0	1	1
7335	1	1	1	0	28	749	0	1	0
7335	2	1	1	0	28	749	0	1	1
7337	1	1	1	0	28	749	0	1	0
7337	2	1	1	0	28	749	0	1	1
7338	1	1	1	0	28	749	0	1	0
7338	2	1	1	0	28	749	0	1	1
7339	1	1	1	0	28	749	0	1	0
7339	2	1	1	0	28	749	0	1	1
7340	1	1	1	0	28	749	0	1	0
7340	2	1	1	0	28	749	0	1	1
7341	1	1	1	0	28	749	0	1	0
7341	2	1	1	0	28	749	0	1	1
7342	1	1	1	0	28	749	0	1	0
7342	2	1	1	0	28	749	0	1	1
7343	1	1	1	0	28	749	0	1	0
7343	2	1	1	0	28	749	0	1	1
7344	1	1	1	0	28	749	0	1	0
7344	2	1	1	0	28	749	0	1	1
7346	1	1	1	0	28	749	0	1	0
7346	2	1	1	0	28	749	0	1	1
7347	1	1	1	0	28	749	0	1	0
7347	2	1	1	0	28	749	0	1	1
7348	1	1	1	0	28	749	0	1	0
7348	2	1	1	0	28	749	0	1	1
7349	1	1	1	0	28	749	0	1	0
7349	2	1	1	0	28	749	0	1	1
7350	1	1	1	0	28	749	0	1	0
7350	2	1	1	0	28	749	0	1	1
7351	1	1	1	0	28	749	0	1	0
7351	2	1	1	0	28	749	0	1	1
7352	1	1	1	0	28	749	0	1	0
7352	2	1	1	0	28	749	0	1	1
7353	1	1	1	0	28	749	0	1	0
7353	2	1	1	0	28	749	0	1	1
7355	1	1	1	0	28	749	0	1	0
7355	2	1	1	0	28	749	0	1	1
7356	1	1	1	0	28	749	0	1	0
7356	2	1	1	0	28	749	0	1	1
7357	1	1	1	0	28	749	0	1	0
7357	2	1	1	0	28	749	0	1	1
7358	1	1	1	0	28	749	0	1	0
7358	2	1	1	0	28	749	0	1	1
7359	1	1	1	0	28	749	0	1	0
7359	2	1	1	0	28	749	0	1	1
7360	1	1	1	0	28	749	0	1	0
7360	2	1	1	0	28	749	0	1	1
7361	1	1	1	0	28	749	0	1	0
7361	2	1	1	0	28	749	0	1	1
7362	1	1	1	0	28	749	0	1	0
7362	2	1	1	0	28	749	0	1	1
7363	1	1	1	0	28	749	0	1	0
7363	2	1	1	0	28	749	0	1	1
7365	1	1	1	0	28	749	0	1	0
7365	2	1	1	0	28	749	0	1	1
7366	1	1	1	0	28	749	0	1	0
7366	2	1	1	0	28	749	0	1	1
7367	1	1	1	0	28	749	0	1	0
7367	2	1	1	0	28	749	0	1	1
7368	1	1	1	0	28	749	0	1	0
7368	2	1	1	0	28	749	0	1	1
7369	1	1	1	0	28	749	0	1	0
7369	2	1	1	0	28	749	0	1	1
7370	1	1	1	0	28	749	0	1	0
7370	2	1	1	0	28	749	0	1	1
7371	1	1	1	0	28	749	0	1	0
7371	2	1	1	0	28	749	0	1	1
7372	1	1	1	0	28	749	0	1	0
7372	2	1	1	0	28	749	0	1	1
7374	1	1	1	0	28	749	0	1	0
7374	2	1	1	0	28	749	0	1	1
7375	1	1	1	0	28	749	0	1	0
7375	2	1	1	0	28	749	0	1	1
7376	1	1	1	0	28	749	0	1	0
7376	2	1	1	0	28	749	0	1	1
7377	1	1	1	0	28	749	0	1	0
7377	2	1	1	0	28	749	0	1	1
7378	1	1	1	0	28	749	0	1	0
7378	2	1	1	0	28	749	0	1	1
7379	1	1	1	0	28	749	0	1	0
7379	2	1	1	0	28	749	0	1	1
7380	1	1	1	0	28	749	0	1	0
7380	2	1	1	0	28	749	0	1	1
7381	1	1	1	0	28	749	0	1	0
7381	2	1	1	0	28	749	0	1	1
7383	1	1	1	0	28	749	0	1	0
7383	2	1	1	0	28	749	0	1	1
7384	1	1	1	0	28	749	0	1	0
7384	2	1	1	0	28	749	0	1	1
7385	1	1	1	0	28	749	0	1	0
7385	2	1	1	0	28	749	0	1	1
7386	1	1	1	0	28	749	0	1	0
7386	2	1	1	0	28	749	0	1	1
7387	1	1	1	0	28	749	0	1	0
7387	2	1	1	0	28	749	0	1	1
7388	1	1	1	0	28	749	0	1	0
7388	2	1	1	0	28	749	0	1	1
7389	1	1	1	0	28	749	0	1	0
7389	2	1	1	0	28	749	0	1	1
7390	1	1	1	0	28	749	0	1	0
7390	2	1	1	0	28	749	0	1	1
7391	1	1	1	0	28	749	0	1	0
7391	2	1	1	0	28	749	0	1	1
7393	1	1	1	0	28	749	0	1	0
7393	2	1	1	0	28	749	0	1	1
7394	1	1	1	0	28	749	0	1	0
7394	2	1	1	0	28	749	0	1	1
7395	1	1	1	0	28	749	0	1	0
7395	2	1	1	0	28	749	0	1	1
7396	1	1	1	0	28	749	0	1	0
7396	2	1	1	0	28	749	0	1	1
7397	1	1	1	0	28	749	0	1	0
7397	2	1	1	0	28	749	0	1	1
7398	1	1	1	0	28	749	0	1	0
7398	2	1	1	0	28	749	0	1	1
7399	1	1	1	0	28	749	0	1	0
7399	2	1	1	0	28	749	0	1	1
7400	1	1	1	0	28	749	0	1	0
7400	2	1	1	0	28	749	0	1	1
7402	1	1	1	0	28	749	0	1	0
7402	2	1	1	0	28	749	0	1	1
7403	1	1	1	0	28	749	0	1	0
7403	2	1	1	0	28	749	0	1	1
7404	1	1	1	0	28	749	0	1	0
7404	2	1	1	0	28	749	0	1	1
7405	1	1	1	0	28	749	0	1	0
7405	2	1	1	0	28	749	0	1	1
7406	1	1	1	0	28	749	0	1	0
7406	2	1	1	0	28	749	0	1	1
7407	1	1	1	0	28	749	0	1	0
7407	2	1	1	0	28	749	0	1	1
7408	1	1	1	0	28	749	0	1	0
7408	2	1	1	0	28	749	0	1	1
7409	1	1	1	0	28	749	0	1	0
7409	2	1	1	0	28	749	0	1	1
7411	1	1	1	0	28	749	0	1	0
7411	2	1	1	0	28	749	0	1	1
7412	1	1	1	0	28	749	0	1	0
7412	2	1	1	0	28	749	0	1	1
7413	1	1	1	0	28	749	0	1	0
7413	2	1	1	0	28	749	0	1	1
7414	1	1	1	0	28	749	0	1	0
7414	2	1	1	0	28	749	0	1	1
7415	1	1	1	0	28	749	0	1	0
7415	2	1	1	0	28	749	0	1	1
7416	1	1	1	0	28	749	0	1	0
7416	2	1	1	0	28	749	0	1	1
7417	1	1	1	0	28	749	0	1	0
7417	2	1	1	0	28	749	0	1	1
7418	1	1	1	0	28	749	0	1	0
7418	2	1	1	0	28	749	0	1	1
7419	1	1	1	0	28	749	0	1	0
7419	2	1	1	0	28	749	0	1	1
7421	1	1	1	0	28	749	0	1	0
7421	2	1	1	0	28	749	0	1	1
7422	1	1	1	0	28	749	0	1	0
7422	2	1	1	0	28	749	0	1	1
7423	1	1	1	0	28	749	0	1	0
7423	2	1	1	0	28	749	0	1	1
7424	1	1	1	0	28	749	0	1	0
7424	2	1	1	0	28	749	0	1	1
7425	1	1	1	0	28	749	0	1	0
7425	2	1	1	0	28	749	0	1	1
7426	1	1	1	0	28	749	0	1	0
7426	2	1	1	0	28	749	0	1	1
7427	1	1	1	0	28	749	0	1	0
7427	2	1	1	0	28	749	0	1	1
7428	1	1	1	0	28	749	0	1	0
7428	2	1	1	0	28	749	0	1	1
7430	1	1	1	0	28	749	0	1	0
7430	2	1	1	0	28	749	0	1	1
7431	1	1	1	0	28	749	0	1	0
7431	2	1	1	0	28	749	0	1	1
7432	1	1	1	0	28	749	0	1	0
7432	2	1	1	0	28	749	0	1	1
7433	1	1	1	0	28	749	0	1	0
7433	2	1	1	0	28	749	0	1	1
7434	1	1	1	0	28	749	0	1	0
7434	2	1	1	0	28	749	0	1	1
7435	1	1	1	0	28	749	0	1	0
7435	2	1	1	0	28	749	0	1	1
7436	1	1	1	0	28	749	0	1	0
7436	2	1	1	0	28	749	0	1	1
7437	1	1	1	0	28	749	0	1	0
7437	2	1	1	0	28	749	0	1	1
7439	1	1	1	0	28	749	0	1	0
7439	2	1	1	0	28	749	0	1	1
7440	1	1	1	0	28	749	0	1	0
7440	2	1	1	0	28	749	0	1	1
7441	1	1	1	0	28	749	0	1	0
7441	2	1	1	0	28	749	0	1	1
7442	1	1	1	0	28	749	0	1	0
7442	2	1	1	0	28	749	0	1	1
7443	1	1	1	0	28	749	0	1	0
7443	2	1	1	0	28	749	0	1	1
7444	1	1	1	0	28	749	0	1	0
7444	2	1	1	0	28	749	0	1	1
7445	1	1	1	0	28	749	0	1	0
7445	2	1	1	0	28	749	0	1	1
7446	1	1	1	0	28	749	0	1	0
7446	2	1	1	0	28	749	0	1	1
7447	1	1	1	0	28	749	0	1	0
7447	2	1	1	0	28	749	0	1	1
7449	1	1	1	0	28	749	0	1	0
7449	2	1	1	0	28	749	0	1	1
7450	1	1	1	0	28	749	0	1	0
7450	2	1	1	0	28	749	0	1	1
7451	1	1	1	0	28	749	0	1	0
7451	2	1	1	0	28	749	0	1	1
7452	1	1	1	0	28	749	0	1	0
7452	2	1	1	0	28	749	0	1	1
7453	1	1	1	0	28	749	0	1	0
7453	2	1	1	0	28	749	0	1	1
7454	1	1	1	0	28	749	0	1	0
7454	2	1	1	0	28	749	0	1	1
7455	1	1	1	0	28	749	0	1	0
7455	2	1	1	0	28	749	0	1	1
7456	1	1	1	0	28	749	0	1	0
7456	2	1	1	0	28	749	0	1	1
7458	1	1	1	0	28	749	0	1	0
7458	2	1	1	0	28	749	0	1	1
7459	1	1	1	0	28	749	0	1	0
7459	2	1	1	0	28	749	0	1	1
7460	1	1	1	0	28	749	0	1	0
7460	2	1	1	0	28	749	0	1	1
7461	1	1	1	0	28	749	0	1	0
7461	2	1	1	0	28	749	0	1	1
7462	1	1	1	0	28	749	0	1	0
7462	2	1	1	0	28	749	0	1	1
7463	1	1	1	0	28	749	0	1	0
7463	2	1	1	0	28	749	0	1	1
7464	1	1	1	0	28	749	0	1	0
7464	2	1	1	0	28	749	0	1	1
7465	1	1	1	0	28	749	0	1	0
7465	2	1	1	0	28	749	0	1	1
7467	1	1	1	0	28	749	0	1	0
7467	2	1	1	0	28	749	0	1	1
7468	1	1	1	0	28	749	0	1	0
7468	2	1	1	0	28	749	0	1	1
7469	1	1	1	0	28	749	0	1	0
7469	2	1	1	0	28	749	0	1	1
7470	1	1	1	0	28	749	0	1	0
7470	2	1	1	0	28	749	0	1	1
7471	1	1	1	0	28	749	0	1	0
7471	2	1	1	0	28	749	0	1	1
7472	1	1	1	0	28	749	0	1	0
7472	2	1	1	0	28	749	0	1	1
7473	1	1	1	0	28	749	0	1	0
7473	2	1	1	0	28	749	0	1	1
7474	1	1	1	0	28	749	0	1	0
7474	2	1	1	0	28	749	0	1	1
7475	1	1	1	0	28	749	0	1	0
7475	2	1	1	0	28	749	0	1	1
7477	1	1	1	0	28	749	0	1	0
7477	2	1	1	0	28	749	0	1	1
7478	1	1	1	0	28	749	0	1	0
7478	2	1	1	0	28	749	0	1	1
7479	1	1	1	0	28	749	0	1	0
7479	2	1	1	0	28	749	0	1	1
7480	1	1	1	0	28	749	0	1	0
7480	2	1	1	0	28	749	0	1	1
7481	1	1	1	0	28	749	0	1	0
7481	2	1	1	0	28	749	0	1	1
7482	1	1	1	0	28	749	0	1	0
7482	2	1	1	0	28	749	0	1	1
7483	1	1	1	0	28	749	0	1	0
7483	2	1	1	0	28	749	0	1	1
7484	1	1	1	0	28	749	0	1	0
7484	2	1	1	0	28	749	0	1	1
7486	1	1	1	0	28	749	0	1	0
7486	2	1	1	0	28	749	0	1	1
7487	1	1	1	0	28	749	0	1	0
7487	2	1	1	0	28	749	0	1	1
7488	1	1	1	0	28	749	0	1	0
7488	2	1	1	0	28	749	0	1	1
7489	1	1	1	0	28	749	0	1	0
7489	2	1	1	0	28	749	0	1	1
7490	1	1	1	0	28	749	0	1	0
7490	2	1	1	0	28	749	0	1	1
7491	1	1	1	0	28	749	0	1	0
7491	2	1	1	0	28	749	0	1	1
7492	1	1	1	0	28	749	0	1	0
7492	2	1	1	0	28	749	0	1	1
7493	1	1	1	0	28	749	0	1	0
7493	2	1	1	0	28	749	0	1	1
7495	1	1	1	0	28	749	0	1	0
7495	2	1	1	0	28	749	0	1	1
7496	1	1	1	0	28	749	0	1	0
7496	2	1	1	0	28	749	0	1	1
7497	1	1	1	0	28	749	0	1	0
7497	2	1	1	0	28	749	0	1	1
7498	1	1	1	0	28	749	0	1	0
7498	2	1	1	0	28	749	0	1	1
7499	1	1	1	0	28	749	0	1	0
7499	2	1	1	0	28	749	0	1	1
7500	1	1	1	0	28	749	0	1	0
7500	2	1	1	0	28	749	0	1	1
7501	1	1	1	0	28	749	0	1	0
7501	2	1	1	0	28	749	0	1	1
7502	1	1	1	0	28	749	0	1	0
7502	2	1	1	0	28	749	0	1	1
7503	1	1	1	0	28	749	0	1	0
7503	2	1	1	0	28	749	0	1	1
7505	1	1	1	0	28	749	0	1	0
7505	2	1	1	0	28	749	0	1	1
7506	1	1	1	0	28	749	0	1	0
7506	2	1	1	0	28	749	0	1	1
7507	1	1	1	0	28	749	0	1	0
7507	2	1	1	0	28	749	0	1	1
7508	1	1	1	0	28	749	0	1	0
7508	2	1	1	0	28	749	0	1	1
7509	1	1	1	0	28	749	0	1	0
7509	2	1	1	0	28	749	0	1	1
7510	1	1	1	0	28	749	0	1	0
7510	2	1	1	0	28	749	0	1	1
7511	1	1	1	0	28	749	0	1	0
7511	2	1	1	0	28	749	0	1	1
7512	1	1	1	0	28	749	0	1	0
7512	2	1	1	0	28	749	0	1	1
7514	1	1	1	0	28	749	0	1	0
7514	2	1	1	0	28	749	0	1	1
7515	1	1	1	0	28	749	0	1	0
7515	2	1	1	0	28	749	0	1	1
7516	1	1	1	0	28	749	0	1	0
7516	2	1	1	0	28	749	0	1	1
7517	1	1	1	0	28	749	0	1	0
7517	2	1	1	0	28	749	0	1	1
7518	1	1	1	0	28	749	0	1	0
7518	2	1	1	0	28	749	0	1	1
7519	1	1	1	0	28	749	0	1	0
7519	2	1	1	0	28	749	0	1	1
7520	1	1	1	0	28	749	0	1	0
7520	2	1	1	0	28	749	0	1	1
7521	1	1	1	0	28	749	0	1	0
7521	2	1	1	0	28	749	0	1	1
7523	1	1	1	0	28	749	0	1	0
7523	2	1	1	0	28	749	0	1	1
7524	1	1	1	0	28	749	0	1	0
7524	2	1	1	0	28	749	0	1	1
7525	1	1	1	0	28	749	0	1	0
7525	2	1	1	0	28	749	0	1	1
7526	1	1	1	0	28	749	0	1	0
7526	2	1	1	0	28	749	0	1	1
7527	1	1	1	0	28	749	0	1	0
7527	2	1	1	0	28	749	0	1	1
7528	1	1	1	0	28	749	0	1	0
7528	2	1	1	0	28	749	0	1	1
7529	1	1	1	0	28	2052	0	1	0
7529	2	1	1	0	28	2052	0	1	1
7530	1	1	1	0	28	935	0	1	0
7530	2	1	1	0	28	935	0	1	1
7531	1	1	1	0	28	749	0	1	0
7531	2	1	1	0	28	749	0	1	1
7533	1	1	1	0	28	749	0	1	0
7533	2	1	1	0	28	749	0	1	1
7534	1	1	1	0	28	749	0	1	0
7534	2	1	1	0	28	749	0	1	1
7535	1	1	1	0	28	749	0	1	0
7535	2	1	1	0	28	749	0	1	1
7536	1	1	1	0	28	2052	1	0	0
7536	2	1	1	0	28	749	0	1	1
7537	1	1	1	0	14	775	0	1	0
7537	2	1	1	0	14	775	0	1	1
7538	1	1	1	0	28	935	0	1	0
7538	2	1	1	0	28	935	0	1	1
7539	1	1	1	0	28	749	0	1	0
7539	2	1	1	0	28	749	0	1	1
7540	1	1	1	0	28	749	0	1	0
7540	2	1	1	0	28	749	0	1	1
7541	1	1	1	0	28	185	0	1	0
7541	2	1	1	0	28	185	0	1	1
7542	1	1	1	0	28	749	0	1	0
7542	2	1	1	0	28	749	0	1	1
7543	1	1	1	0	28	749	0	1	0
7543	2	1	1	0	28	749	0	1	1
7544	1	1	1	0	28	749	0	1	0
7544	2	1	1	0	28	749	0	1	1
7545	1	1	1	0	28	749	0	1	0
7545	2	1	1	0	28	749	0	1	1
7546	1	1	1	0	28	749	0	1	0
7546	2	1	1	0	28	749	0	1	1
7547	1	1	1	0	28	749	0	1	0
7547	2	1	1	0	28	749	0	1	1
7548	1	1	1	0	28	749	0	1	0
7548	2	1	1	0	28	749	0	1	1
7549	1	1	1	0	28	749	0	1	0
7549	2	1	1	0	28	749	0	1	1
7551	1	1	1	0	28	2196	0	1	0
7551	2	1	1	0	28	2196	0	1	1
7552	1	1	1	0	28	1479	0	1	0
7552	2	1	1	0	28	1479	0	1	1
7553	1	1	1	0	28	749	0	1	0
7553	2	1	1	0	28	749	0	1	1
7554	1	1	1	0	28	749	0	1	0
7554	2	1	1	0	28	749	0	1	1
7555	1	1	1	0	28	749	0	1	0
7555	2	1	1	0	28	749	0	1	1
7556	1	1	1	0	28	749	0	1	0
7556	2	1	1	0	28	749	0	1	1
7557	1	1	1	0	28	749	0	1	0
7557	2	1	1	0	28	749	0	1	1
7558	1	1	1	0	28	749	0	1	0
7558	2	1	1	0	28	749	0	1	1
7559	1	1	1	0	28	749	0	1	0
7559	2	1	1	0	28	749	0	1	1
7561	1	1	1	0	28	749	0	1	0
7561	2	1	1	0	28	749	0	1	1
7562	1	1	1	0	28	749	0	1	0
7562	2	1	1	0	28	749	0	1	1
7563	1	1	1	0	28	749	0	1	0
7563	2	1	1	0	28	749	0	1	1
7564	1	1	1	0	28	749	0	1	0
7564	2	1	1	0	28	749	0	1	1
7565	1	1	1	0	28	749	0	1	0
7565	2	1	1	0	28	749	0	1	1
7566	1	1	1	0	28	749	0	1	0
7566	2	1	1	0	28	749	0	1	1
7567	1	1	1	0	28	2196	0	1	0
7567	2	1	1	0	28	2196	0	1	1
7568	1	1	1	0	28	1479	0	1	0
7568	2	1	1	0	28	1479	0	1	1
7569	1	1	1	0	28	185	0	1	0
7569	2	1	1	0	28	185	0	1	1
7570	1	1	1	0	28	749	0	1	0
7570	2	1	1	0	28	749	0	1	1
7571	1	1	1	0	28	749	0	1	0
7571	2	1	1	0	28	749	0	1	1
7572	1	1	1	0	28	749	0	1	0
7572	2	1	1	0	28	749	0	1	1
7573	1	1	1	0	28	749	0	1	0
7573	2	1	1	0	28	749	0	1	1
7574	1	1	1	0	28	749	0	1	0
7574	2	1	1	0	28	749	0	1	1
7575	1	1	1	0	28	749	0	1	0
7575	2	1	1	0	28	749	0	1	1
7576	1	1	1	0	28	749	0	1	0
7576	2	1	1	0	28	749	0	1	1
7577	1	1	1	0	28	749	0	1	0
7577	2	1	1	0	28	749	0	1	1
7579	1	1	1	0	28	749	0	1	0
7579	2	1	1	0	28	749	0	1	1
7580	1	1	1	0	28	749	0	1	0
7580	2	1	1	0	28	749	0	1	1
7581	1	1	1	0	28	749	0	1	0
7581	2	1	1	0	28	749	0	1	1
7582	1	1	1	0	28	2196	0	1	0
7582	2	1	1	0	28	2196	0	1	1
7583	1	1	1	0	28	2052	0	1	0
7583	2	1	1	0	28	2052	0	1	1
7584	1	1	1	0	28	935	0	1	0
7584	2	1	1	0	28	935	0	1	1
7585	1	1	1	0	28	749	0	1	0
7585	2	1	1	0	28	749	0	1	1
7586	1	1	1	0	28	749	0	1	0
7586	2	1	1	0	28	749	0	1	1
7587	1	1	1	0	28	749	0	1	0
7587	2	1	1	0	28	749	0	1	1
7589	1	1	1	0	28	749	0	1	0
7589	2	1	1	0	28	749	0	1	1
7590	1	1	1	0	28	749	0	1	0
7590	2	1	1	0	28	749	0	1	1
7591	1	1	1	0	28	749	0	1	0
7591	2	1	1	0	28	749	0	1	1
7592	1	1	1	0	28	749	0	1	0
7592	2	1	1	0	28	749	0	1	1
7593	1	1	1	0	28	749	0	1	0
7593	2	1	1	0	28	749	0	1	1
7594	1	1	1	0	28	749	0	1	0
7594	2	1	1	0	28	749	0	1	1
7595	1	1	1	0	28	749	0	1	0
7595	2	1	1	0	28	749	0	1	1
7596	1	1	1	0	28	749	0	1	0
7596	2	1	1	0	28	749	0	1	1
7598	1	1	1	0	28	2196	0	1	0
7598	2	1	1	0	28	2196	0	1	1
7599	1	1	1	0	28	2052	0	1	0
7599	2	1	1	0	28	2052	0	1	1
7600	1	1	1	0	28	935	0	1	0
7600	2	1	1	0	28	935	0	1	1
7601	1	1	1	0	28	749	0	1	0
7601	2	1	1	0	28	749	0	1	1
7602	1	1	1	0	28	749	0	1	0
7602	2	1	1	0	28	749	0	1	1
7603	1	1	1	0	28	749	0	1	0
7603	2	1	1	0	28	749	0	1	1
7604	1	1	1	0	28	749	0	1	0
7604	2	1	1	0	28	749	0	1	1
7605	1	1	1	0	28	749	0	1	0
7605	2	1	1	0	28	749	0	1	1
7607	1	1	1	0	28	749	0	1	0
7607	2	1	1	0	28	749	0	1	1
7608	1	1	1	0	28	749	0	1	0
7608	2	1	1	0	28	749	0	1	1
7609	1	1	1	0	28	749	0	1	0
7609	2	1	1	0	28	749	0	1	1
7610	1	1	1	0	28	749	0	1	0
7610	2	1	1	0	28	749	0	1	1
7611	1	1	1	0	28	749	0	1	0
7611	2	1	1	0	28	749	0	1	1
7612	1	1	1	0	28	749	0	1	0
7612	2	1	1	0	28	749	0	1	1
7613	1	1	1	0	28	749	0	1	0
7613	2	1	1	0	28	749	0	1	1
7614	1	1	1	0	28	2196	0	1	0
7614	2	1	1	0	28	2196	0	1	1
7615	1	1	1	0	28	2052	0	1	0
7615	2	1	1	0	28	2052	0	1	1
7616	1	1	1	0	28	185	0	1	0
7616	2	1	1	0	28	185	0	1	1
7617	1	1	1	0	28	749	0	1	0
7617	2	1	1	0	28	749	0	1	1
7618	1	1	1	0	28	749	0	1	0
7618	2	1	1	0	28	749	0	1	1
7619	1	1	1	0	28	749	0	1	0
7619	2	1	1	0	28	749	0	1	1
7620	1	1	1	0	28	749	0	1	0
7620	2	1	1	0	28	749	0	1	1
7621	1	1	1	0	28	749	0	1	0
7621	2	1	1	0	28	749	0	1	1
7622	1	1	1	0	28	749	0	1	0
7622	2	1	1	0	28	749	0	1	1
7623	1	1	1	0	28	749	0	1	0
7623	2	1	1	0	28	749	0	1	1
7624	1	1	1	0	28	749	0	1	0
7624	2	1	1	0	28	749	0	1	1
7626	1	1	1	0	28	749	0	1	0
7626	2	1	1	0	28	749	0	1	1
7627	1	1	1	0	28	749	0	1	0
7627	2	1	1	0	28	749	0	1	1
7628	1	1	1	0	28	749	0	1	0
7628	2	1	1	0	28	749	0	1	1
7629	1	1	1	0	28	749	0	1	0
7629	2	1	1	0	28	749	0	1	1
7630	1	1	1	0	28	2196	0	1	0
7630	2	1	1	0	28	2196	0	1	1
7631	1	1	1	0	28	2052	0	1	0
7631	2	1	1	0	28	2052	0	1	1
7632	1	1	1	0	28	935	0	1	0
7632	2	1	1	0	28	935	0	1	1
7633	1	1	1	0	28	749	0	1	0
7633	2	1	1	0	28	749	0	1	1
7635	1	1	1	0	28	749	0	1	0
7635	2	1	1	0	28	749	0	1	1
7636	1	1	1	0	28	749	0	1	0
7636	2	1	1	0	28	749	0	1	1
7637	1	1	1	0	28	749	0	1	0
7637	2	1	1	0	28	749	0	1	1
7638	1	1	1	0	28	749	0	1	0
7638	2	1	1	0	28	749	0	1	1
7639	1	1	1	0	28	749	0	1	0
7639	2	1	1	0	28	749	0	1	1
7640	1	1	1	0	28	749	0	1	0
7640	2	1	1	0	28	749	0	1	1
7641	1	1	1	0	28	749	0	1	0
7641	2	1	1	0	28	749	0	1	1
7642	1	1	1	0	28	749	0	1	0
7642	2	1	1	0	28	749	0	1	1
7643	1	1	1	0	28	749	0	1	0
7643	2	1	1	0	28	749	0	1	1
7645	1	1	1	0	28	749	0	1	0
7645	2	1	1	0	28	749	0	1	1
7646	1	1	1	0	28	749	0	1	0
7646	2	1	1	0	28	749	0	1	1
7647	1	1	1	0	28	749	0	1	0
7647	2	1	1	0	28	749	0	1	1
7648	1	1	1	0	28	749	0	1	0
7648	2	1	1	0	28	749	0	1	1
7649	1	1	1	0	28	749	0	1	0
7649	2	1	1	0	28	749	0	1	1
7650	1	1	1	0	28	749	0	1	0
7650	2	1	1	0	28	749	0	1	1
7651	1	1	1	0	28	749	0	1	0
7651	2	1	1	0	28	749	0	1	1
7652	1	1	1	0	28	749	0	1	0
7652	2	1	1	0	28	749	0	1	1
7653	1	1	1	0	28	2196	0	1	0
7653	2	1	1	0	28	2196	0	1	1
7654	1	1	1	0	28	2196	0	1	0
7654	2	1	1	0	28	2196	0	1	1
7655	1	1	1	0	28	749	0	1	0
7655	2	1	1	0	28	749	0	1	1
7656	1	1	1	0	28	749	0	1	0
7656	2	1	1	0	28	749	0	1	1
7657	1	1	1	0	28	749	0	1	0
7657	2	1	1	0	28	749	0	1	1
7658	1	1	1	0	28	749	0	1	0
7658	2	1	1	0	28	749	0	1	1
7659	1	1	1	0	28	749	0	1	0
7659	2	1	1	0	28	749	0	1	1
7660	1	1	1	0	28	749	0	1	0
7660	2	1	1	0	28	749	0	1	1
7661	1	1	1	0	28	749	0	1	0
7661	2	1	1	0	28	749	0	1	1
7663	1	1	1	0	28	749	0	1	0
7663	2	1	1	0	28	749	0	1	1
7664	1	1	1	0	28	749	0	1	0
7664	2	1	1	0	28	749	0	1	1
7665	1	1	1	0	28	749	0	1	0
7665	2	1	1	0	28	749	0	1	1
7666	1	1	1	0	28	749	0	1	0
7666	2	1	1	0	28	749	0	1	1
7667	1	1	1	0	28	749	0	1	0
7667	2	1	1	0	28	749	0	1	1
7668	1	1	1	0	28	2196	0	1	0
7668	2	1	1	0	28	2196	0	1	1
7669	1	1	1	0	28	2052	0	1	0
7669	2	1	1	0	28	2052	0	1	1
7670	1	1	1	0	28	935	0	1	0
7670	2	1	1	0	28	935	0	1	1
7671	1	1	1	0	28	749	0	1	0
7671	2	1	1	0	28	749	0	1	1
7673	1	1	1	0	28	749	0	1	0
7673	2	1	1	0	28	749	0	1	1
7674	1	1	1	0	28	749	0	1	0
7674	2	1	1	0	28	749	0	1	1
7675	1	1	1	0	28	749	0	1	0
7675	2	1	1	0	28	749	0	1	1
7676	1	1	1	0	28	749	0	1	0
7676	2	1	1	0	28	749	0	1	1
7677	1	1	1	0	28	749	0	1	0
7677	2	1	1	0	28	749	0	1	1
7678	1	1	1	0	28	749	0	1	0
7678	2	1	1	0	28	749	0	1	1
7679	1	1	1	0	28	749	0	1	0
7679	2	1	1	0	28	749	0	1	1
7680	1	1	1	0	28	749	0	1	0
7680	2	1	1	0	28	749	0	1	1
7682	1	1	1	0	28	749	0	1	0
7682	2	1	1	0	28	749	0	1	1
7683	1	1	1	0	28	2196	0	1	0
7683	2	1	1	0	28	2196	0	1	1
7684	1	1	1	0	28	2196	0	1	0
7684	2	1	1	0	28	2196	0	1	1
7685	1	1	1	0	28	1479	0	1	0
7685	2	1	1	0	28	1479	0	1	1
7686	1	1	1	0	28	749	0	1	0
7686	2	1	1	0	28	749	0	1	1
7687	1	1	1	0	28	749	0	1	0
7687	2	1	1	0	28	749	0	1	1
7688	1	1	1	0	28	749	0	1	0
7688	2	1	1	0	28	749	0	1	1
7689	1	1	1	0	28	749	0	1	0
7689	2	1	1	0	28	749	0	1	1
7691	1	1	1	0	28	749	0	1	0
7691	2	1	1	0	28	749	0	1	1
7692	1	1	1	0	28	749	0	1	0
7692	2	1	1	0	28	749	0	1	1
7693	1	1	1	0	28	749	0	1	0
7693	2	1	1	0	28	749	0	1	1
7694	1	1	1	0	28	749	0	1	0
7694	2	1	1	0	28	749	0	1	1
7695	1	1	1	0	28	749	0	1	0
7695	2	1	1	0	28	749	0	1	1
7696	1	1	1	0	28	749	0	1	0
7696	2	1	1	0	28	749	0	1	1
7697	1	1	1	0	28	749	0	1	0
7697	2	1	1	0	28	749	0	1	1
7698	1	1	1	0	28	2196	0	1	0
7698	2	1	1	0	28	2196	0	1	1
7699	1	1	1	0	28	2196	0	1	0
7699	2	1	1	0	28	2196	0	1	1
7700	1	1	1	0	28	749	0	1	0
7700	2	1	1	0	28	749	0	1	1
7701	1	1	1	0	28	749	0	1	0
7701	2	1	1	0	28	749	0	1	1
7702	1	1	1	0	28	749	0	1	0
7702	2	1	1	0	28	749	0	1	1
7703	1	1	1	0	28	749	0	1	0
7703	2	1	1	0	28	749	0	1	1
7704	1	1	1	0	28	749	0	1	0
7704	2	1	1	0	28	749	0	1	1
7705	1	1	1	0	28	749	0	1	0
7705	2	1	1	0	28	749	0	1	1
7706	1	1	1	0	28	749	0	1	0
7706	2	1	1	0	28	749	0	1	1
7707	1	1	1	0	28	749	0	1	0
7707	2	1	1	0	28	749	0	1	1
7708	1	1	1	0	28	749	0	1	0
7708	2	1	1	0	28	749	0	1	1
7710	1	1	1	0	28	749	0	1	0
7710	2	1	1	0	28	749	0	1	1
7711	1	1	1	0	28	749	0	1	0
7711	2	1	1	0	28	749	0	1	1
7712	1	1	1	0	28	749	0	1	0
7712	2	1	1	0	28	749	0	1	1
7713	1	1	1	0	28	749	0	1	0
7713	2	1	1	0	28	749	0	1	1
7714	1	1	1	0	28	2196	0	1	0
7714	2	1	1	0	28	2196	0	1	1
7715	1	1	1	0	28	2196	0	1	0
7715	2	1	1	0	28	2196	0	1	1
7716	1	1	1	0	28	1479	0	1	0
7716	2	1	1	0	28	1479	0	1	1
7717	1	1	1	0	28	749	0	1	0
7717	2	1	1	0	28	749	0	1	1
7718	1	1	1	0	28	185	0	1	0
7718	2	1	1	0	28	185	0	1	1
7719	1	1	1	0	28	749	0	1	0
7719	2	1	1	0	28	749	0	1	1
7720	1	1	1	0	28	749	0	1	0
7720	2	1	1	0	28	749	0	1	1
7721	1	1	1	0	28	749	0	1	0
7721	2	1	1	0	28	749	0	1	1
7722	1	1	1	0	28	749	0	1	0
7722	2	1	1	0	28	749	0	1	1
7723	1	1	1	0	28	749	0	1	0
7723	2	1	1	0	28	749	0	1	1
7724	1	1	1	0	28	749	0	1	0
7724	2	1	1	0	28	749	0	1	1
7725	1	1	1	0	28	749	0	1	0
7725	2	1	1	0	28	749	0	1	1
7726	1	1	1	0	28	749	0	1	0
7726	2	1	1	0	28	749	0	1	1
7727	1	1	1	0	28	749	0	1	0
7727	2	1	1	0	28	749	0	1	1
7729	1	1	1	0	28	2196	0	1	0
7729	2	1	1	0	28	2196	0	1	1
7730	1	1	1	0	28	2196	0	1	0
7730	2	1	1	0	28	2196	0	1	1
7731	1	1	1	0	28	1479	0	1	0
7731	2	1	1	0	28	1479	0	1	1
7732	1	1	1	0	28	749	0	1	0
7732	2	1	1	0	28	749	0	1	1
7733	1	1	1	0	28	749	0	1	0
7733	2	1	1	0	28	749	0	1	1
7734	1	1	1	0	26	749	0	1	0
7734	2	1	1	0	26	749	0	1	1
7735	1	1	1	0	26	749	0	1	0
7735	2	1	1	0	26	749	0	1	1
7736	1	1	1	0	24	669	0	1	0
7736	2	1	1	0	24	669	0	1	1
7737	1	1	1	0	28	185	0	1	0
7737	2	1	1	0	28	185	0	1	1
7738	1	1	1	0	22	693	0	1	0
7738	2	1	1	0	22	693	0	1	1
7739	1	1	1	0	22	693	0	1	0
7739	2	1	1	0	22	693	0	1	1
7740	1	1	1	0	18	749	0	1	0
7740	2	1	1	0	18	749	0	1	1
7741	1	1	1	0	18	749	0	1	0
7741	2	1	1	0	18	749	0	1	1
7742	1	1	1	0	16	693	0	1	0
7742	2	1	1	0	16	693	0	1	1
7743	1	1	1	0	16	693	0	1	0
7743	2	1	1	0	16	693	0	1	1
7744	1	1	1	0	14	775	0	1	0
7744	2	1	1	0	14	775	0	1	1
7745	1	1	1	0	14	775	0	1	0
7745	2	1	1	0	14	775	0	1	1
7746	1	1	1	0	6	309	0	1	0
7746	2	1	1	0	6	309	0	1	1
7747	1	1	1	0	6	309	0	1	0
7747	2	1	1	0	6	309	0	1	1
7748	1	1	1	0	6	309	0	1	0
7748	2	1	1	0	6	309	0	1	1
7749	1	1	1	0	6	309	0	1	0
7749	2	1	1	0	6	309	0	1	1
7750	1	1	1	0	6	309	0	1	0
7750	2	1	1	0	6	309	0	1	1
7751	1	1	1	0	6	309	0	1	0
7751	2	1	1	0	6	309	0	1	1
7752	1	1	1	0	10	469	0	1	0
7752	2	1	1	0	10	469	0	1	1
7753	1	1	1	0	10	469	0	1	0
7753	2	1	1	0	10	469	0	1	1
7754	1	1	1	0	18	967	0	1	0
7754	2	1	1	0	18	967	0	1	1
7755	1	1	1	0	18	967	0	1	0
7755	2	1	1	0	18	967	0	1	1
7756	1	1	1	0	20	1191	0	1	0
7756	2	1	1	0	20	1191	0	1	1
7757	1	1	1	0	20	1191	0	1	0
7757	2	1	1	0	20	1191	0	1	1
7758	1	1	1	0	22	1383	0	1	0
7758	2	1	1	0	22	1383	0	1	1
7759	1	1	1	0	22	1383	0	1	0
7759	2	1	1	0	22	1383	0	1	1
7760	1	1	1	0	24	1620	0	1	0
7760	2	1	1	0	24	1620	0	1	1
7761	1	1	1	0	24	1620	0	1	0
7761	2	1	1	0	24	1620	0	1	1
7762	1	1	1	0	28	1287	0	1	0
7762	2	1	1	0	28	1287	0	1	1
7763	1	1	1	0	28	749	0	1	0
7763	2	1	1	0	28	749	0	1	1
7764	1	1	1	0	28	749	0	1	0
7764	2	1	1	0	28	749	0	1	1
7765	1	1	1	0	28	185	0	1	0
7765	2	1	1	0	28	185	0	1	1
7766	1	1	1	0	28	749	0	1	0
7766	2	1	1	0	28	749	0	1	1
7767	1	1	1	0	28	749	0	1	0
7767	2	1	1	0	28	749	0	1	1
7768	1	1	1	0	28	749	0	1	0
7768	2	1	1	0	28	749	0	1	1
7769	1	1	1	0	28	749	0	1	0
7769	2	1	1	0	28	749	0	1	1
7770	1	1	1	0	28	749	0	1	0
7770	2	1	1	0	28	749	0	1	1
7771	1	1	1	0	28	749	0	1	0
7771	2	1	1	0	28	749	0	1	1
7772	1	1	1	0	28	749	0	1	0
7772	2	1	1	0	28	749	0	1	1
7773	1	1	1	0	28	749	0	1	0
7773	2	1	1	0	28	749	0	1	1
7775	1	1	1	0	28	749	0	1	0
7775	2	1	1	0	28	749	0	1	1
7776	1	1	1	0	28	2196	0	1	0
7776	2	1	1	0	28	2196	0	1	1
7777	1	1	1	0	28	1479	0	1	0
7777	2	1	1	0	28	1479	0	1	1
7778	1	1	1	0	28	749	0	1	0
7778	2	1	1	0	28	749	0	1	1
7779	1	1	1	0	28	749	0	1	0
7779	2	1	1	0	28	749	0	1	1
7780	1	1	1	0	28	749	0	1	0
7780	2	1	1	0	28	749	0	1	1
7781	1	1	1	0	28	749	0	1	0
7781	2	1	1	0	28	749	0	1	1
7782	1	1	1	0	28	749	0	1	0
7782	2	1	1	0	28	749	0	1	1
7783	1	1	1	0	28	749	0	1	0
7783	2	1	1	0	28	749	0	1	1
7785	1	1	1	0	28	749	0	1	0
7785	2	1	1	0	28	749	0	1	1
7786	1	1	1	0	28	749	0	1	0
7786	2	1	1	0	28	749	0	1	1
7787	1	1	1	0	28	749	0	1	0
7787	2	1	1	0	28	749	0	1	1
7788	1	1	1	0	28	749	0	1	0
7788	2	1	1	0	28	749	0	1	1
7789	1	1	1	0	28	749	0	1	0
7789	2	1	1	0	28	749	0	1	1
7790	1	1	1	0	28	749	0	1	0
7790	2	1	1	0	28	749	0	1	1
7791	1	1	1	0	28	2196	0	1	0
7791	2	1	1	0	28	2196	0	1	1
7792	1	1	1	0	28	2052	0	1	0
7792	2	1	1	0	28	2052	0	1	1
7793	1	1	1	0	28	185	0	1	0
7793	2	1	1	0	28	185	0	1	1
7794	1	1	1	0	28	749	0	1	0
7794	2	1	1	0	28	749	0	1	1
7795	1	1	1	0	28	749	0	1	0
7795	2	1	1	0	28	749	0	1	1
7796	1	1	1	0	28	749	0	1	0
7796	2	1	1	0	28	749	0	1	1
7797	1	1	1	0	28	749	0	1	0
7797	2	1	1	0	28	749	0	1	1
7798	1	1	1	0	28	749	0	1	0
7798	2	1	1	0	28	749	0	1	1
7799	1	1	1	0	28	749	0	1	0
7799	2	1	1	0	28	749	0	1	1
7800	1	1	1	0	28	749	0	1	0
7800	2	1	1	0	28	749	0	1	1
7801	1	1	1	0	28	749	0	1	0
7801	2	1	1	0	28	749	0	1	1
7803	1	1	1	0	28	749	0	1	0
7803	2	1	1	0	28	749	0	1	1
7804	1	1	1	0	28	749	0	1	0
7804	2	1	1	0	28	749	0	1	1
7805	1	1	1	0	28	749	0	1	0
7805	2	1	1	0	28	749	0	1	1
7806	1	1	1	0	28	749	0	1	0
7806	2	1	1	0	28	749	0	1	1
7807	1	1	1	0	28	2196	0	1	0
7807	2	1	1	0	28	2196	0	1	1
7808	1	1	1	0	28	2052	0	1	0
7808	2	1	1	0	28	2052	0	1	1
7809	1	1	1	0	28	935	0	1	0
7809	2	1	1	0	28	935	0	1	1
7810	1	1	1	0	28	749	0	1	0
7810	2	1	1	0	28	749	0	1	1
7811	1	1	1	0	28	749	0	1	0
7811	2	1	1	0	28	749	0	1	1
7813	1	1	1	0	28	749	0	1	0
7813	2	1	1	0	28	749	0	1	1
7814	1	1	1	0	28	749	0	1	0
7814	2	1	1	0	28	749	0	1	1
7815	1	1	1	0	28	749	0	1	0
7815	2	1	1	0	28	749	0	1	1
7816	1	1	1	0	28	749	0	1	0
7816	2	1	1	0	28	749	0	1	1
7817	1	1	1	0	28	749	0	1	0
7817	2	1	1	0	28	749	0	1	1
7818	1	1	1	0	28	749	0	1	0
7818	2	1	1	0	28	749	0	1	1
7819	1	1	1	0	28	749	0	1	0
7819	2	1	1	0	28	749	0	1	1
7820	1	1	1	0	28	749	0	1	0
7820	2	1	1	0	28	749	0	1	1
7822	1	1	1	0	28	749	0	1	0
7822	2	1	1	0	28	749	0	1	1
7823	1	1	1	0	28	2196	0	1	0
7823	2	1	1	0	28	2196	0	1	1
7824	1	1	1	0	28	2196	0	1	0
7824	2	1	1	0	28	2196	0	1	1
7825	1	1	1	0	28	1479	0	1	0
7825	2	1	1	0	28	1479	0	1	1
7826	1	1	1	0	28	749	0	1	0
7826	2	1	1	0	28	749	0	1	1
7827	1	1	1	0	28	749	0	1	0
7827	2	1	1	0	28	749	0	1	1
7828	1	1	1	0	28	749	0	1	0
7828	2	1	1	0	28	749	0	1	1
7829	1	1	1	0	28	749	0	1	0
7829	2	1	1	0	28	749	0	1	1
7831	1	1	1	0	28	749	0	1	0
7831	2	1	1	0	28	749	0	1	1
7832	1	1	1	0	28	749	0	1	0
7832	2	1	1	0	28	749	0	1	1
7833	1	1	1	0	28	749	0	1	0
7833	2	1	1	0	28	749	0	1	1
7834	1	1	1	0	28	749	0	1	0
7834	2	1	1	0	28	749	0	1	1
7835	1	1	1	0	28	749	0	1	0
7835	2	1	1	0	28	749	0	1	1
7836	1	1	1	0	28	749	0	1	0
7836	2	1	1	0	28	749	0	1	1
7837	1	1	1	0	28	749	0	1	0
7837	2	1	1	0	28	749	0	1	1
7838	1	1	1	0	28	749	0	1	0
7838	2	1	1	0	28	749	0	1	1
7839	1	1	1	0	28	2196	0	1	0
7839	2	1	1	0	28	2196	0	1	1
7840	1	1	1	0	28	1479	0	1	0
7840	2	1	1	0	28	1479	0	1	1
7841	1	1	1	0	28	749	0	1	0
7841	2	1	1	0	28	749	0	1	1
7842	1	1	1	0	28	749	0	1	0
7842	2	1	1	0	28	749	0	1	1
7843	1	1	1	0	28	749	0	1	0
7843	2	1	1	0	28	749	0	1	1
7844	1	1	1	0	28	749	0	1	0
7844	2	1	1	0	28	749	0	1	1
7845	1	1	1	0	28	749	0	1	0
7845	2	1	1	0	28	749	0	1	1
7846	1	1	1	0	28	749	0	1	0
7846	2	1	1	0	28	749	0	1	1
7847	1	1	1	0	28	749	0	1	0
7847	2	1	1	0	28	749	0	1	1
7848	1	1	1	0	28	749	0	1	0
7848	2	1	1	0	28	749	0	1	1
7850	1	1	1	0	28	749	0	1	0
7850	2	1	1	0	28	749	0	1	1
7851	1	1	1	0	28	749	0	1	0
7851	2	1	1	0	28	749	0	1	1
7852	1	1	1	0	28	749	0	1	0
7852	2	1	1	0	28	749	0	1	1
7853	1	1	1	0	28	749	0	1	0
7853	2	1	1	0	28	749	0	1	1
7854	1	1	1	0	28	2196	0	1	0
7854	2	1	1	0	28	2196	0	1	1
7855	1	1	1	0	28	2196	0	1	0
7855	2	1	1	0	28	2196	0	1	1
7856	1	1	1	0	28	1479	0	1	0
7856	2	1	1	0	28	1479	0	1	1
7857	1	1	1	0	28	749	0	1	0
7857	2	1	1	0	28	749	0	1	1
7858	1	1	1	0	28	185	0	1	0
7858	2	1	1	0	28	185	0	1	1
7859	1	1	1	0	28	749	0	1	0
7859	2	1	1	0	28	749	0	1	1
7860	1	1	1	0	28	749	0	1	0
7860	2	1	1	0	28	749	0	1	1
7861	1	1	1	0	28	749	0	1	0
7861	2	1	1	0	28	749	0	1	1
7862	1	1	1	0	28	749	0	1	0
7862	2	1	1	0	28	749	0	1	1
7863	1	1	1	0	28	749	0	1	0
7863	2	1	1	0	28	749	0	1	1
7864	1	1	1	0	28	749	0	1	0
7864	2	1	1	0	28	749	0	1	1
7865	1	1	1	0	28	749	0	1	0
7865	2	1	1	0	28	749	0	1	1
7866	1	1	1	0	28	749	0	1	0
7866	2	1	1	0	28	749	0	1	1
7867	1	1	1	0	28	749	0	1	0
7867	2	1	1	0	28	749	0	1	1
7869	1	1	1	0	28	2196	0	1	0
7869	2	1	1	0	28	2196	0	1	1
7870	1	1	1	0	28	2196	0	1	0
7870	2	1	1	0	28	2196	0	1	1
7871	1	1	1	0	28	1479	0	1	0
7871	2	1	1	0	28	1479	0	1	1
7872	1	1	1	0	28	749	0	1	0
7872	2	1	1	0	28	749	0	1	1
7873	1	1	1	0	28	749	0	1	0
7873	2	1	1	0	28	749	0	1	1
7874	1	1	1	0	28	749	0	1	0
7874	2	1	1	0	28	749	0	1	1
7875	1	1	1	0	28	749	0	1	0
7875	2	1	1	0	28	749	0	1	1
7876	1	1	1	0	28	749	0	1	0
7876	2	1	1	0	28	749	0	1	1
7878	1	1	1	0	28	749	0	1	0
7878	2	1	1	0	28	749	0	1	1
7879	1	1	1	0	28	749	0	1	0
7879	2	1	1	0	28	749	0	1	1
7880	1	1	1	0	28	749	0	1	0
7880	2	1	1	0	28	749	0	1	1
7881	1	1	1	0	28	749	0	1	0
7881	2	1	1	0	28	749	0	1	1
7882	1	1	1	0	28	749	0	1	0
7882	2	1	1	0	28	749	0	1	1
7883	1	1	1	0	28	749	0	1	0
7883	2	1	1	0	28	749	0	1	1
7884	1	1	1	0	28	749	0	1	0
7884	2	1	1	0	28	749	0	1	1
7885	1	1	1	0	28	2196	0	1	0
7885	2	1	1	0	28	2196	0	1	1
7886	1	1	1	0	28	2196	0	1	0
7886	2	1	1	0	28	2196	0	1	1
7887	1	1	1	0	28	749	0	1	0
7887	2	1	1	0	28	749	0	1	1
7888	1	1	1	0	28	749	0	1	0
7888	2	1	1	0	28	749	0	1	1
7889	1	1	1	0	28	749	0	1	0
7889	2	1	1	0	28	749	0	1	1
7890	1	1	1	0	28	749	0	1	0
7890	2	1	1	0	28	749	0	1	1
7891	1	1	1	0	28	749	0	1	0
7891	2	1	1	0	28	749	0	1	1
7892	1	1	1	0	28	749	0	1	0
7892	2	1	1	0	28	749	0	1	1
7893	1	1	1	0	28	749	0	1	0
7893	2	1	1	0	28	749	0	1	1
7894	1	1	1	0	28	749	0	1	0
7894	2	1	1	0	28	749	0	1	1
7895	1	1	1	0	28	749	0	1	0
7895	2	1	1	0	28	749	0	1	1
7897	1	1	1	0	28	749	0	1	0
7897	2	1	1	0	28	749	0	1	1
7898	1	1	1	0	28	749	0	1	0
7898	2	1	1	0	28	749	0	1	1
7899	1	1	1	0	28	749	0	1	0
7899	2	1	1	0	28	749	0	1	1
7900	1	1	1	0	28	2196	0	1	0
7900	2	1	1	0	28	2196	0	1	1
7901	1	1	1	0	28	2196	0	1	0
7901	2	1	1	0	28	2196	0	1	1
7902	1	1	1	0	28	1479	0	1	0
7902	2	1	1	0	28	1479	0	1	1
7903	1	1	1	0	28	749	0	1	0
7903	2	1	1	0	28	749	0	1	1
7904	1	1	1	0	28	749	0	1	0
7904	2	1	1	0	28	749	0	1	1
7906	1	1	1	0	26	749	0	1	0
7906	2	1	1	0	26	749	0	1	1
7907	1	1	1	0	26	749	0	1	0
7907	2	1	1	0	26	749	0	1	1
7908	1	1	1	0	26	749	0	1	0
7908	2	1	1	0	26	749	0	1	1
7909	1	1	1	0	26	749	0	1	0
7909	2	1	1	0	26	749	0	1	1
7910	1	1	1	0	24	669	0	1	0
7910	2	1	1	0	24	669	0	1	1
7911	1	1	1	0	24	807	0	1	0
7911	2	1	1	0	24	807	0	1	1
7912	1	1	1	0	22	693	0	1	0
7912	2	1	1	0	22	693	0	1	1
7913	1	1	1	0	22	693	0	1	0
7913	2	1	1	0	22	693	0	1	1
7914	1	1	1	0	28	185	0	1	0
7914	2	1	1	0	28	185	0	1	1
7915	1	1	1	0	22	1383	0	1	0
7915	2	1	1	0	22	1383	0	1	1
7916	1	1	1	0	20	1191	0	1	0
7916	2	1	1	0	20	1191	0	1	1
7917	1	1	1	0	20	1191	0	1	0
7917	2	1	1	0	20	1191	0	1	1
7918	1	1	1	0	18	967	0	1	0
7918	2	1	1	0	18	967	0	1	1
7919	1	1	1	0	18	967	0	1	0
7919	2	1	1	0	18	967	0	1	1
7920	1	1	1	0	14	775	0	1	0
7920	2	1	1	0	14	775	0	1	1
7921	1	1	1	0	14	775	0	1	0
7921	2	1	1	0	14	775	0	1	1
7922	1	1	1	0	8	421	0	1	0
7922	2	1	1	0	8	421	0	1	1
7923	1	1	1	0	8	421	0	1	0
7923	2	1	1	0	8	421	0	1	1
7924	1	1	1	0	8	421	0	1	0
7924	2	1	1	0	8	421	0	1	1
7925	1	1	1	0	8	421	0	1	0
7925	2	1	1	0	8	421	0	1	1
7926	1	1	1	0	10	469	0	1	0
7926	2	1	1	0	10	469	0	1	1
7927	1	1	1	0	10	469	0	1	0
7927	2	1	1	0	10	469	0	1	1
7928	1	1	1	0	14	775	0	1	0
7928	2	1	1	0	14	775	0	1	1
7929	1	1	1	0	14	775	0	1	0
7929	2	1	1	0	14	775	0	1	1
7930	1	1	1	0	18	967	0	1	0
7930	2	1	1	0	18	967	0	1	1
7931	1	1	1	0	18	967	0	1	0
7931	2	1	1	0	18	967	0	1	1
7932	1	1	1	0	18	967	0	1	0
7932	2	1	1	0	18	967	0	1	1
7933	1	1	1	0	18	967	0	1	0
7933	2	1	1	0	18	967	0	1	1
7934	1	1	1	0	20	1191	0	1	0
7934	2	1	1	0	20	1191	0	1	1
7935	1	1	1	0	20	1191	0	1	0
7935	2	1	1	0	20	1191	0	1	1
7936	1	1	1	0	20	1095	0	1	0
7936	2	1	1	0	20	1095	0	1	1
7937	1	1	1	0	20	775	0	1	0
7937	2	1	1	0	20	775	0	1	1
7938	1	1	1	0	22	807	0	1	0
7938	2	1	1	0	22	807	0	1	1
7939	1	1	1	0	22	693	0	1	0
7939	2	1	1	0	22	693	0	1	1
7940	1	1	1	0	22	693	0	1	0
7940	2	1	1	0	22	693	0	1	1
7941	1	1	1	0	22	807	0	1	0
7941	2	1	1	0	22	807	0	1	1
7943	1	1	1	0	24	669	0	1	0
7943	2	1	1	0	24	669	0	1	1
7944	1	1	1	0	28	749	0	1	0
7944	2	1	1	0	28	749	0	1	1
7945	1	1	1	0	28	749	0	1	0
7945	2	1	1	0	28	749	0	1	1
7946	1	1	1	0	28	749	0	1	0
7946	2	1	1	0	28	749	0	1	1
7947	1	1	1	0	28	749	0	1	0
7947	2	1	1	0	28	749	0	1	1
7948	1	1	1	0	28	2196	0	1	0
7948	2	1	1	0	28	2196	0	1	1
7949	1	1	1	0	28	1479	0	1	0
7949	2	1	1	0	28	1479	0	1	1
7950	1	1	1	0	28	749	0	1	0
7950	2	1	1	0	28	749	0	1	1
7951	1	1	1	0	28	749	0	1	0
7951	2	1	1	0	28	749	0	1	1
7953	1	1	1	0	28	749	0	1	0
7953	2	1	1	0	28	749	0	1	1
7954	1	1	1	0	28	749	0	1	0
7954	2	1	1	0	28	749	0	1	1
7955	1	1	1	0	28	749	0	1	0
7955	2	1	1	0	28	749	0	1	1
7956	1	1	1	0	28	749	0	1	0
7956	2	1	1	0	28	749	0	1	1
7957	1	1	1	0	28	749	0	1	0
7957	2	1	1	0	28	749	0	1	1
7958	1	1	1	0	28	749	0	1	0
7958	2	1	1	0	28	749	0	1	1
7959	1	1	1	0	28	749	0	1	0
7959	2	1	1	0	28	749	0	1	1
7960	1	1	1	0	28	749	0	1	0
7960	2	1	1	0	28	749	0	1	1
7962	1	1	1	0	28	749	0	1	0
7962	2	1	1	0	28	749	0	1	1
7963	1	1	1	0	28	2196	0	1	0
7963	2	1	1	0	28	2196	0	1	1
7964	1	1	1	0	28	2052	0	1	0
7964	2	1	1	0	28	2052	0	1	1
7965	1	1	1	0	28	935	0	1	0
7965	2	1	1	0	28	935	0	1	1
7966	1	1	1	0	28	749	0	1	0
7966	2	1	1	0	28	749	0	1	1
7967	1	1	1	0	28	749	0	1	0
7967	2	1	1	0	28	749	0	1	1
7968	1	1	1	0	28	749	0	1	0
7968	2	1	1	0	28	749	0	1	1
7969	1	1	1	0	28	749	0	1	0
7969	2	1	1	0	28	749	0	1	1
7971	1	1	1	0	28	749	0	1	0
7971	2	1	1	0	28	749	0	1	1
7972	1	1	1	0	28	749	0	1	0
7972	2	1	1	0	28	749	0	1	1
7973	1	1	1	0	28	749	0	1	0
7973	2	1	1	0	28	749	0	1	1
7974	1	1	1	0	28	749	0	1	0
7974	2	1	1	0	28	749	0	1	1
7975	1	1	1	0	28	749	0	1	0
7975	2	1	1	0	28	749	0	1	1
7976	1	1	1	0	28	749	0	1	0
7976	2	1	1	0	28	749	0	1	1
7977	1	1	1	0	28	749	0	1	0
7977	2	1	1	0	28	749	0	1	1
7978	1	1	1	0	28	749	0	1	0
7978	2	1	1	0	28	749	0	1	1
7979	1	1	1	0	28	2196	0	1	0
7979	2	1	1	0	28	2196	0	1	1
7980	1	1	1	0	28	1479	0	1	0
7980	2	1	1	0	28	1479	0	1	1
7981	1	1	1	0	28	749	0	1	0
7981	2	1	1	0	28	749	0	1	1
7982	1	1	1	0	28	749	0	1	0
7982	2	1	1	0	28	749	0	1	1
7983	1	1	1	0	28	749	0	1	0
7983	2	1	1	0	28	749	0	1	1
7984	1	1	1	0	28	749	0	1	0
7984	2	1	1	0	28	749	0	1	1
7985	1	1	1	0	28	749	0	1	0
7985	2	1	1	0	28	749	0	1	1
7986	1	1	1	0	28	749	0	1	0
7986	2	1	1	0	28	749	0	1	1
7987	1	1	1	0	28	749	0	1	0
7987	2	1	1	0	28	749	0	1	1
7988	1	1	1	0	28	749	0	1	0
7988	2	1	1	0	28	749	0	1	1
7990	1	1	1	0	28	749	0	1	0
7990	2	1	1	0	28	749	0	1	1
7991	1	1	1	0	28	749	0	1	0
7991	2	1	1	0	28	749	0	1	1
7992	1	1	1	0	28	749	0	1	0
7992	2	1	1	0	28	749	0	1	1
7993	1	1	1	0	28	749	0	1	0
7993	2	1	1	0	28	749	0	1	1
7994	1	1	1	0	28	2196	0	1	0
7994	2	1	1	0	28	2196	0	1	1
7995	1	1	1	0	28	2196	0	1	0
7995	2	1	1	0	28	2196	0	1	1
7996	1	1	1	0	28	1479	0	1	0
7996	2	1	1	0	28	1479	0	1	1
7997	1	1	1	0	28	749	0	1	0
7997	2	1	1	0	28	749	0	1	1
7998	1	1	1	0	28	185	0	1	0
7998	2	1	1	0	28	185	0	1	1
7999	1	1	1	0	28	749	0	1	0
7999	2	1	1	0	28	749	0	1	1
8000	1	1	1	0	28	749	0	1	0
8000	2	1	1	0	28	749	0	1	1
8001	1	1	1	0	28	749	0	1	0
8001	2	1	1	0	28	749	0	1	1
8002	1	1	1	0	28	749	0	1	0
8002	2	1	1	0	28	749	0	1	1
8003	1	1	1	0	28	749	0	1	0
8003	2	1	1	0	28	749	0	1	1
8004	1	1	1	0	28	749	0	1	0
8004	2	1	1	0	28	749	0	1	1
8005	1	1	1	0	28	749	0	1	0
8005	2	1	1	0	28	749	0	1	1
8006	1	1	1	0	28	749	0	1	0
8006	2	1	1	0	28	749	0	1	1
8007	1	1	1	0	28	749	0	1	0
8007	2	1	1	0	28	749	0	1	1
8009	1	1	1	0	24	669	0	1	0
8009	2	1	1	0	24	669	0	1	1
8010	1	1	1	0	18	967	0	1	0
8010	2	1	1	0	18	967	0	1	1
8011	1	1	1	0	18	967	0	1	0
8011	2	1	1	0	18	967	0	1	1
8012	1	1	1	0	20	1191	0	1	0
8012	2	1	1	0	20	1191	0	1	1
8013	1	1	1	0	20	1191	0	1	0
8013	2	1	1	0	20	1191	0	1	1
8014	1	1	1	0	20	1191	0	1	0
8014	2	1	1	0	20	1191	0	1	1
8015	1	1	1	0	20	1191	0	1	0
8015	2	1	1	0	20	1191	0	1	1
8016	1	1	1	0	20	1191	0	1	0
8016	2	1	1	0	20	1191	0	1	1
8017	1	1	1	0	26	301	0	1	0
8017	2	1	1	0	26	301	0	1	1
8018	1	1	1	0	20	693	0	1	0
8018	2	1	1	0	20	693	0	1	1
8019	1	1	1	0	20	693	0	1	0
8019	2	1	1	0	20	693	0	1	1
8020	1	1	1	0	20	775	0	1	0
8020	2	1	1	0	20	775	0	1	1
8021	1	1	1	0	20	693	0	1	0
8021	2	1	1	0	20	693	0	1	1
8022	1	1	1	0	20	693	0	1	0
8022	2	1	1	0	20	693	0	1	1
8023	1	1	1	0	20	775	0	1	0
8023	2	1	1	0	20	775	0	1	1
8024	1	1	1	0	20	693	0	1	0
8024	2	1	1	0	20	693	0	1	1
8025	1	1	1	0	20	693	0	1	0
8025	2	1	1	0	20	693	0	1	1
8026	1	1	1	0	20	1191	0	1	0
8026	2	1	1	0	20	1191	0	1	1
8027	1	1	1	0	20	1191	0	1	0
8027	2	1	1	0	20	1191	0	1	1
8028	1	1	1	0	18	967	0	1	0
8028	2	1	1	0	18	967	0	1	1
8029	1	1	1	0	18	967	0	1	0
8029	2	1	1	0	18	967	0	1	1
8030	1	1	1	0	18	967	0	1	0
8030	2	1	1	0	18	967	0	1	1
8031	1	1	1	0	18	967	0	1	0
8031	2	1	1	0	18	967	0	1	1
8032	1	1	1	0	18	967	0	1	0
8032	2	1	1	0	18	967	0	1	1
8033	1	1	1	0	18	967	0	1	0
8033	2	1	1	0	18	967	0	1	1
8034	1	1	1	0	18	967	0	1	0
8034	2	1	1	0	18	967	0	1	1
8035	1	1	1	0	18	967	0	1	0
8035	2	1	1	0	18	967	0	1	1
8036	1	1	1	0	20	193	0	1	0
8036	2	1	1	0	20	193	0	1	1
8037	1	1	1	0	18	749	0	1	0
8037	2	1	1	0	18	749	0	1	1
8038	1	1	1	0	18	749	0	1	0
8038	2	1	1	0	18	749	0	1	1
8039	1	1	1	0	18	749	0	1	0
8039	2	1	1	0	18	749	0	1	1
8040	1	1	1	0	18	749	0	1	0
8040	2	1	1	0	18	749	0	1	1
8041	1	1	1	0	18	749	0	1	0
8041	2	1	1	0	18	749	0	1	1
8042	1	1	1	0	14	717	0	1	0
8042	2	1	1	0	14	717	0	1	1
8043	1	1	1	0	14	717	0	1	0
8043	2	1	1	0	14	717	0	1	1
8044	1	1	1	0	14	717	0	1	0
8044	2	1	1	0	14	717	0	1	1
8045	1	1	1	0	18	79	0	1	0
8045	2	1	1	0	18	79	0	1	1
8046	1	1	1	0	10	469	0	1	0
8046	2	1	1	0	10	469	0	1	1
8047	1	1	1	0	10	469	0	1	0
8047	2	1	1	0	10	469	0	1	1
8048	1	1	1	0	8	421	0	1	0
8048	2	1	1	0	8	421	0	1	1
8049	1	1	1	0	8	421	0	1	0
8049	2	1	1	0	8	421	0	1	1
8050	1	1	1	0	6	309	0	1	0
8050	2	1	1	0	6	309	0	1	1
8051	1	1	1	0	6	309	0	1	0
8051	2	1	1	0	6	309	0	1	1
8052	1	1	1	0	0	81	0	1	0
8052	2	1	1	0	0	81	0	1	1
8053	1	1	1	0	0	81	0	1	0
8053	2	1	1	0	0	81	0	1	1
8054	1	1	1	0	0	81	0	1	0
8054	2	1	1	0	0	81	0	1	1
8055	1	1	1	0	0	81	0	1	0
8055	2	1	1	0	0	81	0	1	1
8056	1	1	1	0	6	309	0	1	0
8056	2	1	1	0	6	309	0	1	1
8057	1	1	1	0	6	309	0	1	0
8057	2	1	1	0	6	309	0	1	1
8058	1	1	1	0	12	597	0	1	0
8058	2	1	1	0	12	597	0	1	1
8059	1	1	1	0	12	597	0	1	0
8059	2	1	1	0	12	597	0	1	1
8060	1	1	1	0	16	903	0	1	0
8060	2	1	1	0	16	903	0	1	1
8061	1	1	1	0	16	903	0	1	0
8061	2	1	1	0	16	903	0	1	1
8062	1	1	1	0	18	967	0	1	0
8062	2	1	1	0	18	967	0	1	1
8063	1	1	1	0	18	967	0	1	0
8063	2	1	1	0	18	967	0	1	1
8064	1	1	1	0	20	1191	0	1	0
8064	2	1	1	0	20	1191	0	1	1
8065	1	1	1	0	20	1191	0	1	0
8065	2	1	1	0	20	1191	0	1	1
8066	1	1	1	0	22	1383	0	1	0
8066	2	1	1	0	22	1383	0	1	1
8067	1	1	1	0	22	1383	0	1	0
8067	2	1	1	0	22	1383	0	1	1
8068	1	1	1	0	22	1031	0	1	0
8068	2	1	1	0	22	1031	0	1	1
8069	1	1	1	0	22	807	0	1	0
8069	2	1	1	0	22	807	0	1	1
8070	1	1	1	0	24	669	0	1	0
8070	2	1	1	0	24	669	0	1	1
8071	1	1	1	0	24	807	0	1	0
8071	2	1	1	0	24	807	0	1	1
8072	1	1	1	0	24	669	0	1	0
8072	2	1	1	0	24	669	0	1	1
8073	1	1	1	0	24	1620	0	1	0
8073	2	1	1	0	24	1620	0	1	1
8074	1	1	1	0	26	1836	0	1	0
8074	2	1	1	0	26	1836	0	1	1
8075	1	1	1	0	26	1692	0	1	0
8075	2	1	1	0	26	1692	0	1	1
8076	1	1	1	0	28	749	0	1	0
8076	2	1	1	0	28	749	0	1	1
8077	1	1	1	0	28	749	0	1	0
8077	2	1	1	0	28	749	0	1	1
8078	1	1	1	0	28	749	0	1	0
8078	2	1	1	0	28	749	0	1	1
8079	1	1	1	0	28	749	0	1	0
8079	2	1	1	0	28	749	0	1	1
8080	1	1	1	0	28	749	0	1	0
8080	2	1	1	0	28	749	0	1	1
8081	1	1	1	0	28	749	0	1	0
8081	2	1	1	0	28	749	0	1	1
8083	1	1	1	0	28	749	0	1	0
8083	2	1	1	0	28	749	0	1	1
8084	1	1	1	0	28	749	0	1	0
8084	2	1	1	0	28	749	0	1	1
8085	1	1	1	0	28	749	0	1	0
8085	2	1	1	0	28	749	0	1	1
8086	1	1	1	0	28	749	0	1	0
8086	2	1	1	0	28	749	0	1	1
8087	1	1	1	0	28	749	0	1	0
8087	2	1	1	0	28	749	0	1	1
8088	1	1	1	0	28	2196	0	1	0
8088	2	1	1	0	28	2196	0	1	1
8089	1	1	1	0	28	2196	0	1	0
8089	2	1	1	0	28	2196	0	1	1
8090	1	1	1	0	28	1479	0	1	0
8090	2	1	1	0	28	1479	0	1	1
8091	1	1	1	0	28	749	0	1	0
8091	2	1	1	0	28	749	0	1	1
8092	1	1	1	0	28	185	0	1	0
8092	2	1	1	0	28	185	0	1	1
8093	1	1	1	0	28	749	0	1	0
8093	2	1	1	0	28	749	0	1	1
8094	1	1	1	0	28	749	0	1	0
8094	2	1	1	0	28	749	0	1	1
8095	1	1	1	0	28	749	0	1	0
8095	2	1	1	0	28	749	0	1	1
8096	1	1	1	0	28	749	0	1	0
8096	2	1	1	0	28	749	0	1	1
8097	1	1	1	0	28	749	0	1	0
8097	2	1	1	0	28	749	0	1	1
8098	1	1	1	0	28	749	0	1	0
8098	2	1	1	0	28	749	0	1	1
8099	1	1	1	0	28	749	0	1	0
8099	2	1	1	0	28	749	0	1	1
8100	1	1	1	0	28	749	0	1	0
8100	2	1	1	0	28	749	0	1	1
8102	1	1	1	0	28	749	0	1	0
8102	2	1	1	0	28	749	0	1	1
8103	1	1	1	0	28	2196	0	1	0
8103	2	1	1	0	28	2196	0	1	1
8104	1	1	1	0	28	1479	0	1	0
8104	2	1	1	0	28	1479	0	1	1
8105	1	1	1	0	28	749	0	1	0
8105	2	1	1	0	28	749	0	1	1
8106	1	1	1	0	28	749	0	1	0
8106	2	1	1	0	28	749	0	1	1
8107	1	1	1	0	28	749	0	1	0
8107	2	1	1	0	28	749	0	1	1
8108	1	1	1	0	28	749	0	1	0
8108	2	1	1	0	28	749	0	1	1
8109	1	1	1	0	28	749	0	1	0
8109	2	1	1	0	28	749	0	1	1
8111	1	1	1	0	28	749	0	1	0
8111	2	1	1	0	28	749	0	1	1
8112	1	1	1	0	28	749	0	1	0
8112	2	1	1	0	28	749	0	1	1
8113	1	1	1	0	28	749	0	1	0
8113	2	1	1	0	28	749	0	1	1
8114	1	1	1	0	28	749	0	1	0
8114	2	1	1	0	28	749	0	1	1
8115	1	1	1	0	28	749	0	1	0
8115	2	1	1	0	28	749	0	1	1
8116	1	1	1	0	28	749	0	1	0
8116	2	1	1	0	28	749	0	1	1
8117	1	1	1	0	28	749	0	1	0
8117	2	1	1	0	28	749	0	1	1
8118	1	1	1	0	26	1836	0	1	0
8118	2	1	1	0	26	1836	0	1	1
8119	1	1	1	0	26	1692	0	1	0
8119	2	1	1	0	26	1692	0	1	1
8120	1	1	1	0	28	185	0	1	0
8120	2	1	1	0	28	185	0	1	1
8121	1	1	1	0	28	749	0	1	0
8121	2	1	1	0	28	749	0	1	1
8122	1	1	1	0	28	749	0	1	0
8122	2	1	1	0	28	749	0	1	1
8123	1	1	1	0	28	749	0	1	0
8123	2	1	1	0	28	749	0	1	1
8124	1	1	1	0	28	749	0	1	0
8124	2	1	1	0	28	749	0	1	1
8125	1	1	1	0	28	749	0	1	0
8125	2	1	1	0	28	749	0	1	1
8126	1	1	1	0	28	749	0	1	0
8126	2	1	1	0	28	749	0	1	1
8127	1	1	1	0	28	749	0	1	0
8127	2	1	1	0	28	749	0	1	1
8128	1	1	1	0	28	749	0	1	0
8128	2	1	1	0	28	749	0	1	1
8130	1	1	1	0	28	749	0	1	0
8130	2	1	1	0	28	749	0	1	1
8131	1	1	1	0	28	749	0	1	0
8131	2	1	1	0	28	749	0	1	1
8132	1	1	1	0	28	749	0	1	0
8132	2	1	1	0	28	749	0	1	1
8133	1	1	1	0	26	1836	0	1	0
8133	2	1	1	0	26	1836	0	1	1
8134	1	1	1	0	26	1692	0	1	0
8134	2	1	1	0	26	1692	0	1	1
8135	1	1	1	0	26	903	0	1	0
8135	2	1	1	0	26	903	0	1	1
8136	1	1	1	0	24	669	0	1	0
8136	2	1	1	0	24	669	0	1	1
8137	1	1	1	0	24	807	0	1	0
8137	2	1	1	0	24	807	0	1	1
8139	1	1	1	0	24	669	0	1	0
8139	2	1	1	0	24	669	0	1	1
8140	1	1	1	0	22	807	0	1	0
8140	2	1	1	0	22	807	0	1	1
8141	1	1	1	0	22	693	0	1	0
8141	2	1	1	0	22	693	0	1	1
8142	1	1	1	0	22	693	0	1	0
8142	2	1	1	0	22	693	0	1	1
8143	1	1	1	0	22	807	0	1	0
8143	2	1	1	0	22	807	0	1	1
8144	1	1	1	0	20	693	0	1	0
8144	2	1	1	0	20	693	0	1	1
8145	1	1	1	0	20	693	0	1	0
8145	2	1	1	0	20	693	0	1	1
8146	1	1	1	0	16	775	0	1	0
8146	2	1	1	0	16	775	0	1	1
8147	1	1	1	0	16	693	0	1	0
8147	2	1	1	0	16	693	0	1	1
8148	1	1	1	0	12	597	0	1	0
8148	2	1	1	0	12	597	0	1	1
8149	1	1	1	0	12	597	0	1	0
8149	2	1	1	0	12	597	0	1	1
8150	1	1	1	0	6	309	0	1	0
8150	2	1	1	0	6	309	0	1	1
8151	1	1	1	0	6	309	0	1	0
8151	2	1	1	0	6	309	0	1	1
8152	1	1	1	0	0	81	0	1	0
8152	2	1	1	0	0	81	0	1	1
8153	1	1	1	0	0	81	0	1	0
8153	2	1	1	0	0	81	0	1	1
8154	1	1	1	0	0	81	0	1	0
8154	2	1	1	0	0	81	0	1	1
8155	1	1	1	0	0	81	0	1	0
8155	2	1	1	0	0	81	0	1	1
8156	1	1	1	0	4	217	0	1	0
8156	2	1	1	0	4	217	0	1	1
8157	1	1	1	0	4	217	0	1	0
8157	2	1	1	0	4	217	0	1	1
8158	1	1	1	0	10	469	0	1	0
8158	2	1	1	0	10	469	0	1	1
8159	1	1	1	0	10	469	0	1	0
8159	2	1	1	0	10	469	0	1	1
8160	1	1	1	0	14	775	0	1	0
8160	2	1	1	0	14	775	0	1	1
8161	1	1	1	0	14	775	0	1	0
8161	2	1	1	0	14	775	0	1	1
8162	1	1	1	0	18	967	0	1	0
8162	2	1	1	0	18	967	0	1	1
8163	1	1	1	0	18	967	0	1	0
8163	2	1	1	0	18	967	0	1	1
8164	1	1	1	0	20	1191	0	1	0
8164	2	1	1	0	20	1191	0	1	1
8165	1	1	1	0	20	1191	0	1	0
8165	2	1	1	0	20	1191	0	1	1
8166	1	1	1	0	22	1383	0	1	0
8166	2	1	1	0	22	1383	0	1	1
8167	1	1	1	0	22	1383	0	1	0
8167	2	1	1	0	22	1383	0	1	1
8168	1	1	1	0	24	1620	0	1	0
8168	2	1	1	0	24	1620	0	1	1
8169	1	1	1	0	24	1479	0	1	0
8169	2	1	1	0	24	1479	0	1	1
8170	1	1	1	0	26	749	0	1	0
8170	2	1	1	0	26	749	0	1	1
8171	1	1	1	0	26	749	0	1	0
8171	2	1	1	0	26	749	0	1	1
8172	1	1	1	0	28	749	0	1	0
8172	2	1	1	0	28	749	0	1	1
8173	1	1	1	0	28	749	0	1	0
8173	2	1	1	0	28	749	0	1	1
8174	1	1	1	0	28	2052	0	1	0
8174	2	1	1	0	28	2052	0	1	1
8175	1	1	1	0	28	935	0	1	0
8175	2	1	1	0	28	935	0	1	1
8177	1	1	1	0	28	749	0	1	0
8177	2	1	1	0	28	749	0	1	1
8178	1	1	1	0	28	749	0	1	0
8178	2	1	1	0	28	749	0	1	1
8179	1	1	1	0	28	749	0	1	0
8179	2	1	1	0	28	749	0	1	1
8180	1	1	1	0	28	749	0	1	0
8180	2	1	1	0	28	749	0	1	1
8181	1	1	1	0	28	749	0	1	0
8181	2	1	1	0	28	749	0	1	1
8182	1	1	1	0	28	749	0	1	0
8182	2	1	1	0	28	749	0	1	1
8183	1	1	1	0	28	2196	0	1	0
8183	2	1	1	0	28	2196	0	1	1
8184	1	1	1	0	28	2196	0	1	0
8184	2	1	1	0	28	2196	0	1	1
8185	1	1	1	0	28	749	0	1	0
8185	2	1	1	0	28	749	0	1	1
8186	1	1	1	0	28	749	0	1	0
8186	2	1	1	0	28	749	0	1	1
8187	1	1	1	0	28	749	0	1	0
8187	2	1	1	0	28	749	0	1	1
8188	1	1	1	0	28	749	0	1	0
8188	2	1	1	0	28	749	0	1	1
8189	1	1	1	0	28	749	0	1	0
8189	2	1	1	0	28	749	0	1	1
8190	1	1	1	0	28	749	0	1	0
8190	2	1	1	0	28	749	0	1	1
8191	1	1	1	0	28	749	0	1	0
8191	2	1	1	0	28	749	0	1	1
8192	1	1	1	0	28	749	0	1	0
8192	2	1	1	0	28	749	0	1	1
8193	1	1	1	0	28	749	0	1	0
8193	2	1	1	0	28	749	0	1	1
8195	1	1	1	0	28	749	0	1	0
8195	2	1	1	0	28	749	0	1	1
8196	1	1	1	0	28	749	0	1	0
8196	2	1	1	0	28	749	0	1	1
8197	1	1	1	0	28	749	0	1	0
8197	2	1	1	0	28	749	0	1	1
8198	1	1	1	0	28	749	0	1	0
8198	2	1	1	0	28	749	0	1	1
8199	1	1	1	0	28	2196	0	1	0
8199	2	1	1	0	28	2196	0	1	1
8200	1	1	1	0	28	2052	0	1	0
8200	2	1	1	0	28	2052	0	1	1
8201	1	1	1	0	28	935	0	1	0
8201	2	1	1	0	28	935	0	1	1
8202	1	1	1	0	28	749	0	1	0
8202	2	1	1	0	28	749	0	1	1
8203	1	1	1	0	28	749	0	1	0
8203	2	1	1	0	28	749	0	1	1
8205	1	1	1	0	28	749	0	1	0
8205	2	1	1	0	28	749	0	1	1
8206	1	1	1	0	28	749	0	1	0
8206	2	1	1	0	28	749	0	1	1
8207	1	1	1	0	28	749	0	1	0
8207	2	1	1	0	28	749	0	1	1
8208	1	1	1	0	28	749	0	1	0
8208	2	1	1	0	28	749	0	1	1
8209	1	1	1	0	28	749	0	1	0
8209	2	1	1	0	28	749	0	1	1
8210	1	1	1	0	28	749	0	1	0
8210	2	1	1	0	28	749	0	1	1
8211	1	1	1	0	28	749	0	1	0
8211	2	1	1	0	28	749	0	1	1
8212	1	1	1	0	28	749	0	1	0
8212	2	1	1	0	28	749	0	1	1
8214	1	1	1	0	28	2196	0	1	0
8214	2	1	1	0	28	2196	0	1	1
8215	1	1	1	0	28	2196	0	1	0
8215	2	1	1	0	28	2196	0	1	1
8216	1	1	1	0	28	1479	0	1	0
8216	2	1	1	0	28	1479	0	1	1
8217	1	1	1	0	28	749	0	1	0
8217	2	1	1	0	28	749	0	1	1
8218	1	1	1	0	28	749	0	1	0
8218	2	1	1	0	28	749	0	1	1
8219	1	1	1	0	28	749	0	1	0
8219	2	1	1	0	28	749	0	1	1
8220	1	1	1	0	28	749	0	1	0
8220	2	1	1	0	28	749	0	1	1
8221	1	1	1	0	28	749	0	1	0
8221	2	1	1	0	28	749	0	1	1
8223	1	1	1	0	28	749	0	1	0
8223	2	1	1	0	28	749	0	1	1
8224	1	1	1	0	28	749	0	1	0
8224	2	1	1	0	28	749	0	1	1
8225	1	1	1	0	28	749	0	1	0
8225	2	1	1	0	28	749	0	1	1
8226	1	1	1	0	28	749	0	1	0
8226	2	1	1	0	28	749	0	1	1
8227	1	1	1	0	28	749	0	1	0
8227	2	1	1	0	28	749	0	1	1
8228	1	1	1	0	28	749	0	1	0
8228	2	1	1	0	28	749	0	1	1
8229	1	1	1	0	28	2196	0	1	0
8229	2	1	1	0	28	2196	0	1	1
8230	1	1	1	0	28	2196	0	1	0
8230	2	1	1	0	28	2196	0	1	1
8231	1	1	1	0	28	1479	0	1	0
8231	2	1	1	0	28	1479	0	1	1
8232	1	1	1	0	28	185	0	1	0
8232	2	1	1	0	28	185	0	1	1
8233	1	1	1	0	28	749	0	1	0
8233	2	1	1	0	28	749	0	1	1
8234	1	1	1	0	28	749	0	1	0
8234	2	1	1	0	28	749	0	1	1
8235	1	1	1	0	28	749	0	1	0
8235	2	1	1	0	28	749	0	1	1
8236	1	1	1	0	28	749	0	1	0
8236	2	1	1	0	28	749	0	1	1
8237	1	1	1	0	28	749	0	1	0
8237	2	1	1	0	28	749	0	1	1
8238	1	1	1	0	28	749	0	1	0
8238	2	1	1	0	28	749	0	1	1
8239	1	1	1	0	28	749	0	1	0
8239	2	1	1	0	28	749	0	1	1
8240	1	1	1	0	28	749	0	1	0
8240	2	1	1	0	28	749	0	1	1
8242	1	1	1	0	28	749	0	1	0
8242	2	1	1	0	28	749	0	1	1
8243	1	1	1	0	28	749	0	1	0
8243	2	1	1	0	28	749	0	1	1
8244	1	1	1	0	28	749	0	1	0
8244	2	1	1	0	28	749	0	1	1
8245	1	1	1	0	28	2196	0	1	0
8245	2	1	1	0	28	2196	0	1	1
8246	1	1	1	0	28	2196	0	1	0
8246	2	1	1	0	28	2196	0	1	1
8247	1	1	1	0	28	1479	0	1	0
8247	2	1	1	0	28	1479	0	1	1
8248	1	1	1	0	28	749	0	1	0
8248	2	1	1	0	28	749	0	1	1
8249	1	1	1	0	28	749	0	1	0
8249	2	1	1	0	28	749	0	1	1
8251	1	1	1	0	28	749	0	1	0
8251	2	1	1	0	28	749	0	1	1
8252	1	1	1	0	26	749	0	1	0
8252	2	1	1	0	26	749	0	1	1
8253	1	1	1	0	26	749	0	1	0
8253	2	1	1	0	26	749	0	1	1
8254	1	1	1	0	26	749	0	1	0
8254	2	1	1	0	26	749	0	1	1
8255	1	1	1	0	26	749	0	1	0
8255	2	1	1	0	26	749	0	1	1
8256	1	1	1	0	26	749	0	1	0
8256	2	1	1	0	26	749	0	1	1
8257	1	1	1	0	26	749	0	1	0
8257	2	1	1	0	26	749	0	1	1
8258	1	1	1	0	26	749	0	1	0
8258	2	1	1	0	26	749	0	1	1
8259	1	1	1	0	26	749	0	1	0
8259	2	1	1	0	26	749	0	1	1
8260	1	1	1	0	26	1836	0	1	0
8260	2	1	1	0	26	1836	0	1	1
8261	1	1	1	0	26	1836	0	1	0
8261	2	1	1	0	26	1836	0	1	1
8262	1	1	1	0	26	1836	0	1	0
8262	2	1	1	0	26	1836	0	1	1
8263	1	1	1	0	26	1063	0	1	0
8263	2	1	1	0	26	1063	0	1	1
8264	1	1	1	0	26	749	0	1	0
8264	2	1	1	0	26	749	0	1	1
8265	1	1	1	0	26	749	0	1	0
8265	2	1	1	0	26	749	0	1	1
8266	1	1	1	0	28	749	0	1	0
8266	2	1	1	0	28	749	0	1	1
8267	1	1	1	0	28	749	0	1	0
8267	2	1	1	0	28	749	0	1	1
8268	1	1	1	0	28	749	0	1	0
8268	2	1	1	0	28	749	0	1	1
8270	1	1	1	0	28	749	0	1	0
8270	2	1	1	0	28	749	0	1	1
8271	1	1	1	0	28	749	0	1	0
8271	2	1	1	0	28	749	0	1	1
8272	1	1	1	0	28	749	0	1	0
8272	2	1	1	0	28	749	0	1	1
8273	1	1	1	0	28	749	0	1	0
8273	2	1	1	0	28	749	0	1	1
8274	1	1	1	0	28	749	0	1	0
8274	2	1	1	0	28	749	0	1	1
8275	1	1	1	0	28	749	0	1	0
8275	2	1	1	0	28	749	0	1	1
8276	1	1	1	0	28	749	0	1	0
8276	2	1	1	0	28	749	0	1	1
8277	1	1	1	0	28	749	0	1	0
8277	2	1	1	0	28	749	0	1	1
8279	1	1	1	0	28	749	0	1	0
8279	2	1	1	0	28	749	0	1	1
8280	1	1	1	0	28	749	0	1	0
8280	2	1	1	0	28	749	0	1	1
8281	1	1	1	0	28	749	0	1	0
8281	2	1	1	0	28	749	0	1	1
8282	1	1	1	0	28	2196	0	1	0
8282	2	1	1	0	28	2196	0	1	1
8283	1	1	1	0	28	2052	0	1	0
8283	2	1	1	0	28	2052	0	1	1
8284	1	1	1	0	28	935	0	1	0
8284	2	1	1	0	28	935	0	1	1
8285	1	1	1	0	28	749	0	1	0
8285	2	1	1	0	28	749	0	1	1
8286	1	1	1	0	28	749	0	1	0
8286	2	1	1	0	28	749	0	1	1
8287	1	1	1	0	28	749	0	1	0
8287	2	1	1	0	28	749	0	1	1
8289	1	1	1	0	28	749	0	1	0
8289	2	1	1	0	28	749	0	1	1
8290	1	1	1	0	28	749	0	1	0
8290	2	1	1	0	28	749	0	1	1
8291	1	1	1	0	28	749	0	1	0
8291	2	1	1	0	28	749	0	1	1
8292	1	1	1	0	28	749	0	1	0
8292	2	1	1	0	28	749	0	1	1
8293	1	1	1	0	28	749	0	1	0
8293	2	1	1	0	28	749	0	1	1
8294	1	1	1	0	28	749	0	1	0
8294	2	1	1	0	28	749	0	1	1
8295	1	1	1	0	28	749	0	1	0
8295	2	1	1	0	28	749	0	1	1
8296	1	1	1	0	28	749	0	1	0
8296	2	1	1	0	28	749	0	1	1
8297	1	1	1	0	28	2052	0	1	0
8297	2	1	1	0	28	2052	0	1	1
8298	1	1	1	0	28	935	0	1	0
8298	2	1	1	0	28	935	0	1	1
8299	1	1	1	0	28	749	0	1	0
8299	2	1	1	0	28	749	0	1	1
8300	1	1	1	0	28	749	0	1	0
8300	2	1	1	0	28	749	0	1	1
8301	1	1	1	0	28	749	0	1	0
8301	2	1	1	0	28	749	0	1	1
8302	1	1	1	0	28	749	0	1	0
8302	2	1	1	0	28	749	0	1	1
8303	1	1	1	0	28	749	0	1	0
8303	2	1	1	0	28	749	0	1	1
8304	1	1	1	0	28	749	0	1	0
8304	2	1	1	0	28	749	0	1	1
8305	1	1	1	0	28	749	0	1	0
8305	2	1	1	0	28	749	0	1	1
8307	1	1	1	0	28	749	0	1	0
8307	2	1	1	0	28	749	0	1	1
8308	1	1	1	0	28	749	0	1	0
8308	2	1	1	0	28	749	0	1	1
8309	1	1	1	0	28	749	0	1	0
8309	2	1	1	0	28	749	0	1	1
8310	1	1	1	0	28	749	0	1	0
8310	2	1	1	0	28	749	0	1	1
8311	1	1	1	0	28	749	0	1	0
8311	2	1	1	0	28	749	0	1	1
8312	1	1	1	0	28	2196	0	1	0
8312	2	1	1	0	28	2196	0	1	1
8313	1	1	1	0	28	2052	0	1	0
8313	2	1	1	0	28	2052	0	1	1
8314	1	1	1	0	28	935	0	1	0
8314	2	1	1	0	28	935	0	1	1
8315	1	1	1	0	28	749	0	1	0
8315	2	1	1	0	28	749	0	1	1
8317	1	1	1	0	28	749	0	1	0
8317	2	1	1	0	28	749	0	1	1
8318	1	1	1	0	28	749	0	1	0
8318	2	1	1	0	28	749	0	1	1
8319	1	1	1	0	28	749	0	1	0
8319	2	1	1	0	28	749	0	1	1
8320	1	1	1	0	28	749	0	1	0
8320	2	1	1	0	28	749	0	1	1
8321	1	1	1	0	28	749	0	1	0
8321	2	1	1	0	28	749	0	1	1
8322	1	1	1	0	28	749	0	1	0
8322	2	1	1	0	28	749	0	1	1
8323	1	1	1	0	28	749	0	1	0
8323	2	1	1	0	28	749	0	1	1
8324	1	1	1	0	28	749	0	1	0
8324	2	1	1	0	28	749	0	1	1
8326	1	1	1	0	28	749	0	1	0
8326	2	1	1	0	28	749	0	1	1
8327	1	1	1	0	28	749	0	1	0
8327	2	1	1	0	28	749	0	1	1
8328	1	1	1	0	20	1191	0	1	0
8328	2	1	1	0	20	1191	0	1	1
8329	1	1	1	0	20	1191	0	1	0
8329	2	1	1	0	20	1191	0	1	1
8330	1	1	1	0	20	1191	0	1	0
8330	2	1	1	0	20	1191	0	1	1
8331	1	1	1	0	20	1191	0	1	0
8331	2	1	1	0	20	1191	0	1	1
8332	1	1	1	0	20	1191	0	1	0
8332	2	1	1	0	20	1191	0	1	1
8333	1	1	1	0	28	1287	0	1	0
8333	2	1	1	0	28	1287	0	1	1
8334	1	1	1	0	28	185	0	1	0
8334	2	1	1	0	28	185	0	1	1
8335	1	1	1	0	28	749	0	1	0
8335	2	1	1	0	28	749	0	1	1
8336	1	1	1	0	28	749	0	1	0
8336	2	1	1	0	28	749	0	1	1
8337	1	1	1	0	28	749	0	1	0
8337	2	1	1	0	28	749	0	1	1
8338	1	1	1	0	28	749	0	1	0
8338	2	1	1	0	28	749	0	1	1
8339	1	1	1	0	28	749	0	1	0
8339	2	1	1	0	28	749	0	1	1
8340	1	1	1	0	28	749	0	1	0
8340	2	1	1	0	28	749	0	1	1
8341	1	1	1	0	28	749	0	1	0
8341	2	1	1	0	28	749	0	1	1
8342	1	1	1	0	28	749	0	1	0
8342	2	1	1	0	28	749	0	1	1
8343	1	1	1	0	28	749	0	1	0
8343	2	1	1	0	28	749	0	1	1
8344	1	1	1	0	20	1191	0	1	0
8344	2	1	1	0	20	1191	0	1	1
8345	1	1	1	0	20	1191	0	1	0
8345	2	1	1	0	20	1191	0	1	1
8346	1	1	1	0	20	1191	0	1	0
8346	2	1	1	0	20	1191	0	1	1
8347	1	1	1	0	20	1191	0	1	0
8347	2	1	1	0	20	1191	0	1	1
8348	1	1	1	0	20	1191	0	1	0
8348	2	1	1	0	20	1191	0	1	1
8349	1	1	1	0	20	1191	0	1	0
8349	2	1	1	0	20	1191	0	1	1
8350	1	1	1	0	28	935	0	1	0
8350	2	1	1	0	28	935	0	1	1
8351	1	1	1	0	28	749	0	1	0
8351	2	1	1	0	28	749	0	1	1
8352	1	1	1	0	28	749	0	1	0
8352	2	1	1	0	28	749	0	1	1
8354	1	1	1	0	28	749	0	1	0
8354	2	1	1	0	28	749	0	1	1
8355	1	1	1	0	28	749	0	1	0
8355	2	1	1	0	28	749	0	1	1
8356	1	1	1	0	28	749	0	1	0
8356	2	1	1	0	28	749	0	1	1
8357	1	1	1	0	28	749	0	1	0
8357	2	1	1	0	28	749	0	1	1
8358	1	1	1	0	28	749	0	1	0
8358	2	1	1	0	28	749	0	1	1
8359	1	1	1	0	28	749	0	1	0
8359	2	1	1	0	28	749	0	1	1
8360	1	1	1	0	20	1191	0	1	0
8360	2	1	1	0	20	1191	0	1	1
8361	1	1	1	0	20	1191	0	1	0
8361	2	1	1	0	20	1191	0	1	1
8362	1	1	1	0	20	1191	0	1	0
8362	2	1	1	0	20	1191	0	1	1
8363	1	1	1	0	20	1191	0	1	0
8363	2	1	1	0	20	1191	0	1	1
8364	1	1	1	0	20	1095	0	1	0
8364	2	1	1	0	20	1095	0	1	1
8365	1	1	1	0	20	693	0	1	0
8365	2	1	1	0	20	693	0	1	1
8366	1	1	1	0	20	775	0	1	0
8366	2	1	1	0	20	775	0	1	1
8367	1	1	1	0	20	693	0	1	0
8367	2	1	1	0	20	693	0	1	1
8368	1	1	1	0	20	693	0	1	0
8368	2	1	1	0	20	693	0	1	1
8369	1	1	1	0	20	775	0	1	0
8369	2	1	1	0	20	775	0	1	1
8370	1	1	1	0	20	693	0	1	0
8370	2	1	1	0	20	693	0	1	1
8371	1	1	1	0	20	693	0	1	0
8371	2	1	1	0	20	693	0	1	1
8372	1	1	1	0	28	185	0	1	0
8372	2	1	1	0	28	185	0	1	1
8373	1	1	1	0	20	693	0	1	0
8373	2	1	1	0	20	693	0	1	1
8374	1	1	1	0	22	693	0	1	0
8374	2	1	1	0	22	693	0	1	1
8375	1	1	1	0	22	807	0	1	0
8375	2	1	1	0	22	807	0	1	1
8376	1	1	1	0	22	1383	0	1	0
8376	2	1	1	0	22	1383	0	1	1
8377	1	1	1	0	22	1383	0	1	0
8377	2	1	1	0	22	1383	0	1	1
8378	1	1	1	0	22	1383	0	1	0
8378	2	1	1	0	22	1383	0	1	1
8379	1	1	1	0	22	1383	0	1	0
8379	2	1	1	0	22	1383	0	1	1
8380	1	1	1	0	24	1620	0	1	0
8380	2	1	1	0	24	1620	0	1	1
8381	1	1	1	0	24	269	0	1	0
8381	2	1	1	0	24	269	0	1	1
8382	1	1	1	0	24	669	0	1	0
8382	2	1	1	0	24	669	0	1	1
8383	1	1	1	0	24	807	0	1	0
8383	2	1	1	0	24	807	0	1	1
8384	1	1	1	0	24	669	0	1	0
8384	2	1	1	0	24	669	0	1	1
8385	1	1	1	0	24	807	0	1	0
8385	2	1	1	0	24	807	0	1	1
8386	1	1	1	0	26	749	0	1	0
8386	2	1	1	0	26	749	0	1	1
8387	1	1	1	0	26	749	0	1	0
8387	2	1	1	0	26	749	0	1	1
8388	1	1	1	0	28	749	0	1	0
8388	2	1	1	0	28	749	0	1	1
8389	1	1	1	0	28	749	0	1	0
8389	2	1	1	0	28	749	0	1	1
8391	1	1	1	0	28	749	0	1	0
8391	2	1	1	0	28	749	0	1	1
8392	1	1	1	0	28	2196	0	1	0
8392	2	1	1	0	28	2196	0	1	1
8393	1	1	1	0	28	2196	0	1	0
8393	2	1	1	0	28	2196	0	1	1
8394	1	1	1	0	28	1479	0	1	0
8394	2	1	1	0	28	1479	0	1	1
8395	1	1	1	0	28	749	0	1	0
8395	2	1	1	0	28	749	0	1	1
8396	1	1	1	0	28	749	0	1	0
8396	2	1	1	0	28	749	0	1	1
8397	1	1	1	0	28	749	0	1	0
8397	2	1	1	0	28	749	0	1	1
8398	1	1	1	0	28	749	0	1	0
8398	2	1	1	0	28	749	0	1	1
8399	1	1	1	0	28	749	0	1	0
8399	2	1	1	0	28	749	0	1	1
8401	1	1	1	0	28	749	0	1	0
8401	2	1	1	0	28	749	0	1	1
8402	1	1	1	0	28	749	0	1	0
8402	2	1	1	0	28	749	0	1	1
8403	1	1	1	0	28	749	0	1	0
8403	2	1	1	0	28	749	0	1	1
8404	1	1	1	0	28	749	0	1	0
8404	2	1	1	0	28	749	0	1	1
8405	1	1	1	0	28	749	0	1	0
8405	2	1	1	0	28	749	0	1	1
8406	1	1	1	0	28	749	0	1	0
8406	2	1	1	0	28	749	0	1	1
8407	1	1	1	0	28	749	0	1	0
8407	2	1	1	0	28	749	0	1	1
8408	1	1	1	0	28	2196	0	1	0
8408	2	1	1	0	28	2196	0	1	1
8409	1	1	1	0	28	2196	0	1	0
8409	2	1	1	0	28	2196	0	1	1
8410	1	1	1	0	28	749	0	1	0
8410	2	1	1	0	28	749	0	1	1
8411	1	1	1	0	28	749	0	1	0
8411	2	1	1	0	28	749	0	1	1
8412	1	1	1	0	28	749	0	1	0
8412	2	1	1	0	28	749	0	1	1
8413	1	1	1	0	28	749	0	1	0
8413	2	1	1	0	28	749	0	1	1
8414	1	1	1	0	28	749	0	1	0
8414	2	1	1	0	28	749	0	1	1
8415	1	1	1	0	28	749	0	1	0
8415	2	1	1	0	28	749	0	1	1
8416	1	1	1	0	28	749	0	1	0
8416	2	1	1	0	28	749	0	1	1
8417	1	1	1	0	28	749	0	1	0
8417	2	1	1	0	28	749	0	1	1
8419	1	1	1	0	28	749	0	1	0
8419	2	1	1	0	28	749	0	1	1
8420	1	1	1	0	28	749	0	1	0
8420	2	1	1	0	28	749	0	1	1
8421	1	1	1	0	28	749	0	1	0
8421	2	1	1	0	28	749	0	1	1
8422	1	1	1	0	28	749	0	1	0
8422	2	1	1	0	28	749	0	1	1
8423	1	1	1	0	20	1191	0	1	0
8423	2	1	1	0	20	1191	0	1	1
8424	1	1	1	0	16	903	0	1	0
8424	2	1	1	0	16	903	0	1	1
8425	1	1	1	0	16	903	0	1	0
8425	2	1	1	0	16	903	0	1	1
8426	1	1	1	0	12	597	0	1	0
8426	2	1	1	0	12	597	0	1	1
8427	1	1	1	0	12	597	0	1	0
8427	2	1	1	0	12	597	0	1	1
8428	1	1	1	0	10	469	0	1	0
8428	2	1	1	0	10	469	0	1	1
8429	1	1	1	0	10	469	0	1	0
8429	2	1	1	0	10	469	0	1	1
8430	1	1	1	0	4	217	0	1	0
8430	2	1	1	0	4	217	0	1	1
8431	1	1	1	0	4	217	0	1	0
8431	2	1	1	0	4	217	0	1	1
8432	1	1	1	0	2	133	0	1	0
8432	2	1	1	0	2	133	0	1	1
8433	1	1	1	0	2	133	0	1	0
8433	2	1	1	0	2	133	0	1	1
8434	1	1	1	0	8	421	0	1	0
8434	2	1	1	0	8	421	0	1	1
8435	1	1	1	0	8	421	0	1	0
8435	2	1	1	0	8	421	0	1	1
8436	1	1	1	0	8	421	0	1	0
8436	2	1	1	0	8	421	0	1	1
8437	1	1	1	0	8	421	0	1	0
8437	2	1	1	0	8	421	0	1	1
8438	1	1	1	0	8	421	0	1	0
8438	2	1	1	0	8	421	0	1	1
8439	1	1	1	0	8	421	0	1	0
8439	2	1	1	0	8	421	0	1	1
8440	1	1	1	0	8	421	0	1	0
8440	2	1	1	0	8	421	0	1	1
8441	1	1	1	0	8	421	0	1	0
8441	2	1	1	0	8	421	0	1	1
8442	1	1	1	0	10	469	0	1	0
8442	2	1	1	0	10	469	0	1	1
8443	1	1	1	0	10	469	0	1	0
8443	2	1	1	0	10	469	0	1	1
8444	1	1	1	0	14	775	0	1	0
8444	2	1	1	0	14	775	0	1	1
8445	1	1	1	0	14	775	0	1	0
8445	2	1	1	0	14	775	0	1	1
8446	1	1	1	0	12	597	0	1	0
8446	2	1	1	0	12	597	0	1	1
8447	1	1	1	0	12	597	0	1	0
8447	2	1	1	0	12	597	0	1	1
8448	1	1	1	0	10	469	0	1	0
8448	2	1	1	0	10	469	0	1	1
8449	1	1	1	0	10	469	0	1	0
8449	2	1	1	0	10	469	0	1	1
8450	1	1	1	0	10	469	0	1	0
8450	2	1	1	0	10	469	0	1	1
8451	1	1	1	0	10	469	0	1	0
8451	2	1	1	0	10	469	0	1	1
8452	1	1	1	0	10	469	0	1	0
8452	2	1	1	0	10	469	0	1	1
8453	1	1	1	0	10	469	0	1	0
8453	2	1	1	0	10	469	0	1	1
8454	1	1	1	0	10	469	0	1	0
8454	2	1	1	0	10	469	0	1	1
8455	1	1	1	0	10	469	0	1	0
8455	2	1	1	0	10	469	0	1	1
8456	1	1	1	0	8	421	0	1	0
8456	2	1	1	0	8	421	0	1	1
8457	1	1	1	0	8	421	0	1	0
8457	2	1	1	0	8	421	0	1	1
8458	1	1	1	0	10	469	0	1	0
8458	2	1	1	0	10	469	0	1	1
8459	1	1	1	0	10	469	0	1	0
8459	2	1	1	0	10	469	0	1	1
8460	1	1	1	0	10	469	0	1	0
8460	2	1	1	0	10	469	0	1	1
8461	1	1	1	0	10	469	0	1	0
8461	2	1	1	0	10	469	0	1	1
8462	1	1	1	0	10	469	0	1	0
8462	2	1	1	0	10	469	0	1	1
8463	1	1	1	0	10	469	0	1	0
8463	2	1	1	0	10	469	0	1	1
8464	1	1	1	0	12	597	0	1	0
8464	2	1	1	0	12	597	0	1	1
8465	1	1	1	0	12	597	0	1	0
8465	2	1	1	0	12	597	0	1	1
8466	1	1	1	0	12	597	0	1	0
8466	2	1	1	0	12	597	0	1	1
8467	1	1	1	0	12	597	0	1	0
8467	2	1	1	0	12	597	0	1	1
8468	1	1	1	0	10	469	0	1	0
8468	2	1	1	0	10	469	0	1	1
8469	1	1	1	0	10	469	0	1	0
8469	2	1	1	0	10	469	0	1	1
8470	1	1	1	0	10	469	0	1	0
8470	2	1	1	0	10	469	0	1	1
8471	1	1	1	0	10	469	0	1	0
8471	2	1	1	0	10	469	0	1	1
8472	1	1	1	0	10	469	0	1	0
8472	2	1	1	0	10	469	0	1	1
8473	1	1	1	0	10	469	0	1	0
8473	2	1	1	0	10	469	0	1	1
8474	1	1	1	0	8	421	0	1	0
8474	2	1	1	0	8	421	0	1	1
8475	1	1	1	0	8	421	0	1	0
8475	2	1	1	0	8	421	0	1	1
8476	1	1	1	0	8	421	0	1	0
8476	2	1	1	0	8	421	0	1	1
8477	1	1	1	0	8	421	0	1	0
8477	2	1	1	0	8	421	0	1	1
8478	1	1	1	0	8	421	0	1	0
8478	2	1	1	0	8	421	0	1	1
8479	1	1	1	0	8	421	0	1	0
8479	2	1	1	0	8	421	0	1	1
8480	1	1	1	0	8	421	0	1	0
8480	2	1	1	0	8	421	0	1	1
8481	1	1	1	0	8	421	0	1	0
8481	2	1	1	0	8	421	0	1	1
8482	1	1	1	0	8	421	0	1	0
8482	2	1	1	0	8	421	0	1	1
8483	1	1	1	0	8	421	0	1	0
8483	2	1	1	0	8	421	0	1	1
8484	1	1	1	0	6	309	0	1	0
8484	2	1	1	0	6	309	0	1	1
8485	1	1	1	0	6	309	0	1	0
8485	2	1	1	0	6	309	0	1	1
8486	1	1	1	0	6	309	0	1	0
8486	2	1	1	0	6	309	0	1	1
8487	1	1	1	0	6	309	0	1	0
8487	2	1	1	0	6	309	0	1	1
8488	1	1	1	0	6	309	0	1	0
8488	2	1	1	0	6	309	0	1	1
8489	1	1	1	0	6	309	0	1	0
8489	2	1	1	0	6	309	0	1	1
8490	1	1	1	0	6	309	0	1	0
8490	2	1	1	0	6	309	0	1	1
8491	1	1	1	0	6	309	0	1	0
8491	2	1	1	0	6	309	0	1	1
8492	1	1	1	0	6	309	0	1	0
8492	2	1	1	0	6	309	0	1	1
8493	1	1	1	0	6	309	0	1	0
8493	2	1	1	0	6	309	0	1	1
8494	1	1	1	0	8	421	0	1	0
8494	2	1	1	0	8	421	0	1	1
8495	1	1	1	0	8	421	0	1	0
8495	2	1	1	0	8	421	0	1	1
8496	1	1	1	0	8	421	0	1	0
8496	2	1	1	0	8	421	0	1	1
8497	1	1	1	0	8	421	0	1	0
8497	2	1	1	0	8	421	0	1	1
8498	1	1	1	0	8	421	0	1	0
8498	2	1	1	0	8	421	0	1	1
8499	1	1	1	0	8	421	0	1	0
8499	2	1	1	0	8	421	0	1	1
8500	1	1	1	0	6	309	0	1	0
8500	2	1	1	0	6	309	0	1	1
8501	1	1	1	0	6	309	0	1	0
8501	2	1	1	0	6	309	0	1	1
8502	1	1	1	0	6	309	0	1	0
8502	2	1	1	0	6	309	0	1	1
8503	1	1	1	0	6	309	0	1	0
8503	2	1	1	0	6	309	0	1	1
8504	1	1	1	0	10	469	0	1	0
8504	2	1	1	0	10	469	0	1	1
8505	1	1	1	0	10	469	0	1	0
8505	2	1	1	0	10	469	0	1	1
8506	1	1	1	0	4	217	0	1	0
8506	2	1	1	0	4	217	0	1	1
8507	1	1	1	0	4	217	0	1	0
8507	2	1	1	0	4	217	0	1	1
8508	1	1	1	0	28	2196	0	1	0
8508	2	1	1	0	28	2196	0	1	1
8509	1	1	1	0	28	2196	0	1	0
8509	2	1	1	0	28	2196	0	1	1
8510	1	1	1	0	28	1692	0	1	0
8510	2	1	1	0	28	1692	0	1	1
8511	1	1	1	0	28	749	0	1	0
8511	2	1	1	0	28	749	0	1	1
8513	1	1	1	0	28	749	0	1	0
8513	2	1	1	0	28	749	0	1	1
8514	1	1	1	0	28	749	0	1	0
8514	2	1	1	0	28	749	0	1	1
8515	1	1	1	0	28	749	0	1	0
8515	2	1	1	0	28	749	0	1	1
8516	1	1	1	0	28	749	0	1	0
8516	2	1	1	0	28	749	0	1	1
8517	1	1	1	0	28	749	0	1	0
8517	2	1	1	0	28	749	0	1	1
8518	1	1	1	0	28	749	0	1	0
8518	2	1	1	0	28	749	0	1	1
8519	1	1	1	0	28	749	0	1	0
8519	2	1	1	0	28	749	0	1	1
8520	1	1	1	0	28	749	0	1	0
8520	2	1	1	0	28	749	0	1	1
8522	1	1	1	0	28	749	0	1	0
8522	2	1	1	0	28	749	0	1	1
8523	1	1	1	0	28	749	0	1	0
8523	2	1	1	0	28	749	0	1	1
8524	1	1	1	0	28	749	0	1	0
8524	2	1	1	0	28	749	0	1	1
8525	1	1	1	0	28	749	0	1	0
8525	2	1	1	0	28	749	0	1	1
8526	1	1	1	0	28	749	0	1	0
8526	2	1	1	0	28	749	0	1	1
8527	1	1	1	0	28	749	0	1	0
8527	2	1	1	0	28	749	0	1	1
8528	1	1	1	0	28	749	0	1	0
8528	2	1	1	0	28	749	0	1	1
8529	1	1	1	0	28	749	0	1	0
8529	2	1	1	0	28	749	0	1	1
8531	1	1	1	0	28	749	0	1	0
8531	2	1	1	0	28	749	0	1	1
8532	1	1	1	0	28	749	0	1	0
8532	2	1	1	0	28	749	0	1	1
8533	1	1	1	0	28	749	0	1	0
8533	2	1	1	0	28	749	0	1	1
8534	1	1	1	0	28	749	0	1	0
8534	2	1	1	0	28	749	0	1	1
8535	1	1	1	0	28	749	0	1	0
8535	2	1	1	0	28	749	0	1	1
8536	1	1	1	0	28	749	0	1	0
8536	2	1	1	0	28	749	0	1	1
8537	1	1	1	0	28	749	0	1	0
8537	2	1	1	0	28	749	0	1	1
8538	1	1	1	0	28	749	0	1	0
8538	2	1	1	0	28	749	0	1	1
8539	1	1	1	0	28	749	0	1	0
8539	2	1	1	0	28	749	0	1	1
8541	1	1	1	0	28	749	0	1	0
8541	2	1	1	0	28	749	0	1	1
8542	1	1	1	0	28	749	0	1	0
8542	2	1	1	0	28	749	0	1	1
8543	1	1	1	0	28	749	0	1	0
8543	2	1	1	0	28	749	0	1	1
8544	1	1	1	0	28	749	0	1	0
8544	2	1	1	0	28	749	0	1	1
8545	1	1	1	0	28	749	0	1	0
8545	2	1	1	0	28	749	0	1	1
8546	1	1	1	0	28	749	0	1	0
8546	2	1	1	0	28	749	0	1	1
8547	1	1	1	0	28	749	0	1	0
8547	2	1	1	0	28	749	0	1	1
8548	1	1	1	0	28	749	0	1	0
8548	2	1	1	0	28	749	0	1	1
8550	1	1	1	0	28	749	0	1	0
8550	2	1	1	0	28	749	0	1	1
8551	1	1	1	0	28	749	0	1	0
8551	2	1	1	0	28	749	0	1	1
8552	1	1	1	0	28	749	0	1	0
8552	2	1	1	0	28	749	0	1	1
8553	1	1	1	0	28	749	0	1	0
8553	2	1	1	0	28	749	0	1	1
8554	1	1	1	0	28	749	0	1	0
8554	2	1	1	0	28	749	0	1	1
8555	1	1	1	0	28	749	0	1	0
8555	2	1	1	0	28	749	0	1	1
8556	1	1	1	0	28	749	0	1	0
8556	2	1	1	0	28	749	0	1	1
8557	1	1	1	0	28	749	0	1	0
8557	2	1	1	0	28	749	0	1	1
8559	1	1	1	0	28	749	0	1	0
8559	2	1	1	0	28	749	0	1	1
8560	1	1	1	0	28	749	0	1	0
8560	2	1	1	0	28	749	0	1	1
8561	1	1	1	0	28	749	0	1	0
8561	2	1	1	0	28	749	0	1	1
8562	1	1	1	0	28	749	0	1	0
8562	2	1	1	0	28	749	0	1	1
8563	1	1	1	0	28	749	0	1	0
8563	2	1	1	0	28	749	0	1	1
8564	1	1	1	0	28	749	0	1	0
8564	2	1	1	0	28	749	0	1	1
8565	1	1	1	0	28	749	0	1	0
8565	2	1	1	0	28	749	0	1	1
8566	1	1	1	0	28	749	0	1	0
8566	2	1	1	0	28	749	0	1	1
8567	1	1	1	0	28	749	0	1	0
8567	2	1	1	0	28	749	0	1	1
8569	1	1	1	0	28	749	0	1	0
8569	2	1	1	0	28	749	0	1	1
8570	1	1	1	0	28	749	0	1	0
8570	2	1	1	0	28	749	0	1	1
8571	1	1	1	0	28	749	0	1	0
8571	2	1	1	0	28	749	0	1	1
8572	1	1	1	0	28	749	0	1	0
8572	2	1	1	0	28	749	0	1	1
8573	1	1	1	0	28	749	0	1	0
8573	2	1	1	0	28	749	0	1	1
8574	1	1	1	0	28	749	0	1	0
8574	2	1	1	0	28	749	0	1	1
8575	1	1	1	0	28	749	0	1	0
8575	2	1	1	0	28	749	0	1	1
8576	1	1	1	0	28	749	0	1	0
8576	2	1	1	0	28	749	0	1	1
8578	1	1	1	0	28	749	0	1	0
8578	2	1	1	0	28	749	0	1	1
8579	1	1	1	0	28	749	0	1	0
8579	2	1	1	0	28	749	0	1	1
8580	1	1	1	0	28	749	0	1	0
8580	2	1	1	0	28	749	0	1	1
8581	1	1	1	0	28	749	0	1	0
8581	2	1	1	0	28	749	0	1	1
8582	1	1	1	0	28	749	0	1	0
8582	2	1	1	0	28	749	0	1	1
8583	1	1	1	0	28	749	0	1	0
8583	2	1	1	0	28	749	0	1	1
8584	1	1	1	0	28	749	0	1	0
8584	2	1	1	0	28	749	0	1	1
8585	1	1	1	0	28	749	0	1	0
8585	2	1	1	0	28	749	0	1	1
8587	1	1	1	0	28	749	0	1	0
8587	2	1	1	0	28	749	0	1	1
8588	1	1	1	0	28	749	0	1	0
8588	2	1	1	0	28	749	0	1	1
8589	1	1	1	0	28	749	0	1	0
8589	2	1	1	0	28	749	0	1	1
8590	1	1	1	0	28	749	0	1	0
8590	2	1	1	0	28	749	0	1	1
8591	1	1	1	0	28	749	0	1	0
8591	2	1	1	0	28	749	0	1	1
8592	1	1	1	0	28	749	0	1	0
8592	2	1	1	0	28	749	0	1	1
8593	1	1	1	0	28	749	0	1	0
8593	2	1	1	0	28	749	0	1	1
8594	1	1	1	0	28	749	0	1	0
8594	2	1	1	0	28	749	0	1	1
8595	1	1	1	0	28	749	0	1	0
8595	2	1	1	0	28	749	0	1	1
8597	1	1	1	0	28	749	0	1	0
8597	2	1	1	0	28	749	0	1	1
8598	1	1	1	0	28	749	0	1	0
8598	2	1	1	0	28	749	0	1	1
8599	1	1	1	0	28	749	0	1	0
8599	2	1	1	0	28	749	0	1	1
8600	1	1	1	0	28	749	0	1	0
8600	2	1	1	0	28	749	0	1	1
8601	1	1	1	0	28	749	0	1	0
8601	2	1	1	0	28	749	0	1	1
8602	1	1	1	0	28	749	0	1	0
8602	2	1	1	0	28	749	0	1	1
8603	1	1	1	0	28	749	0	1	0
8603	2	1	1	0	28	749	0	1	1
8604	1	1	1	0	28	749	0	1	0
8604	2	1	1	0	28	749	0	1	1
8606	1	1	1	0	28	749	0	1	0
8606	2	1	1	0	28	749	0	1	1
8607	1	1	1	0	28	749	0	1	0
8607	2	1	1	0	28	749	0	1	1
8608	1	1	1	0	28	749	0	1	0
8608	2	1	1	0	28	749	0	1	1
8609	1	1	1	0	28	749	0	1	0
8609	2	1	1	0	28	749	0	1	1
8610	1	1	1	0	28	749	0	1	0
8610	2	1	1	0	28	749	0	1	1
8611	1	1	1	0	28	749	0	1	0
8611	2	1	1	0	28	749	0	1	1
8612	1	1	1	0	28	749	0	1	0
8612	2	1	1	0	28	749	0	1	1
8613	1	1	1	0	28	749	0	1	0
8613	2	1	1	0	28	749	0	1	1
8615	1	1	1	0	26	749	0	1	0
8615	2	1	1	0	26	749	0	1	1
8616	1	1	1	0	24	669	0	1	0
8616	2	1	1	0	24	669	0	1	1
8617	1	1	1	0	24	807	0	1	0
8617	2	1	1	0	24	807	0	1	1
8618	1	1	1	0	24	669	0	1	0
8618	2	1	1	0	24	669	0	1	1
8619	1	1	1	0	24	807	0	1	0
8619	2	1	1	0	24	807	0	1	1
8620	1	1	1	0	22	693	0	1	0
8620	2	1	1	0	22	693	0	1	1
8621	1	1	1	0	22	693	0	1	0
8621	2	1	1	0	22	693	0	1	1
8622	1	1	1	0	22	807	0	1	0
8622	2	1	1	0	22	807	0	1	1
8623	1	1	1	0	22	693	0	1	0
8623	2	1	1	0	22	693	0	1	1
8624	1	1	1	0	24	133	0	1	0
8624	2	1	1	0	24	133	0	1	1
8625	1	1	1	0	20	693	0	1	0
8625	2	1	1	0	20	693	0	1	1
8626	1	1	1	0	18	749	0	1	0
8626	2	1	1	0	18	749	0	1	1
8627	1	1	1	0	18	749	0	1	0
8627	2	1	1	0	18	749	0	1	1
8628	1	1	1	0	18	749	0	1	0
8628	2	1	1	0	18	749	0	1	1
8629	1	1	1	0	18	749	0	1	0
8629	2	1	1	0	18	749	0	1	1
8630	1	1	1	0	16	693	0	1	0
8630	2	1	1	0	16	693	0	1	1
8631	1	1	1	0	16	693	0	1	0
8631	2	1	1	0	16	693	0	1	1
8632	1	1	1	0	16	775	0	1	0
8632	2	1	1	0	16	775	0	1	1
8634	1	1	1	0	18	749	0	1	0
8634	2	1	1	0	18	749	0	1	1
8635	1	1	1	0	18	749	0	1	0
8635	2	1	1	0	18	749	0	1	1
8636	1	1	1	0	18	749	0	1	0
8636	2	1	1	0	18	749	0	1	1
8637	1	1	1	0	18	749	0	1	0
8637	2	1	1	0	18	749	0	1	1
8638	1	1	1	0	18	749	0	1	0
8638	2	1	1	0	18	749	0	1	1
8639	1	1	1	0	18	749	0	1	0
8639	2	1	1	0	18	749	0	1	1
8640	1	1	1	0	18	749	0	1	0
8640	2	1	1	0	18	749	0	1	1
8641	1	1	1	0	18	749	0	1	0
8641	2	1	1	0	18	749	0	1	1
8643	1	1	1	0	18	749	0	1	0
8643	2	1	1	0	18	749	0	1	1
8644	1	1	1	0	18	749	0	1	0
8644	2	1	1	0	18	749	0	1	1
8645	1	1	1	0	18	749	0	1	0
8645	2	1	1	0	18	749	0	1	1
8646	1	1	1	0	16	693	0	1	0
8646	2	1	1	0	16	693	0	1	1
8647	1	1	1	0	16	693	0	1	0
8647	2	1	1	0	16	693	0	1	1
8648	1	1	1	0	28	749	0	1	0
8648	2	1	1	0	28	749	0	1	1
8649	1	1	1	0	28	749	0	1	0
8649	2	1	1	0	28	749	0	1	1
8650	1	1	1	0	28	749	0	1	0
8650	2	1	1	0	28	749	0	1	1
8651	1	1	1	0	28	749	0	1	0
8651	2	1	1	0	28	749	0	1	1
8653	1	1	1	0	28	749	0	1	0
8653	2	1	1	0	28	749	0	1	1
8654	1	1	1	0	28	749	0	1	0
8654	2	1	1	0	28	749	0	1	1
8655	1	1	1	0	28	749	0	1	0
8655	2	1	1	0	28	749	0	1	1
8656	1	1	1	0	28	749	0	1	0
8656	2	1	1	0	28	749	0	1	1
8657	1	1	1	0	28	749	0	1	0
8657	2	1	1	0	28	749	0	1	1
8658	1	1	1	0	28	749	0	1	0
8658	2	1	1	0	28	749	0	1	1
8659	1	1	1	0	28	749	0	1	0
8659	2	1	1	0	28	749	0	1	1
8660	1	1	1	0	28	749	0	1	0
8660	2	1	1	0	28	749	0	1	1
8662	1	1	1	0	28	749	0	1	0
8662	2	1	1	0	28	749	0	1	1
8663	1	1	1	0	28	749	0	1	0
8663	2	1	1	0	28	749	0	1	1
8664	1	1	1	0	28	749	0	1	0
8664	2	1	1	0	28	749	0	1	1
8665	1	1	1	0	28	749	0	1	0
8665	2	1	1	0	28	749	0	1	1
8666	1	1	1	0	28	749	0	1	0
8666	2	1	1	0	28	749	0	1	1
8667	1	1	1	0	28	749	0	1	0
8667	2	1	1	0	28	749	0	1	1
8668	1	1	1	0	28	749	0	1	0
8668	2	1	1	0	28	749	0	1	1
8669	1	1	1	0	28	749	0	1	0
8669	2	1	1	0	28	749	0	1	1
8671	1	1	1	0	28	749	0	1	0
8671	2	1	1	0	28	749	0	1	1
8672	1	1	1	0	28	749	0	1	0
8672	2	1	1	0	28	749	0	1	1
8673	1	1	1	0	28	749	0	1	0
8673	2	1	1	0	28	749	0	1	1
8674	1	1	1	0	28	749	0	1	0
8674	2	1	1	0	28	749	0	1	1
8675	1	1	1	0	28	749	0	1	0
8675	2	1	1	0	28	749	0	1	1
8676	1	1	1	0	28	749	0	1	0
8676	2	1	1	0	28	749	0	1	1
8677	1	1	1	0	28	749	0	1	0
8677	2	1	1	0	28	749	0	1	1
8678	1	1	1	0	28	749	0	1	0
8678	2	1	1	0	28	749	0	1	1
8679	1	1	1	0	28	749	0	1	0
8679	2	1	1	0	28	749	0	1	1
8681	1	1	1	0	28	749	0	1	0
8681	2	1	1	0	28	749	0	1	1
8682	1	1	1	0	28	749	0	1	0
8682	2	1	1	0	28	749	0	1	1
8683	1	1	1	0	28	749	0	1	0
8683	2	1	1	0	28	749	0	1	1
8684	1	1	1	0	28	749	0	1	0
8684	2	1	1	0	28	749	0	1	1
8685	1	1	1	0	28	749	0	1	0
8685	2	1	1	0	28	749	0	1	1
8686	1	1	1	0	28	749	0	1	0
8686	2	1	1	0	28	749	0	1	1
8687	1	1	1	0	28	749	0	1	0
8687	2	1	1	0	28	749	0	1	1
8688	1	1	1	0	28	749	0	1	0
8688	2	1	1	0	28	749	0	1	1
8690	1	1	1	0	28	749	0	1	0
8690	2	1	1	0	28	749	0	1	1
8691	1	1	1	0	28	749	0	1	0
8691	2	1	1	0	28	749	0	1	1
8692	1	1	1	0	28	749	0	1	0
8692	2	1	1	0	28	749	0	1	1
8693	1	1	1	0	28	749	0	1	0
8693	2	1	1	0	28	749	0	1	1
8694	1	1	1	0	28	749	0	1	0
8694	2	1	1	0	28	749	0	1	1
8695	1	1	1	0	28	749	0	1	0
8695	2	1	1	0	28	749	0	1	1
8696	1	1	1	0	28	749	0	1	0
8696	2	1	1	0	28	749	0	1	1
8697	1	1	1	0	28	749	0	1	0
8697	2	1	1	0	28	749	0	1	1
8699	1	1	1	0	28	749	0	1	0
8699	2	1	1	0	28	749	0	1	1
8700	1	1	1	0	28	749	0	1	0
8700	2	1	1	0	28	749	0	1	1
8701	1	1	1	0	28	749	0	1	0
8701	2	1	1	0	28	749	0	1	1
8702	1	1	1	0	28	749	0	1	0
8702	2	1	1	0	28	749	0	1	1
8703	1	1	1	0	28	749	0	1	0
8703	2	1	1	0	28	749	0	1	1
8704	1	1	1	0	28	749	0	1	0
8704	2	1	1	0	28	749	0	1	1
8705	1	1	1	0	28	749	0	1	0
8705	2	1	1	0	28	749	0	1	1
8706	1	1	1	0	28	749	0	1	0
8706	2	1	1	0	28	749	0	1	1
8707	1	1	1	0	28	749	0	1	0
8707	2	1	1	0	28	749	0	1	1
8709	1	1	1	0	28	749	0	1	0
8709	2	1	1	0	28	749	0	1	1
8710	1	1	1	0	26	749	0	1	0
8710	2	1	1	0	26	749	0	1	1
8711	1	1	1	0	26	749	0	1	0
8711	2	1	1	0	26	749	0	1	1
8712	1	1	1	0	26	749	0	1	0
8712	2	1	1	0	26	749	0	1	1
8713	1	1	1	0	26	749	0	1	0
8713	2	1	1	0	26	749	0	1	1
8714	1	1	1	0	24	669	0	1	0
8714	2	1	1	0	24	669	0	1	1
8715	1	1	1	0	24	807	0	1	0
8715	2	1	1	0	24	807	0	1	1
8716	1	1	1	0	22	693	0	1	0
8716	2	1	1	0	22	693	0	1	1
8717	1	1	1	0	22	113	0	1	0
8717	2	1	1	0	22	113	0	1	1
8718	1	1	1	0	20	693	0	1	0
8718	2	1	1	0	20	693	0	1	1
8719	1	1	1	0	20	693	0	1	0
8719	2	1	1	0	20	693	0	1	1
8720	1	1	1	0	16	775	0	1	0
8720	2	1	1	0	16	775	0	1	1
8721	1	1	1	0	16	693	0	1	0
8721	2	1	1	0	16	693	0	1	1
8722	1	1	1	0	12	597	0	1	0
8722	2	1	1	0	12	597	0	1	1
8723	1	1	1	0	12	597	0	1	0
8723	2	1	1	0	12	597	0	1	1
8724	1	1	1	0	22	113	1	0	0
8724	2	1	1	0	12	597	0	1	1
8725	1	1	1	0	12	597	0	1	0
8725	2	1	1	0	12	597	0	1	1
8726	1	1	1	0	12	597	0	1	0
8726	2	1	1	0	12	597	0	1	1
8727	1	1	1	0	12	597	0	1	0
8727	2	1	1	0	12	597	0	1	1
8728	1	1	1	0	16	903	0	1	0
8728	2	1	1	0	16	903	0	1	1
8729	1	1	1	0	16	839	0	1	0
8729	2	1	1	0	16	839	0	1	1
8730	1	1	1	0	20	693	0	1	0
8730	2	1	1	0	20	693	0	1	1
8731	1	1	1	0	20	775	0	1	0
8731	2	1	1	0	20	775	0	1	1
8732	1	1	1	0	20	693	0	1	0
8732	2	1	1	0	20	693	0	1	1
8733	1	1	1	0	20	693	0	1	0
8733	2	1	1	0	20	693	0	1	1
8734	1	1	1	0	22	807	0	1	0
8734	2	1	1	0	22	807	0	1	1
8735	1	1	1	0	22	693	0	1	0
8735	2	1	1	0	22	693	0	1	1
8736	1	1	1	0	26	149	0	1	0
8736	2	1	1	0	26	149	0	1	1
8737	1	1	1	0	24	669	0	1	0
8737	2	1	1	0	24	669	0	1	1
8738	1	1	1	0	24	807	0	1	0
8738	2	1	1	0	24	807	0	1	1
8739	1	1	1	0	24	669	0	1	0
8739	2	1	1	0	24	669	0	1	1
8740	1	1	1	0	26	749	0	1	0
8740	2	1	1	0	26	749	0	1	1
8741	1	1	1	0	26	749	0	1	0
8741	2	1	1	0	26	749	0	1	1
8742	1	1	1	0	28	749	0	1	0
8742	2	1	1	0	28	749	0	1	1
8743	1	1	1	0	28	749	0	1	0
8743	2	1	1	0	28	749	0	1	1
8744	1	1	1	0	28	749	0	1	0
8744	2	1	1	0	28	749	0	1	1
8746	1	1	1	0	28	749	0	1	0
8746	2	1	1	0	28	749	0	1	1
8747	1	1	1	0	28	749	0	1	0
8747	2	1	1	0	28	749	0	1	1
8748	1	1	1	0	28	749	0	1	0
8748	2	1	1	0	28	749	0	1	1
8749	1	1	1	0	28	749	0	1	0
8749	2	1	1	0	28	749	0	1	1
8750	1	1	1	0	28	749	0	1	0
8750	2	1	1	0	28	749	0	1	1
8751	1	1	1	0	28	749	0	1	0
8751	2	1	1	0	28	749	0	1	1
8752	1	1	1	0	28	749	0	1	0
8752	2	1	1	0	28	749	0	1	1
8753	1	1	1	0	28	749	0	1	0
8753	2	1	1	0	28	749	0	1	1
8755	1	1	1	0	28	749	0	1	0
8755	2	1	1	0	28	749	0	1	1
8756	1	1	1	0	28	749	0	1	0
8756	2	1	1	0	28	749	0	1	1
8757	1	1	1	0	28	749	0	1	0
8757	2	1	1	0	28	749	0	1	1
8758	1	1	1	0	28	749	0	1	0
8758	2	1	1	0	28	749	0	1	1
8759	1	1	1	0	28	749	0	1	0
8759	2	1	1	0	28	749	0	1	1
8760	1	1	1	0	28	749	0	1	0
8760	2	1	1	0	28	749	0	1	1
8761	1	1	1	0	28	749	0	1	0
8761	2	1	1	0	28	749	0	1	1
8762	1	1	1	0	28	749	0	1	0
8762	2	1	1	0	28	749	0	1	1
8763	1	1	1	0	28	749	0	1	0
8763	2	1	1	0	28	749	0	1	1
8765	1	1	1	0	28	749	0	1	0
8765	2	1	1	0	28	749	0	1	1
8766	1	1	1	0	28	749	0	1	0
8766	2	1	1	0	28	749	0	1	1
8767	1	1	1	0	28	749	0	1	0
8767	2	1	1	0	28	749	0	1	1
8768	1	1	1	0	28	749	0	1	0
8768	2	1	1	0	28	749	0	1	1
8769	1	1	1	0	28	749	0	1	0
8769	2	1	1	0	28	749	0	1	1
8770	1	1	1	0	28	749	0	1	0
8770	2	1	1	0	28	749	0	1	1
8771	1	1	1	0	28	749	0	1	0
8771	2	1	1	0	28	749	0	1	1
8772	1	1	1	0	28	749	0	1	0
8772	2	1	1	0	28	749	0	1	1
8774	1	1	1	0	28	749	0	1	0
8774	2	1	1	0	28	749	0	1	1
8775	1	1	1	0	28	749	0	1	0
8775	2	1	1	0	28	749	0	1	1
8776	1	1	1	0	28	749	0	1	0
8776	2	1	1	0	28	749	0	1	1
8777	1	1	1	0	28	749	0	1	0
8777	2	1	1	0	28	749	0	1	1
8778	1	1	1	0	28	749	0	1	0
8778	2	1	1	0	28	749	0	1	1
8779	1	1	1	0	28	749	0	1	0
8779	2	1	1	0	28	749	0	1	1
8780	1	1	1	0	28	749	0	1	0
8780	2	1	1	0	28	749	0	1	1
8781	1	1	1	0	28	749	0	1	0
8781	2	1	1	0	28	749	0	1	1
8783	1	1	1	0	28	749	0	1	0
8783	2	1	1	0	28	749	0	1	1
8784	1	1	1	0	28	749	0	1	0
8784	2	1	1	0	28	749	0	1	1
8785	1	1	1	0	28	749	0	1	0
8785	2	1	1	0	28	749	0	1	1
8786	1	1	1	0	28	749	0	1	0
8786	2	1	1	0	28	749	0	1	1
8787	1	1	1	0	28	749	0	1	0
8787	2	1	1	0	28	749	0	1	1
8788	1	1	1	0	28	749	0	1	0
8788	2	1	1	0	28	749	0	1	1
8789	1	1	1	0	28	749	0	1	0
8789	2	1	1	0	28	749	0	1	1
8790	1	1	1	0	28	749	0	1	0
8790	2	1	1	0	28	749	0	1	1
8791	1	1	1	0	28	749	0	1	0
8791	2	1	1	0	28	749	0	1	1
8793	1	1	1	0	28	749	0	1	0
8793	2	1	1	0	28	749	0	1	1
8794	1	1	1	0	28	749	0	1	0
8794	2	1	1	0	28	749	0	1	1
8795	1	1	1	0	28	749	0	1	0
8795	2	1	1	0	28	749	0	1	1
8796	1	1	1	0	28	749	0	1	0
8796	2	1	1	0	28	749	0	1	1
8797	1	1	1	0	28	749	0	1	0
8797	2	1	1	0	28	749	0	1	1
8798	1	1	1	0	28	749	0	1	0
8798	2	1	1	0	28	749	0	1	1
8799	1	1	1	0	28	749	0	1	0
8799	2	1	1	0	28	749	0	1	1
8800	1	1	1	0	28	749	0	1	0
8800	2	1	1	0	28	749	0	1	1
8802	1	1	1	0	28	749	0	1	0
8802	2	1	1	0	28	749	0	1	1
8803	1	1	1	0	28	749	0	1	0
8803	2	1	1	0	28	749	0	1	1
8804	1	1	1	0	28	749	0	1	0
8804	2	1	1	0	28	749	0	1	1
8805	1	1	1	0	28	749	0	1	0
8805	2	1	1	0	28	749	0	1	1
8806	1	1	1	0	28	749	0	1	0
8806	2	1	1	0	28	749	0	1	1
8807	1	1	1	0	28	749	0	1	0
8807	2	1	1	0	28	749	0	1	1
8808	1	1	1	0	28	749	0	1	0
8808	2	1	1	0	28	749	0	1	1
8809	1	1	1	0	28	749	0	1	0
8809	2	1	1	0	28	749	0	1	1
8811	1	1	1	0	28	749	0	1	0
8811	2	1	1	0	28	749	0	1	1
8812	1	1	1	0	28	749	0	1	0
8812	2	1	1	0	28	749	0	1	1
8813	1	1	1	0	28	749	0	1	0
8813	2	1	1	0	28	749	0	1	1
8814	1	1	1	0	28	749	0	1	0
8814	2	1	1	0	28	749	0	1	1
8815	1	1	1	0	28	749	0	1	0
8815	2	1	1	0	28	749	0	1	1
8816	1	1	1	0	28	749	0	1	0
8816	2	1	1	0	28	749	0	1	1
8817	1	1	1	0	28	749	0	1	0
8817	2	1	1	0	28	749	0	1	1
8818	1	1	1	0	28	749	0	1	0
8818	2	1	1	0	28	749	0	1	1
8819	1	1	1	0	28	749	0	1	0
8819	2	1	1	0	28	749	0	1	1
8821	1	1	1	0	28	749	0	1	0
8821	2	1	1	0	28	749	0	1	1
8822	1	1	1	0	28	749	0	1	0
8822	2	1	1	0	28	749	0	1	1
8823	1	1	1	0	28	749	0	1	0
8823	2	1	1	0	28	749	0	1	1
8824	1	1	1	0	28	749	0	1	0
8824	2	1	1	0	28	749	0	1	1
8825	1	1	1	0	28	749	0	1	0
8825	2	1	1	0	28	749	0	1	1
8826	1	1	1	0	28	749	0	1	0
8826	2	1	1	0	28	749	0	1	1
8827	1	1	1	0	28	749	0	1	0
8827	2	1	1	0	28	749	0	1	1
8828	1	1	1	0	28	749	0	1	0
8828	2	1	1	0	28	749	0	1	1
8830	1	1	1	0	28	749	0	1	0
8830	2	1	1	0	28	749	0	1	1
8831	1	1	1	0	28	749	0	1	0
8831	2	1	1	0	28	749	0	1	1
8832	1	1	1	0	28	749	0	1	0
8832	2	1	1	0	28	749	0	1	1
8833	1	1	1	0	28	749	0	1	0
8833	2	1	1	0	28	749	0	1	1
8834	1	1	1	0	28	749	0	1	0
8834	2	1	1	0	28	749	0	1	1
8835	1	1	1	0	28	749	0	1	0
8835	2	1	1	0	28	749	0	1	1
8836	1	1	1	0	28	749	0	1	0
8836	2	1	1	0	28	749	0	1	1
8837	1	1	1	0	28	749	0	1	0
8837	2	1	1	0	28	749	0	1	1
8839	1	1	1	0	28	749	0	1	0
8839	2	1	1	0	28	749	0	1	1
8840	1	1	1	0	28	749	0	1	0
8840	2	1	1	0	28	749	0	1	1
8841	1	1	1	0	28	749	0	1	0
8841	2	1	1	0	28	749	0	1	1
8842	1	1	1	0	28	749	0	1	0
8842	2	1	1	0	28	749	0	1	1
8843	1	1	1	0	28	749	0	1	0
8843	2	1	1	0	28	749	0	1	1
8844	1	1	1	0	28	749	0	1	0
8844	2	1	1	0	28	749	0	1	1
8845	1	1	1	0	28	749	0	1	0
8845	2	1	1	0	28	749	0	1	1
8846	1	1	1	0	28	749	0	1	0
8846	2	1	1	0	28	749	0	1	1
8847	1	1	1	0	28	749	0	1	0
8847	2	1	1	0	28	749	0	1	1
8849	1	1	1	0	28	749	0	1	0
8849	2	1	1	0	28	749	0	1	1
8850	1	1	1	0	28	749	0	1	0
8850	2	1	1	0	28	749	0	1	1
8851	1	1	1	0	28	749	0	1	0
8851	2	1	1	0	28	749	0	1	1
8852	1	1	1	0	28	749	0	1	0
8852	2	1	1	0	28	749	0	1	1
8853	1	1	1	0	28	749	0	1	0
8853	2	1	1	0	28	749	0	1	1
8854	1	1	1	0	28	749	0	1	0
8854	2	1	1	0	28	749	0	1	1
8855	1	1	1	0	28	749	0	1	0
8855	2	1	1	0	28	749	0	1	1
8856	1	1	1	0	28	749	0	1	0
8856	2	1	1	0	28	749	0	1	1
8858	1	1	1	0	28	749	0	1	0
8858	2	1	1	0	28	749	0	1	1
8859	1	1	1	0	28	749	0	1	0
8859	2	1	1	0	28	749	0	1	1
8860	1	1	1	0	28	749	0	1	0
8860	2	1	1	0	28	749	0	1	1
8861	1	1	1	0	28	749	0	1	0
8861	2	1	1	0	28	749	0	1	1
8862	1	1	1	0	28	749	0	1	0
8862	2	1	1	0	28	749	0	1	1
8863	1	1	1	0	28	749	0	1	0
8863	2	1	1	0	28	749	0	1	1
8864	1	1	1	0	28	749	0	1	0
8864	2	1	1	0	28	749	0	1	1
8865	1	1	1	0	28	749	0	1	0
8865	2	1	1	0	28	749	0	1	1
8867	1	1	1	0	28	749	0	1	0
8867	2	1	1	0	28	749	0	1	1
8868	1	1	1	0	28	749	0	1	0
8868	2	1	1	0	28	749	0	1	1
8869	1	1	1	0	28	749	0	1	0
8869	2	1	1	0	28	749	0	1	1
8870	1	1	1	0	28	749	0	1	0
8870	2	1	1	0	28	749	0	1	1
8871	1	1	1	0	28	749	0	1	0
8871	2	1	1	0	28	749	0	1	1
8872	1	1	1	0	28	749	0	1	0
8872	2	1	1	0	28	749	0	1	1
8873	1	1	1	0	28	749	0	1	0
8873	2	1	1	0	28	749	0	1	1
8874	1	1	1	0	28	749	0	1	0
8874	2	1	1	0	28	749	0	1	1
8875	1	1	1	0	28	749	0	1	0
8875	2	1	1	0	28	749	0	1	1
8877	1	1	1	0	28	749	0	1	0
8877	2	1	1	0	28	749	0	1	1
8878	1	1	1	0	28	749	0	1	0
8878	2	1	1	0	28	749	0	1	1
8879	1	1	1	0	28	749	0	1	0
8879	2	1	1	0	28	749	0	1	1
8880	1	1	1	0	28	749	0	1	0
8880	2	1	1	0	28	749	0	1	1
8881	1	1	1	0	28	749	0	1	0
8881	2	1	1	0	28	749	0	1	1
8882	1	1	1	0	28	749	0	1	0
8882	2	1	1	0	28	749	0	1	1
8883	1	1	1	0	28	749	0	1	0
8883	2	1	1	0	28	749	0	1	1
8884	1	1	1	0	28	749	0	1	0
8884	2	1	1	0	28	749	0	1	1
8886	1	1	1	0	28	749	0	1	0
8886	2	1	1	0	28	749	0	1	1
8887	1	1	1	0	28	749	0	1	0
8887	2	1	1	0	28	749	0	1	1
8888	1	1	1	0	28	749	0	1	0
8888	2	1	1	0	28	749	0	1	1
8889	1	1	1	0	28	749	0	1	0
8889	2	1	1	0	28	749	0	1	1
8890	1	1	1	0	28	749	0	1	0
8890	2	1	1	0	28	749	0	1	1
8891	1	1	1	0	28	749	0	1	0
8891	2	1	1	0	28	749	0	1	1
8892	1	1	1	0	28	749	0	1	0
8892	2	1	1	0	28	749	0	1	1
8893	1	1	1	0	28	749	0	1	0
8893	2	1	1	0	28	749	0	1	1
8895	1	1	1	0	28	749	0	1	0
8895	2	1	1	0	28	749	0	1	1
8896	1	1	1	0	28	749	0	1	0
8896	2	1	1	0	28	749	0	1	1
8897	1	1	1	0	28	749	0	1	0
8897	2	1	1	0	28	749	0	1	1
8898	1	1	1	0	28	749	0	1	0
8898	2	1	1	0	28	749	0	1	1
8899	1	1	1	0	28	749	0	1	0
8899	2	1	1	0	28	749	0	1	1
8900	1	1	1	0	28	749	0	1	0
8900	2	1	1	0	28	749	0	1	1
8901	1	1	1	0	28	749	0	1	0
8901	2	1	1	0	28	749	0	1	1
8902	1	1	1	0	28	749	0	1	0
8902	2	1	1	0	28	749	0	1	1
8903	1	1	1	0	28	749	0	1	0
8903	2	1	1	0	28	749	0	1	1
8905	1	1	1	0	28	749	0	1	0
8905	2	1	1	0	28	749	0	1	1
8906	1	1	1	0	28	749	0	1	0
8906	2	1	1	0	28	749	0	1	1
8907	1	1	1	0	28	749	0	1	0
8907	2	1	1	0	28	749	0	1	1
8908	1	1	1	0	28	749	0	1	0
8908	2	1	1	0	28	749	0	1	1
8909	1	1	1	0	28	749	0	1	0
8909	2	1	1	0	28	749	0	1	1
8910	1	1	1	0	28	749	0	1	0
8910	2	1	1	0	28	749	0	1	1
8911	1	1	1	0	28	749	0	1	0
8911	2	1	1	0	28	749	0	1	1
8912	1	1	1	0	28	749	0	1	0
8912	2	1	1	0	28	749	0	1	1
8914	1	1	1	0	28	749	0	1	0
8914	2	1	1	0	28	749	0	1	1
8915	1	1	1	0	28	749	0	1	0
8915	2	1	1	0	28	749	0	1	1
8916	1	1	1	0	28	749	0	1	0
8916	2	1	1	0	28	749	0	1	1
8917	1	1	1	0	28	749	0	1	0
8917	2	1	1	0	28	749	0	1	1
8918	1	1	1	0	28	749	0	1	0
8918	2	1	1	0	28	749	0	1	1
8919	1	1	1	0	28	749	0	1	0
8919	2	1	1	0	28	749	0	1	1
8920	1	1	1	0	28	749	0	1	0
8920	2	1	1	0	28	749	0	1	1
8921	1	1	1	0	28	749	0	1	0
8921	2	1	1	0	28	749	0	1	1
8923	1	1	1	0	28	749	0	1	0
8923	2	1	1	0	28	749	0	1	1
8924	1	1	1	0	28	749	0	1	0
8924	2	1	1	0	28	749	0	1	1
8925	1	1	1	0	28	749	0	1	0
8925	2	1	1	0	28	749	0	1	1
8926	1	1	1	0	28	749	0	1	0
8926	2	1	1	0	28	749	0	1	1
8927	1	1	1	0	28	749	0	1	0
8927	2	1	1	0	28	749	0	1	1
8928	1	1	1	0	28	749	0	1	0
8928	2	1	1	0	28	749	0	1	1
8929	1	1	1	0	28	749	0	1	0
8929	2	1	1	0	28	749	0	1	1
8930	1	1	1	0	28	749	0	1	0
8930	2	1	1	0	28	749	0	1	1
8931	1	1	1	0	28	749	0	1	0
8931	2	1	1	0	28	749	0	1	1
8933	1	1	1	0	28	749	0	1	0
8933	2	1	1	0	28	749	0	1	1
8934	1	1	1	0	28	749	0	1	0
8934	2	1	1	0	28	749	0	1	1
8935	1	1	1	0	28	749	0	1	0
8935	2	1	1	0	28	749	0	1	1
8936	1	1	1	0	28	749	0	1	0
8936	2	1	1	0	28	749	0	1	1
8937	1	1	1	0	28	749	0	1	0
8937	2	1	1	0	28	749	0	1	1
8938	1	1	1	0	28	749	0	1	0
8938	2	1	1	0	28	749	0	1	1
8939	1	1	1	0	28	749	0	1	0
8939	2	1	1	0	28	749	0	1	1
8940	1	1	1	0	28	749	0	1	0
8940	2	1	1	0	28	749	0	1	1
8942	1	1	1	0	28	749	0	1	0
8942	2	1	1	0	28	749	0	1	1
8943	1	1	1	0	28	749	0	1	0
8943	2	1	1	0	28	749	0	1	1
8944	1	1	1	0	28	749	0	1	0
8944	2	1	1	0	28	749	0	1	1
8945	1	1	1	0	28	749	0	1	0
8945	2	1	1	0	28	749	0	1	1
8946	1	1	1	0	28	749	0	1	0
8946	2	1	1	0	28	749	0	1	1
8947	1	1	1	0	28	749	0	1	0
8947	2	1	1	0	28	749	0	1	1
8948	1	1	1	0	28	749	0	1	0
8948	2	1	1	0	28	749	0	1	1
8949	1	1	1	0	28	749	0	1	0
8949	2	1	1	0	28	749	0	1	1
8951	1	1	1	0	28	749	0	1	0
8951	2	1	1	0	28	749	0	1	1
8952	1	1	1	0	28	749	0	1	0
8952	2	1	1	0	28	749	0	1	1
8953	1	1	1	0	28	749	0	1	0
8953	2	1	1	0	28	749	0	1	1
8954	1	1	1	0	28	749	0	1	0
8954	2	1	1	0	28	749	0	1	1
8955	1	1	1	0	28	749	0	1	0
8955	2	1	1	0	28	749	0	1	1
8956	1	1	1	0	28	749	0	1	0
8956	2	1	1	0	28	749	0	1	1
8957	1	1	1	0	28	749	0	1	0
8957	2	1	1	0	28	749	0	1	1
8958	1	1	1	0	28	749	0	1	0
8958	2	1	1	0	28	749	0	1	1
8959	1	1	1	0	28	749	0	1	0
8959	2	1	1	0	28	749	0	1	1
8961	1	1	1	0	28	749	0	1	0
8961	2	1	1	0	28	749	0	1	1
8962	1	1	1	0	28	749	0	1	0
8962	2	1	1	0	28	749	0	1	1
8963	1	1	1	0	28	749	0	1	0
8963	2	1	1	0	28	749	0	1	1
8964	1	1	1	0	28	749	0	1	0
8964	2	1	1	0	28	749	0	1	1
8965	1	1	1	0	28	749	0	1	0
8965	2	1	1	0	28	749	0	1	1
8966	1	1	1	0	28	749	0	1	0
8966	2	1	1	0	28	749	0	1	1
8967	1	1	1	0	28	749	0	1	0
8967	2	1	1	0	28	749	0	1	1
8968	1	1	1	0	28	749	0	1	0
8968	2	1	1	0	28	749	0	1	1
8970	1	1	1	0	28	749	0	1	0
8970	2	1	1	0	28	749	0	1	1
8971	1	1	1	0	28	749	0	1	0
8971	2	1	1	0	28	749	0	1	1
8972	1	1	1	0	28	749	0	1	0
8972	2	1	1	0	28	749	0	1	1
8973	1	1	1	0	28	749	0	1	0
8973	2	1	1	0	28	749	0	1	1
8974	1	1	1	0	28	749	0	1	0
8974	2	1	1	0	28	749	0	1	1
8975	1	1	1	0	28	749	0	1	0
8975	2	1	1	0	28	749	0	1	1
8976	1	1	1	0	28	749	0	1	0
8976	2	1	1	0	28	749	0	1	1
8977	1	1	1	0	28	749	0	1	0
8977	2	1	1	0	28	749	0	1	1
8979	1	1	1	0	28	749	0	1	0
8979	2	1	1	0	28	749	0	1	1
8980	1	1	1	0	28	749	0	1	0
8980	2	1	1	0	28	749	0	1	1
8981	1	1	1	0	28	749	0	1	0
8981	2	1	1	0	28	749	0	1	1
8982	1	1	1	0	28	749	0	1	0
8982	2	1	1	0	28	749	0	1	1
8983	1	1	1	0	28	749	0	1	0
8983	2	1	1	0	28	749	0	1	1
8984	1	1	1	0	28	749	0	1	0
8984	2	1	1	0	28	749	0	1	1
8985	1	1	1	0	28	749	0	1	0
8985	2	1	1	0	28	749	0	1	1
8986	1	1	1	0	28	749	0	1	0
8986	2	1	1	0	28	749	0	1	1
8987	1	1	1	0	28	749	0	1	0
8987	2	1	1	0	28	749	0	1	1
8989	1	1	1	0	28	749	0	1	0
8989	2	1	1	0	28	749	0	1	1
8990	1	1	1	0	28	749	0	1	0
8990	2	1	1	0	28	749	0	1	1
8991	1	1	1	0	28	749	0	1	0
8991	2	1	1	0	28	749	0	1	1
8992	1	1	1	0	28	749	0	1	0
8992	2	1	1	0	28	749	0	1	1
8993	1	1	1	0	28	749	0	1	0
8993	2	1	1	0	28	749	0	1	1
8994	1	1	1	0	28	749	0	1	0
8994	2	1	1	0	28	749	0	1	1
8995	1	1	1	0	28	749	0	1	0
8995	2	1	1	0	28	749	0	1	1
8996	1	1	1	0	28	749	0	1	0
8996	2	1	1	0	28	749	0	1	1
8998	1	1	1	0	28	749	0	1	0
8998	2	1	1	0	28	749	0	1	1
8999	1	1	1	0	28	749	0	1	0
8999	2	1	1	0	28	749	0	1	1
9000	1	1	1	0	28	749	0	1	0
9000	2	1	1	0	28	749	0	1	1
9001	1	1	1	0	28	749	0	1	0
9001	2	1	1	0	28	749	0	1	1
9002	1	1	1	0	28	749	0	1	0
9002	2	1	1	0	28	749	0	1	1
9003	1	1	1	0	28	749	0	1	0
9003	2	1	1	0	28	749	0	1	1
9004	1	1	1	0	28	749	0	1	0
9004	2	1	1	0	28	749	0	1	1
9005	1	1	1	0	28	749	0	1	0
9005	2	1	1	0	28	749	0	1	1
9007	1	1	1	0	28	749	0	1	0
9007	2	1	1	0	28	749	0	1	1
9008	1	1	1	0	24	669	0	1	0
9008	2	1	1	0	24	669	0	1	1
9009	1	1	1	0	24	807	0	1	0
9009	2	1	1	0	24	807	0	1	1
9010	1	1	1	0	24	669	0	1	0
9010	2	1	1	0	24	669	0	1	1
9011	1	1	1	0	24	807	0	1	0
9011	2	1	1	0	24	807	0	1	1
9012	1	1	1	0	26	749	0	1	0
9012	2	1	1	0	26	749	0	1	1
9013	1	1	1	0	26	749	0	1	0
9013	2	1	1	0	26	749	0	1	1
9014	1	1	1	0	26	749	0	1	0
9014	2	1	1	0	26	749	0	1	1
9015	1	1	1	0	26	749	0	1	0
9015	2	1	1	0	26	749	0	1	1
9017	1	1	1	0	26	749	0	1	0
9017	2	1	1	0	26	749	0	1	1
9018	1	1	1	0	26	749	0	1	0
9018	2	1	1	0	26	749	0	1	1
9019	1	1	1	0	26	749	0	1	0
9019	2	1	1	0	26	749	0	1	1
9020	1	1	1	0	28	749	0	1	0
9020	2	1	1	0	28	749	0	1	1
9021	1	1	1	0	28	749	0	1	0
9021	2	1	1	0	28	749	0	1	1
9022	1	1	1	0	28	749	0	1	0
9022	2	1	1	0	28	749	0	1	1
9023	1	1	1	0	28	749	0	1	0
9023	2	1	1	0	28	749	0	1	1
9024	1	1	1	0	28	749	0	1	0
9024	2	1	1	0	28	749	0	1	1
9026	1	1	1	0	28	749	0	1	0
9026	2	1	1	0	28	749	0	1	1
9027	1	1	1	0	28	749	0	1	0
9027	2	1	1	0	28	749	0	1	1
9028	1	1	1	0	28	749	0	1	0
9028	2	1	1	0	28	749	0	1	1
9029	1	1	1	0	28	749	0	1	0
9029	2	1	1	0	28	749	0	1	1
9030	1	1	1	0	28	749	0	1	0
9030	2	1	1	0	28	749	0	1	1
9031	1	1	1	0	28	749	0	1	0
9031	2	1	1	0	28	749	0	1	1
9032	1	1	1	0	28	749	0	1	0
9032	2	1	1	0	28	749	0	1	1
9033	1	1	1	0	28	749	0	1	0
9033	2	1	1	0	28	749	0	1	1
9035	1	1	1	0	28	749	0	1	0
9035	2	1	1	0	28	749	0	1	1
9036	1	1	1	0	28	749	0	1	0
9036	2	1	1	0	28	749	0	1	1
9037	1	1	1	0	28	749	0	1	0
9037	2	1	1	0	28	749	0	1	1
9038	1	1	1	0	28	749	0	1	0
9038	2	1	1	0	28	749	0	1	1
9039	1	1	1	0	28	749	0	1	0
9039	2	1	1	0	28	749	0	1	1
9040	1	1	1	0	28	749	0	1	0
9040	2	1	1	0	28	749	0	1	1
9041	1	1	1	0	28	749	0	1	0
9041	2	1	1	0	28	749	0	1	1
9042	1	1	1	0	28	749	0	1	0
9042	2	1	1	0	28	749	0	1	1
9043	1	1	1	0	28	749	0	1	0
9043	2	1	1	0	28	749	0	1	1
9045	1	1	1	0	28	749	0	1	0
9045	2	1	1	0	28	749	0	1	1
9046	1	1	1	0	28	749	0	1	0
9046	2	1	1	0	28	749	0	1	1
9047	1	1	1	0	28	749	0	1	0
9047	2	1	1	0	28	749	0	1	1
9048	1	1	1	0	28	749	0	1	0
9048	2	1	1	0	28	749	0	1	1
9049	1	1	1	0	28	749	0	1	0
9049	2	1	1	0	28	749	0	1	1
9050	1	1	1	0	28	749	0	1	0
9050	2	1	1	0	28	749	0	1	1
9051	1	1	1	0	28	749	0	1	0
9051	2	1	1	0	28	749	0	1	1
9052	1	1	1	0	28	749	0	1	0
9052	2	1	1	0	28	749	0	1	1
9054	1	1	1	0	28	749	0	1	0
9054	2	1	1	0	28	749	0	1	1
9055	1	1	1	0	28	749	0	1	0
9055	2	1	1	0	28	749	0	1	1
9056	1	1	1	0	28	749	0	1	0
9056	2	1	1	0	28	749	0	1	1
9057	1	1	1	0	28	749	0	1	0
9057	2	1	1	0	28	749	0	1	1
9058	1	1	1	0	28	749	0	1	0
9058	2	1	1	0	28	749	0	1	1
9059	1	1	1	0	28	749	0	1	0
9059	2	1	1	0	28	749	0	1	1
9060	1	1	1	0	28	749	0	1	0
9060	2	1	1	0	28	749	0	1	1
9061	1	1	1	0	28	749	0	1	0
9061	2	1	1	0	28	749	0	1	1
9063	1	1	1	0	28	749	0	1	0
9063	2	1	1	0	28	749	0	1	1
9064	1	1	1	0	28	749	0	1	0
9064	2	1	1	0	28	749	0	1	1
9065	1	1	1	0	28	749	0	1	0
9065	2	1	1	0	28	749	0	1	1
9066	1	1	1	0	28	749	0	1	0
9066	2	1	1	0	28	749	0	1	1
9067	1	1	1	0	28	749	0	1	0
9067	2	1	1	0	28	749	0	1	1
9068	1	1	1	0	28	749	0	1	0
9068	2	1	1	0	28	749	0	1	1
9069	1	1	1	0	28	749	0	1	0
9069	2	1	1	0	28	749	0	1	1
9070	1	1	1	0	28	749	0	1	0
9070	2	1	1	0	28	749	0	1	1
9071	1	1	1	0	28	749	0	1	0
9071	2	1	1	0	28	749	0	1	1
9073	1	1	1	0	28	749	0	1	0
9073	2	1	1	0	28	749	0	1	1
9074	1	1	1	0	28	749	0	1	0
9074	2	1	1	0	28	749	0	1	1
9075	1	1	1	0	28	749	0	1	0
9075	2	1	1	0	28	749	0	1	1
9076	1	1	1	0	28	749	0	1	0
9076	2	1	1	0	28	749	0	1	1
9077	1	1	1	0	28	749	0	1	0
9077	2	1	1	0	28	749	0	1	1
9078	1	1	1	0	28	749	0	1	0
9078	2	1	1	0	28	749	0	1	1
9079	1	1	1	0	28	749	0	1	0
9079	2	1	1	0	28	749	0	1	1
9080	1	1	1	0	28	749	0	1	0
9080	2	1	1	0	28	749	0	1	1
9082	1	1	1	0	28	749	0	1	0
9082	2	1	1	0	28	749	0	1	1
9083	1	1	1	0	28	749	0	1	0
9083	2	1	1	0	28	749	0	1	1
9084	1	1	1	0	28	749	0	1	0
9084	2	1	1	0	28	749	0	1	1
9085	1	1	1	0	28	749	0	1	0
9085	2	1	1	0	28	749	0	1	1
9086	1	1	1	0	28	749	0	1	0
9086	2	1	1	0	28	749	0	1	1
9087	1	1	1	0	28	749	0	1	0
9087	2	1	1	0	28	749	0	1	1
9088	1	1	1	0	28	749	0	1	0
9088	2	1	1	0	28	749	0	1	1
9089	1	1	1	0	28	749	0	1	0
9089	2	1	1	0	28	749	0	1	1
9091	1	1	1	0	28	749	0	1	0
9091	2	1	1	0	28	749	0	1	1
9092	1	1	1	0	28	749	0	1	0
9092	2	1	1	0	28	749	0	1	1
9093	1	1	1	0	28	749	0	1	0
9093	2	1	1	0	28	749	0	1	1
9094	1	1	1	0	28	749	0	1	0
9094	2	1	1	0	28	749	0	1	1
9095	1	1	1	0	28	749	0	1	0
9095	2	1	1	0	28	749	0	1	1
9096	1	1	1	0	28	749	0	1	0
9096	2	1	1	0	28	749	0	1	1
9097	1	1	1	0	28	749	0	1	0
9097	2	1	1	0	28	749	0	1	1
9098	1	1	1	0	28	749	0	1	0
9098	2	1	1	0	28	749	0	1	1
9099	1	1	1	0	28	749	0	1	0
9099	2	1	1	0	28	749	0	1	1
9101	1	1	1	0	28	749	0	1	0
9101	2	1	1	0	28	749	0	1	1
9102	1	1	1	0	28	749	0	1	0
9102	2	1	1	0	28	749	0	1	1
9103	1	1	1	0	28	749	0	1	0
9103	2	1	1	0	28	749	0	1	1
9104	1	1	1	0	28	749	0	1	0
9104	2	1	1	0	28	749	0	1	1
9105	1	1	1	0	28	749	0	1	0
9105	2	1	1	0	28	749	0	1	1
9106	1	1	1	0	28	749	0	1	0
9106	2	1	1	0	28	749	0	1	1
9107	1	1	1	0	28	749	0	1	0
9107	2	1	1	0	28	749	0	1	1
9108	1	1	1	0	28	749	0	1	0
9108	2	1	1	0	28	749	0	1	1
9110	1	1	1	0	28	749	0	1	0
9110	2	1	1	0	28	749	0	1	1
9111	1	1	1	0	28	749	0	1	0
9111	2	1	1	0	28	749	0	1	1
9112	1	1	1	0	28	749	0	1	0
9112	2	1	1	0	28	749	0	1	1
9113	1	1	1	0	28	749	0	1	0
9113	2	1	1	0	28	749	0	1	1
9114	1	1	1	0	28	749	0	1	0
9114	2	1	1	0	28	749	0	1	1
9115	1	1	1	0	28	749	0	1	0
9115	2	1	1	0	28	749	0	1	1
9116	1	1	1	0	28	749	0	1	0
9116	2	1	1	0	28	749	0	1	1
9117	1	1	1	0	28	749	0	1	0
9117	2	1	1	0	28	749	0	1	1
9119	1	1	1	0	28	749	0	1	0
9119	2	1	1	0	28	749	0	1	1
9120	1	1	1	0	28	749	0	1	0
9120	2	1	1	0	28	749	0	1	1
9121	1	1	1	0	28	749	0	1	0
9121	2	1	1	0	28	749	0	1	1
9122	1	1	1	0	28	749	0	1	0
9122	2	1	1	0	28	749	0	1	1
9123	1	1	1	0	28	749	0	1	0
9123	2	1	1	0	28	749	0	1	1
9124	1	1	1	0	28	749	0	1	0
9124	2	1	1	0	28	749	0	1	1
9125	1	1	1	0	28	749	0	1	0
9125	2	1	1	0	28	749	0	1	1
9126	1	1	1	0	28	749	0	1	0
9126	2	1	1	0	28	749	0	1	1
9127	1	1	1	0	28	749	0	1	0
9127	2	1	1	0	28	749	0	1	1
9129	1	1	1	0	28	749	0	1	0
9129	2	1	1	0	28	749	0	1	1
9130	1	1	1	0	28	749	0	1	0
9130	2	1	1	0	28	749	0	1	1
9131	1	1	1	0	28	749	0	1	0
9131	2	1	1	0	28	749	0	1	1
9132	1	1	1	0	28	749	0	1	0
9132	2	1	1	0	28	749	0	1	1
9133	1	1	1	0	28	749	0	1	0
9133	2	1	1	0	28	749	0	1	1
9134	1	1	1	0	28	749	0	1	0
9134	2	1	1	0	28	749	0	1	1
9135	1	1	1	0	28	749	0	1	0
9135	2	1	1	0	28	749	0	1	1
9136	1	1	1	0	28	749	0	1	0
9136	2	1	1	0	28	749	0	1	1
9138	1	1	1	0	28	749	0	1	0
9138	2	1	1	0	28	749	0	1	1
9139	1	1	1	0	28	749	0	1	0
9139	2	1	1	0	28	749	0	1	1
9140	1	1	1	0	28	749	0	1	0
9140	2	1	1	0	28	749	0	1	1
9141	1	1	1	0	28	749	0	1	0
9141	2	1	1	0	28	749	0	1	1
9142	1	1	1	0	28	749	0	1	0
9142	2	1	1	0	28	749	0	1	1
9143	1	1	1	0	28	749	0	1	0
9143	2	1	1	0	28	749	0	1	1
9144	1	1	1	0	28	749	0	1	0
9144	2	1	1	0	28	749	0	1	1
9145	1	1	1	0	28	749	0	1	0
9145	2	1	1	0	28	749	0	1	1
9147	1	1	1	0	28	749	0	1	0
9147	2	1	1	0	28	749	0	1	1
9148	1	1	1	0	28	749	0	1	0
9148	2	1	1	0	28	749	0	1	1
9149	1	1	1	0	28	749	0	1	0
9149	2	1	1	0	28	749	0	1	1
9150	1	1	1	0	28	749	0	1	0
9150	2	1	1	0	28	749	0	1	1
9151	1	1	1	0	28	749	0	1	0
9151	2	1	1	0	28	749	0	1	1
9152	1	1	1	0	28	749	0	1	0
9152	2	1	1	0	28	749	0	1	1
9153	1	1	1	0	28	749	0	1	0
9153	2	1	1	0	28	749	0	1	1
9154	1	1	1	0	28	749	0	1	0
9154	2	1	1	0	28	749	0	1	1
9155	1	1	1	0	28	749	0	1	0
9155	2	1	1	0	28	749	0	1	1
9157	1	1	1	0	28	749	0	1	0
9157	2	1	1	0	28	749	0	1	1
9158	1	1	1	0	28	749	0	1	0
9158	2	1	1	0	28	749	0	1	1
9159	1	1	1	0	28	749	0	1	0
9159	2	1	1	0	28	749	0	1	1
9160	1	1	1	0	28	749	0	1	0
9160	2	1	1	0	28	749	0	1	1
9161	1	1	1	0	28	749	0	1	0
9161	2	1	1	0	28	749	0	1	1
9162	1	1	1	0	28	749	0	1	0
9162	2	1	1	0	28	749	0	1	1
9163	1	1	1	0	28	749	0	1	0
9163	2	1	1	0	28	749	0	1	1
9164	1	1	1	0	28	749	0	1	0
9164	2	1	1	0	28	749	0	1	1
9166	1	1	1	0	28	749	0	1	0
9166	2	1	1	0	28	749	0	1	1
9167	1	1	1	0	28	749	0	1	0
9167	2	1	1	0	28	749	0	1	1
9168	1	1	1	0	28	749	0	1	0
9168	2	1	1	0	28	749	0	1	1
9169	1	1	1	0	28	749	0	1	0
9169	2	1	1	0	28	749	0	1	1
9170	1	1	1	0	28	749	0	1	0
9170	2	1	1	0	28	749	0	1	1
9171	1	1	1	0	28	749	0	1	0
9171	2	1	1	0	28	749	0	1	1
9172	1	1	1	0	28	749	0	1	0
9172	2	1	1	0	28	749	0	1	1
9173	1	1	1	0	28	749	0	1	0
9173	2	1	1	0	28	749	0	1	1
9175	1	1	1	0	16	693	0	1	0
9175	2	1	1	0	16	693	0	1	1
9176	1	1	1	0	14	717	0	1	0
9176	2	1	1	0	14	717	0	1	1
9177	1	1	1	0	14	717	0	1	0
9177	2	1	1	0	14	717	0	1	1
9178	1	1	1	0	10	469	0	1	0
9178	2	1	1	0	10	469	0	1	1
9179	1	1	1	0	10	469	0	1	0
9179	2	1	1	0	10	469	0	1	1
9180	1	1	1	0	6	309	0	1	0
9180	2	1	1	0	6	309	0	1	1
9181	1	1	1	0	6	309	0	1	0
9181	2	1	1	0	6	309	0	1	1
9182	1	1	1	0	12	597	0	1	0
9182	2	1	1	0	12	597	0	1	1
9183	1	1	1	0	12	597	0	1	0
9183	2	1	1	0	12	597	0	1	1
9184	1	1	1	0	14	775	0	1	0
9184	2	1	1	0	14	775	0	1	1
9185	1	1	1	0	14	775	0	1	0
9185	2	1	1	0	14	775	0	1	1
9186	1	1	1	0	16	903	0	1	0
9186	2	1	1	0	16	903	0	1	1
9187	1	1	1	0	16	903	0	1	0
9187	2	1	1	0	16	903	0	1	1
9188	1	1	1	0	18	967	0	1	0
9188	2	1	1	0	18	967	0	1	1
9189	1	1	1	0	18	807	0	1	0
9189	2	1	1	0	18	807	0	1	1
9190	1	1	1	0	22	807	0	1	0
9190	2	1	1	0	22	807	0	1	1
9191	1	1	1	0	22	693	0	1	0
9191	2	1	1	0	22	693	0	1	1
9192	1	1	1	0	22	693	0	1	0
9192	2	1	1	0	22	693	0	1	1
9193	1	1	1	0	28	185	0	1	0
9193	2	1	1	0	28	185	0	1	1
9194	1	1	1	0	24	669	0	1	0
9194	2	1	1	0	24	669	0	1	1
9195	1	1	1	0	24	807	0	1	0
9195	2	1	1	0	24	807	0	1	1
9196	1	1	1	0	26	749	0	1	0
9196	2	1	1	0	26	749	0	1	1
9197	1	1	1	0	26	749	0	1	0
9197	2	1	1	0	26	749	0	1	1
9198	1	1	1	0	28	749	0	1	0
9198	2	1	1	0	28	749	0	1	1
9199	1	1	1	0	28	749	0	1	0
9199	2	1	1	0	28	749	0	1	1
9200	1	1	1	0	28	749	0	1	0
9200	2	1	1	0	28	749	0	1	1
9201	1	1	1	0	28	749	0	1	0
9201	2	1	1	0	28	749	0	1	1
9203	1	1	1	0	28	749	0	1	0
9203	2	1	1	0	28	749	0	1	1
9204	1	1	1	0	28	749	0	1	0
9204	2	1	1	0	28	749	0	1	1
9205	1	1	1	0	28	749	0	1	0
9205	2	1	1	0	28	749	0	1	1
9206	1	1	1	0	28	749	0	1	0
9206	2	1	1	0	28	749	0	1	1
9207	1	1	1	0	28	749	0	1	0
9207	2	1	1	0	28	749	0	1	1
9208	1	1	1	0	28	749	0	1	0
9208	2	1	1	0	28	749	0	1	1
9209	1	1	1	0	28	749	0	1	0
9209	2	1	1	0	28	749	0	1	1
9210	1	1	1	0	28	749	0	1	0
9210	2	1	1	0	28	749	0	1	1
9211	1	1	1	0	28	749	0	1	0
9211	2	1	1	0	28	749	0	1	1
9213	1	1	1	0	28	749	0	1	0
9213	2	1	1	0	28	749	0	1	1
9214	1	1	1	0	28	749	0	1	0
9214	2	1	1	0	28	749	0	1	1
9215	1	1	1	0	28	749	0	1	0
9215	2	1	1	0	28	749	0	1	1
9216	1	1	1	0	28	749	0	1	0
9216	2	1	1	0	28	749	0	1	1
9217	1	1	1	0	28	749	0	1	0
9217	2	1	1	0	28	749	0	1	1
9218	1	1	1	0	28	749	0	1	0
9218	2	1	1	0	28	749	0	1	1
9219	1	1	1	0	28	749	0	1	0
9219	2	1	1	0	28	749	0	1	1
9220	1	1	1	0	28	749	0	1	0
9220	2	1	1	0	28	749	0	1	1
9222	1	1	1	0	28	749	0	1	0
9222	2	1	1	0	28	749	0	1	1
9223	1	1	1	0	28	749	0	1	0
9223	2	1	1	0	28	749	0	1	1
9224	1	1	1	0	28	749	0	1	0
9224	2	1	1	0	28	749	0	1	1
9225	1	1	1	0	28	749	0	1	0
9225	2	1	1	0	28	749	0	1	1
9226	1	1	1	0	28	749	0	1	0
9226	2	1	1	0	28	749	0	1	1
9227	1	1	1	0	28	749	0	1	0
9227	2	1	1	0	28	749	0	1	1
9228	1	1	1	0	28	749	0	1	0
9228	2	1	1	0	28	749	0	1	1
9229	1	1	1	0	28	749	0	1	0
9229	2	1	1	0	28	749	0	1	1
9231	1	1	1	0	28	749	0	1	0
9231	2	1	1	0	28	749	0	1	1
9232	1	1	1	0	28	749	0	1	0
9232	2	1	1	0	28	749	0	1	1
9233	1	1	1	0	28	749	0	1	0
9233	2	1	1	0	28	749	0	1	1
9234	1	1	1	0	28	749	0	1	0
9234	2	1	1	0	28	749	0	1	1
9235	1	1	1	0	28	749	0	1	0
9235	2	1	1	0	28	749	0	1	1
9236	1	1	1	0	28	749	0	1	0
9236	2	1	1	0	28	749	0	1	1
9237	1	1	1	0	28	749	0	1	0
9237	2	1	1	0	28	749	0	1	1
9238	1	1	1	0	28	749	0	1	0
9238	2	1	1	0	28	749	0	1	1
9239	1	1	1	0	28	749	0	1	0
9239	2	1	1	0	28	749	0	1	1
9241	1	1	1	0	28	749	0	1	0
9241	2	1	1	0	28	749	0	1	1
9242	1	1	1	0	28	749	0	1	0
9242	2	1	1	0	28	749	0	1	1
9243	1	1	1	0	28	749	0	1	0
9243	2	1	1	0	28	749	0	1	1
9244	1	1	1	0	28	749	0	1	0
9244	2	1	1	0	28	749	0	1	1
9245	1	1	1	0	28	749	0	1	0
9245	2	1	1	0	28	749	0	1	1
9246	1	1	1	0	28	749	0	1	0
9246	2	1	1	0	28	749	0	1	1
9247	1	1	1	0	28	749	0	1	0
9247	2	1	1	0	28	749	0	1	1
9248	1	1	1	0	28	749	0	1	0
9248	2	1	1	0	28	749	0	1	1
9250	1	1	1	0	28	749	0	1	0
9250	2	1	1	0	28	749	0	1	1
9251	1	1	1	0	28	749	0	1	0
9251	2	1	1	0	28	749	0	1	1
9252	1	1	1	0	28	749	0	1	0
9252	2	1	1	0	28	749	0	1	1
9253	1	1	1	0	28	749	0	1	0
9253	2	1	1	0	28	749	0	1	1
9254	1	1	1	0	28	749	0	1	0
9254	2	1	1	0	28	749	0	1	1
9255	1	1	1	0	28	749	0	1	0
9255	2	1	1	0	28	749	0	1	1
9256	1	1	1	0	28	749	0	1	0
9256	2	1	1	0	28	749	0	1	1
9257	1	1	1	0	28	749	0	1	0
9257	2	1	1	0	28	749	0	1	1
9259	1	1	1	0	28	749	0	1	0
9259	2	1	1	0	28	749	0	1	1
9260	1	1	1	0	28	749	0	1	0
9260	2	1	1	0	28	749	0	1	1
9261	1	1	1	0	28	749	0	1	0
9261	2	1	1	0	28	749	0	1	1
9262	1	1	1	0	28	749	0	1	0
9262	2	1	1	0	28	749	0	1	1
9263	1	1	1	0	28	749	0	1	0
9263	2	1	1	0	28	749	0	1	1
9264	1	1	1	0	28	749	0	1	0
9264	2	1	1	0	28	749	0	1	1
9265	1	1	1	0	28	749	0	1	0
9265	2	1	1	0	28	749	0	1	1
9266	1	1	1	0	28	749	0	1	0
9266	2	1	1	0	28	749	0	1	1
9267	1	1	1	0	28	749	0	1	0
9267	2	1	1	0	28	749	0	1	1
9269	1	1	1	0	28	749	0	1	0
9269	2	1	1	0	28	749	0	1	1
9270	1	1	1	0	28	749	0	1	0
9270	2	1	1	0	28	749	0	1	1
9271	1	1	1	0	28	749	0	1	0
9271	2	1	1	0	28	749	0	1	1
9272	1	1	1	0	28	749	0	1	0
9272	2	1	1	0	28	749	0	1	1
9273	1	1	1	0	28	749	0	1	0
9273	2	1	1	0	28	749	0	1	1
9274	1	1	1	0	28	749	0	1	0
9274	2	1	1	0	28	749	0	1	1
9275	1	1	1	0	28	749	0	1	0
9275	2	1	1	0	28	749	0	1	1
9276	1	1	1	0	28	749	0	1	0
9276	2	1	1	0	28	749	0	1	1
9278	1	1	1	0	28	749	0	1	0
9278	2	1	1	0	28	749	0	1	1
9279	1	1	1	0	28	749	0	1	0
9279	2	1	1	0	28	749	0	1	1
9280	1	1	1	0	28	749	0	1	0
9280	2	1	1	0	28	749	0	1	1
9281	1	1	1	0	28	749	0	1	0
9281	2	1	1	0	28	749	0	1	1
9282	1	1	1	0	28	749	0	1	0
9282	2	1	1	0	28	749	0	1	1
9283	1	1	1	0	28	749	0	1	0
9283	2	1	1	0	28	749	0	1	1
9284	1	1	1	0	28	749	0	1	0
9284	2	1	1	0	28	749	0	1	1
9285	1	1	1	0	28	749	0	1	0
9285	2	1	1	0	28	749	0	1	1
9287	1	1	1	0	28	749	0	1	0
9287	2	1	1	0	28	749	0	1	1
9288	1	1	1	0	28	749	0	1	0
9288	2	1	1	0	28	749	0	1	1
9289	1	1	1	0	28	749	0	1	0
9289	2	1	1	0	28	749	0	1	1
9290	1	1	1	0	28	749	0	1	0
9290	2	1	1	0	28	749	0	1	1
9291	1	1	1	0	28	749	0	1	0
9291	2	1	1	0	28	749	0	1	1
9292	1	1	1	0	28	749	0	1	0
9292	2	1	1	0	28	749	0	1	1
9293	1	1	1	0	28	749	0	1	0
9293	2	1	1	0	28	749	0	1	1
9294	1	1	1	0	28	749	0	1	0
9294	2	1	1	0	28	749	0	1	1
9295	1	1	1	0	28	749	0	1	0
9295	2	1	1	0	28	749	0	1	1
9297	1	1	1	0	28	749	0	1	0
9297	2	1	1	0	28	749	0	1	1
9298	1	1	1	0	28	749	0	1	0
9298	2	1	1	0	28	749	0	1	1
9299	1	1	1	0	28	749	0	1	0
9299	2	1	1	0	28	749	0	1	1
9300	1	1	1	0	28	749	0	1	0
9300	2	1	1	0	28	749	0	1	1
9301	1	1	1	0	28	749	0	1	0
9301	2	1	1	0	28	749	0	1	1
9302	1	1	1	0	28	749	0	1	0
9302	2	1	1	0	28	749	0	1	1
9303	1	1	1	0	28	749	0	1	0
9303	2	1	1	0	28	749	0	1	1
9304	1	1	1	0	28	749	0	1	0
9304	2	1	1	0	28	749	0	1	1
9306	1	1	1	0	28	749	0	1	0
9306	2	1	1	0	28	749	0	1	1
9307	1	1	1	0	28	749	0	1	0
9307	2	1	1	0	28	749	0	1	1
9308	1	1	1	0	28	749	0	1	0
9308	2	1	1	0	28	749	0	1	1
9309	1	1	1	0	28	749	0	1	0
9309	2	1	1	0	28	749	0	1	1
9310	1	1	1	0	28	749	0	1	0
9310	2	1	1	0	28	749	0	1	1
9311	1	1	1	0	28	749	0	1	0
9311	2	1	1	0	28	749	0	1	1
9312	1	1	1	0	28	749	0	1	0
9312	2	1	1	0	28	749	0	1	1
9313	1	1	1	0	28	749	0	1	0
9313	2	1	1	0	28	749	0	1	1
9315	1	1	1	0	28	749	0	1	0
9315	2	1	1	0	28	749	0	1	1
9316	1	1	1	0	28	749	0	1	0
9316	2	1	1	0	28	749	0	1	1
9317	1	1	1	0	28	749	0	1	0
9317	2	1	1	0	28	749	0	1	1
9318	1	1	1	0	28	749	0	1	0
9318	2	1	1	0	28	749	0	1	1
9319	1	1	1	0	28	749	0	1	0
9319	2	1	1	0	28	749	0	1	1
9320	1	1	1	0	28	749	0	1	0
9320	2	1	1	0	28	749	0	1	1
9321	1	1	1	0	28	749	0	1	0
9321	2	1	1	0	28	749	0	1	1
9322	1	1	1	0	28	749	0	1	0
9322	2	1	1	0	28	749	0	1	1
9323	1	1	1	0	28	749	0	1	0
9323	2	1	1	0	28	749	0	1	1
9325	1	1	1	0	28	749	0	1	0
9325	2	1	1	0	28	749	0	1	1
9326	1	1	1	0	28	749	0	1	0
9326	2	1	1	0	28	749	0	1	1
9327	1	1	1	0	28	749	0	1	0
9327	2	1	1	0	28	749	0	1	1
9328	1	1	1	0	28	749	0	1	0
9328	2	1	1	0	28	749	0	1	1
9329	1	1	1	0	28	749	0	1	0
9329	2	1	1	0	28	749	0	1	1
9330	1	1	1	0	28	749	0	1	0
9330	2	1	1	0	28	749	0	1	1
9331	1	1	1	0	28	749	0	1	0
9331	2	1	1	0	28	749	0	1	1
9332	1	1	1	0	28	749	0	1	0
9332	2	1	1	0	28	749	0	1	1
9334	1	1	1	0	28	749	0	1	0
9334	2	1	1	0	28	749	0	1	1
9335	1	1	1	0	28	749	0	1	0
9335	2	1	1	0	28	749	0	1	1
9336	1	1	1	0	28	749	0	1	0
9336	2	1	1	0	28	749	0	1	1
9337	1	1	1	0	28	749	0	1	0
9337	2	1	1	0	28	749	0	1	1
9338	1	1	1	0	28	749	0	1	0
9338	2	1	1	0	28	749	0	1	1
9339	1	1	1	0	28	749	0	1	0
9339	2	1	1	0	28	749	0	1	1
9340	1	1	1	0	28	749	0	1	0
9340	2	1	1	0	28	749	0	1	1
9341	1	1	1	0	28	749	0	1	0
9341	2	1	1	0	28	749	0	1	1
9343	1	1	1	0	28	749	0	1	0
9343	2	1	1	0	28	749	0	1	1
9344	1	1	1	0	28	749	0	1	0
9344	2	1	1	0	28	749	0	1	1
9345	1	1	1	0	28	749	0	1	0
9345	2	1	1	0	28	749	0	1	1
9346	1	1	1	0	28	749	0	1	0
9346	2	1	1	0	28	749	0	1	1
9347	1	1	1	0	28	749	0	1	0
9347	2	1	1	0	28	749	0	1	1
9348	1	1	1	0	28	749	0	1	0
9348	2	1	1	0	28	749	0	1	1
9349	1	1	1	0	28	749	0	1	0
9349	2	1	1	0	28	749	0	1	1
9350	1	1	1	0	28	749	0	1	0
9350	2	1	1	0	28	749	0	1	1
9351	1	1	1	0	28	749	0	1	0
9351	2	1	1	0	28	749	0	1	1
9353	1	1	1	0	28	749	0	1	0
9353	2	1	1	0	28	749	0	1	1
9354	1	1	1	0	28	749	0	1	0
9354	2	1	1	0	28	749	0	1	1
9355	1	1	1	0	28	749	0	1	0
9355	2	1	1	0	28	749	0	1	1
9356	1	1	1	0	28	749	0	1	0
9356	2	1	1	0	28	749	0	1	1
9357	1	1	1	0	28	749	0	1	0
9357	2	1	1	0	28	749	0	1	1
9358	1	1	1	0	28	749	0	1	0
9358	2	1	1	0	28	749	0	1	1
9359	1	1	1	0	28	749	0	1	0
9359	2	1	1	0	28	749	0	1	1
9360	1	1	1	0	28	749	0	1	0
9360	2	1	1	0	28	749	0	1	1
9362	1	1	1	0	28	749	0	1	0
9362	2	1	1	0	28	749	0	1	1
9363	1	1	1	0	28	749	0	1	0
9363	2	1	1	0	28	749	0	1	1
9364	1	1	1	0	28	749	0	1	0
9364	2	1	1	0	28	749	0	1	1
9365	1	1	1	0	28	749	0	1	0
9365	2	1	1	0	28	749	0	1	1
9366	1	1	1	0	28	749	0	1	0
9366	2	1	1	0	28	749	0	1	1
9367	1	1	1	0	28	749	0	1	0
9367	2	1	1	0	28	749	0	1	1
9368	1	1	1	0	28	749	0	1	0
9368	2	1	1	0	28	749	0	1	1
9369	1	1	1	0	28	749	0	1	0
9369	2	1	1	0	28	749	0	1	1
9371	1	1	1	0	28	749	0	1	0
9371	2	1	1	0	28	749	0	1	1
9372	1	1	1	0	28	749	0	1	0
9372	2	1	1	0	28	749	0	1	1
9373	1	1	1	0	28	749	0	1	0
9373	2	1	1	0	28	749	0	1	1
9374	1	1	1	0	28	749	0	1	0
9374	2	1	1	0	28	749	0	1	1
9375	1	1	1	0	28	749	0	1	0
9375	2	1	1	0	28	749	0	1	1
9376	1	1	1	0	26	749	0	1	0
9376	2	1	1	0	26	749	0	1	1
9377	1	1	1	0	26	749	0	1	0
9377	2	1	1	0	26	749	0	1	1
9378	1	1	1	0	24	669	0	1	0
9378	2	1	1	0	24	669	0	1	1
9379	1	1	1	0	24	807	0	1	0
9379	2	1	1	0	24	807	0	1	1
9381	1	1	1	0	24	669	0	1	0
9381	2	1	1	0	24	669	0	1	1
9382	1	1	1	0	22	807	0	1	0
9382	2	1	1	0	22	807	0	1	1
9383	1	1	1	0	22	693	0	1	0
9383	2	1	1	0	22	693	0	1	1
9384	1	1	1	0	22	693	0	1	0
9384	2	1	1	0	22	693	0	1	1
9385	1	1	1	0	22	807	0	1	0
9385	2	1	1	0	22	807	0	1	1
9386	1	1	1	0	20	693	0	1	0
9386	2	1	1	0	20	693	0	1	1
9387	1	1	1	0	20	693	0	1	0
9387	2	1	1	0	20	693	0	1	1
9388	1	1	1	0	20	775	0	1	0
9388	2	1	1	0	20	775	0	1	1
9390	1	1	1	0	18	749	0	1	0
9390	2	1	1	0	18	749	0	1	1
9391	1	1	1	0	18	749	0	1	0
9391	2	1	1	0	18	749	0	1	1
9392	1	1	1	0	18	749	0	1	0
9392	2	1	1	0	18	749	0	1	1
9393	1	1	1	0	18	749	0	1	0
9393	2	1	1	0	18	749	0	1	1
9394	1	1	1	0	18	749	0	1	0
9394	2	1	1	0	18	749	0	1	1
9395	1	1	1	0	18	749	0	1	0
9395	2	1	1	0	18	749	0	1	1
9396	1	1	1	0	18	749	0	1	0
9396	2	1	1	0	18	749	0	1	1
9397	1	1	1	0	18	749	0	1	0
9397	2	1	1	0	18	749	0	1	1
9399	1	1	1	0	20	693	0	1	0
9399	2	1	1	0	20	693	0	1	1
9400	1	1	1	0	20	693	0	1	0
9400	2	1	1	0	20	693	0	1	1
9401	1	1	1	0	20	775	0	1	0
9401	2	1	1	0	20	775	0	1	1
9402	1	1	1	0	22	693	0	1	0
9402	2	1	1	0	22	693	0	1	1
9403	1	1	1	0	22	693	0	1	0
9403	2	1	1	0	22	693	0	1	1
9404	1	1	1	0	22	807	0	1	0
9404	2	1	1	0	22	807	0	1	1
9405	1	1	1	0	22	693	0	1	0
9405	2	1	1	0	22	693	0	1	1
9406	1	1	1	0	22	693	0	1	0
9406	2	1	1	0	22	693	0	1	1
9407	1	1	1	0	22	807	0	1	0
9407	2	1	1	0	22	807	0	1	1
9409	1	1	1	0	24	669	0	1	0
9409	2	1	1	0	24	669	0	1	1
9410	1	1	1	0	22	807	0	1	0
9410	2	1	1	0	22	807	0	1	1
9411	1	1	1	0	24	669	0	1	0
9411	2	1	1	0	24	669	0	1	1
9412	1	1	1	0	22	807	0	1	0
9412	2	1	1	0	22	807	0	1	1
9413	1	1	1	0	24	669	0	1	0
9413	2	1	1	0	24	669	0	1	1
9414	1	1	1	0	20	775	0	1	0
9414	2	1	1	0	20	775	0	1	1
9415	1	1	1	0	24	669	0	1	0
9415	2	1	1	0	24	669	0	1	1
9416	1	1	1	0	18	749	0	1	0
9416	2	1	1	0	18	749	0	1	1
9417	1	1	1	0	26	149	0	1	0
9417	2	1	1	0	26	149	0	1	1
9418	1	1	1	0	24	669	0	1	0
9418	2	1	1	0	24	669	0	1	1
9419	1	1	1	0	16	775	0	1	0
9419	2	1	1	0	16	775	0	1	1
9420	1	1	1	0	24	669	0	1	0
9420	2	1	1	0	24	669	0	1	1
9421	1	1	1	0	14	717	0	1	0
9421	2	1	1	0	14	717	0	1	1
9422	1	1	1	0	10	469	0	1	0
9422	2	1	1	0	10	469	0	1	1
9423	1	1	1	0	10	469	0	1	0
9423	2	1	1	0	10	469	0	1	1
9424	1	1	1	0	6	309	0	1	0
9424	2	1	1	0	6	309	0	1	1
9425	1	1	1	0	6	309	0	1	0
9425	2	1	1	0	6	309	0	1	1
9426	1	1	1	0	6	309	0	1	0
9426	2	1	1	0	6	309	0	1	1
9427	1	1	1	0	6	309	0	1	0
9427	2	1	1	0	6	309	0	1	1
9428	1	1	1	0	8	421	0	1	0
9428	2	1	1	0	8	421	0	1	1
9429	1	1	1	0	8	421	0	1	0
9429	2	1	1	0	8	421	0	1	1
9430	1	1	1	0	12	597	0	1	0
9430	2	1	1	0	12	597	0	1	1
9431	1	1	1	0	12	597	0	1	0
9431	2	1	1	0	12	597	0	1	1
9432	1	1	1	0	14	775	0	1	0
9432	2	1	1	0	14	775	0	1	1
9433	1	1	1	0	14	775	0	1	0
9433	2	1	1	0	14	775	0	1	1
9434	1	1	1	0	18	967	0	1	0
9434	2	1	1	0	18	967	0	1	1
9435	1	1	1	0	18	967	0	1	0
9435	2	1	1	0	18	967	0	1	1
9436	1	1	1	0	18	967	0	1	0
9436	2	1	1	0	18	967	0	1	1
9437	1	1	1	0	18	967	0	1	0
9437	2	1	1	0	18	967	0	1	1
9438	1	1	1	0	20	1095	0	1	0
9438	2	1	1	0	20	1095	0	1	1
9439	1	1	1	0	20	775	0	1	0
9439	2	1	1	0	20	775	0	1	1
9440	1	1	1	0	20	693	0	1	0
9440	2	1	1	0	20	693	0	1	1
9441	1	1	1	0	20	775	0	1	0
9441	2	1	1	0	20	775	0	1	1
9442	1	1	1	0	22	693	0	1	0
9442	2	1	1	0	22	693	0	1	1
9443	1	1	1	0	22	693	0	1	0
9443	2	1	1	0	22	693	0	1	1
9444	1	1	1	0	22	807	0	1	0
9444	2	1	1	0	22	807	0	1	1
9446	1	1	1	0	20	693	0	1	0
9446	2	1	1	0	20	693	0	1	1
9447	1	1	1	0	20	693	0	1	0
9447	2	1	1	0	20	693	0	1	1
9448	1	1	1	0	20	775	0	1	0
9448	2	1	1	0	20	775	0	1	1
9449	1	1	1	0	20	693	0	1	0
9449	2	1	1	0	20	693	0	1	1
9450	1	1	1	0	18	749	0	1	0
9450	2	1	1	0	18	749	0	1	1
9451	1	1	1	0	18	749	0	1	0
9451	2	1	1	0	18	749	0	1	1
9452	1	1	1	0	18	749	0	1	0
9452	2	1	1	0	18	749	0	1	1
9453	1	1	1	0	18	749	0	1	0
9453	2	1	1	0	18	749	0	1	1
9455	1	1	1	0	14	717	0	1	0
9455	2	1	1	0	14	717	0	1	1
9456	1	1	1	0	14	717	0	1	0
9456	2	1	1	0	14	717	0	1	1
9457	1	1	1	0	14	717	0	1	0
9457	2	1	1	0	14	717	0	1	1
9458	1	1	1	0	12	597	0	1	0
9458	2	1	1	0	12	597	0	1	1
9459	1	1	1	0	12	597	0	1	0
9459	2	1	1	0	12	597	0	1	1
9460	1	1	1	0	12	597	0	1	0
9460	2	1	1	0	12	597	0	1	1
9461	1	1	1	0	12	597	0	1	0
9461	2	1	1	0	12	597	0	1	1
9462	1	1	1	0	14	775	0	1	0
9462	2	1	1	0	14	775	0	1	1
9463	1	1	1	0	14	775	0	1	0
9463	2	1	1	0	14	775	0	1	1
9464	1	1	1	0	16	389	0	1	0
9464	2	1	1	0	16	389	0	1	1
9465	1	1	1	0	16	693	0	1	0
9465	2	1	1	0	16	693	0	1	1
9466	1	1	1	0	16	693	0	1	0
9466	2	1	1	0	16	693	0	1	1
9467	1	1	1	0	16	775	0	1	0
9467	2	1	1	0	16	775	0	1	1
9468	1	1	1	0	16	693	0	1	0
9468	2	1	1	0	16	693	0	1	1
9469	1	1	1	0	16	693	0	1	0
9469	2	1	1	0	16	693	0	1	1
9470	1	1	1	0	16	775	0	1	0
9470	2	1	1	0	16	775	0	1	1
9471	1	1	1	0	16	693	0	1	0
9471	2	1	1	0	16	693	0	1	1
9472	1	1	1	0	18	749	0	1	0
9472	2	1	1	0	18	749	0	1	1
9474	1	1	1	0	18	749	0	1	0
9474	2	1	1	0	18	749	0	1	1
9475	1	1	1	0	18	749	0	1	0
9475	2	1	1	0	18	749	0	1	1
9476	1	1	1	0	20	693	0	1	0
9476	2	1	1	0	20	693	0	1	1
9477	1	1	1	0	20	693	0	1	0
9477	2	1	1	0	20	693	0	1	1
9478	1	1	1	0	22	807	0	1	0
9478	2	1	1	0	22	807	0	1	1
9479	1	1	1	0	22	693	0	1	0
9479	2	1	1	0	22	693	0	1	1
9480	1	1	1	0	24	807	0	1	0
9480	2	1	1	0	24	807	0	1	1
9481	1	1	1	0	24	669	0	1	0
9481	2	1	1	0	24	669	0	1	1
9482	1	1	1	0	24	133	0	1	0
9482	2	1	1	0	24	133	0	1	1
9483	1	1	1	0	24	669	0	1	0
9483	2	1	1	0	24	669	0	1	1
9484	1	1	1	0	26	749	0	1	0
9484	2	1	1	0	26	749	0	1	1
9485	1	1	1	0	26	749	0	1	0
9485	2	1	1	0	26	749	0	1	1
9486	1	1	1	0	28	749	0	1	0
9486	2	1	1	0	28	749	0	1	1
9487	1	1	1	0	28	749	0	1	0
9487	2	1	1	0	28	749	0	1	1
9488	1	1	1	0	28	749	0	1	0
9488	2	1	1	0	28	749	0	1	1
9489	1	1	1	0	28	749	0	1	0
9489	2	1	1	0	28	749	0	1	1
9490	1	1	1	0	28	749	0	1	0
9490	2	1	1	0	28	749	0	1	1
9491	1	1	1	0	28	749	0	1	0
9491	2	1	1	0	28	749	0	1	1
9493	1	1	1	0	28	749	0	1	0
9493	2	1	1	0	28	749	0	1	1
9494	1	1	1	0	28	749	0	1	0
9494	2	1	1	0	28	749	0	1	1
9495	1	1	1	0	28	749	0	1	0
9495	2	1	1	0	28	749	0	1	1
9496	1	1	1	0	28	749	0	1	0
9496	2	1	1	0	28	749	0	1	1
9497	1	1	1	0	28	749	0	1	0
9497	2	1	1	0	28	749	0	1	1
9498	1	1	1	0	28	749	0	1	0
9498	2	1	1	0	28	749	0	1	1
9499	1	1	1	0	28	749	0	1	0
9499	2	1	1	0	28	749	0	1	1
9500	1	1	1	0	28	749	0	1	0
9500	2	1	1	0	28	749	0	1	1
9502	1	1	1	0	28	749	0	1	0
9502	2	1	1	0	28	749	0	1	1
9503	1	1	1	0	28	749	0	1	0
9503	2	1	1	0	28	749	0	1	1
9504	1	1	1	0	28	749	0	1	0
9504	2	1	1	0	28	749	0	1	1
9505	1	1	1	0	28	749	0	1	0
9505	2	1	1	0	28	749	0	1	1
9506	1	1	1	0	28	749	0	1	0
9506	2	1	1	0	28	749	0	1	1
9507	1	1	1	0	28	749	0	1	0
9507	2	1	1	0	28	749	0	1	1
9508	1	1	1	0	28	749	0	1	0
9508	2	1	1	0	28	749	0	1	1
9509	1	1	1	0	28	749	0	1	0
9509	2	1	1	0	28	749	0	1	1
9511	1	1	1	0	28	749	0	1	0
9511	2	1	1	0	28	749	0	1	1
9512	1	1	1	0	28	749	0	1	0
9512	2	1	1	0	28	749	0	1	1
9513	1	1	1	0	28	749	0	1	0
9513	2	1	1	0	28	749	0	1	1
9514	1	1	1	0	28	749	0	1	0
9514	2	1	1	0	28	749	0	1	1
9515	1	1	1	0	28	749	0	1	0
9515	2	1	1	0	28	749	0	1	1
9516	1	1	1	0	28	749	0	1	0
9516	2	1	1	0	28	749	0	1	1
9517	1	1	1	0	28	749	0	1	0
9517	2	1	1	0	28	749	0	1	1
9518	1	1	1	0	28	749	0	1	0
9518	2	1	1	0	28	749	0	1	1
9519	1	1	1	0	28	749	0	1	0
9519	2	1	1	0	28	749	0	1	1
9521	1	1	1	0	28	749	0	1	0
9521	2	1	1	0	28	749	0	1	1
9522	1	1	1	0	28	749	0	1	0
9522	2	1	1	0	28	749	0	1	1
9523	1	1	1	0	28	749	0	1	0
9523	2	1	1	0	28	749	0	1	1
9524	1	1	1	0	28	749	0	1	0
9524	2	1	1	0	28	749	0	1	1
9525	1	1	1	0	28	749	0	1	0
9525	2	1	1	0	28	749	0	1	1
9526	1	1	1	0	28	749	0	1	0
9526	2	1	1	0	28	749	0	1	1
9527	1	1	1	0	28	749	0	1	0
9527	2	1	1	0	28	749	0	1	1
9528	1	1	1	0	28	749	0	1	0
9528	2	1	1	0	28	749	0	1	1
9530	1	1	1	0	28	749	0	1	0
9530	2	1	1	0	28	749	0	1	1
9531	1	1	1	0	28	749	0	1	0
9531	2	1	1	0	28	749	0	1	1
9532	1	1	1	0	28	749	0	1	0
9532	2	1	1	0	28	749	0	1	1
9533	1	1	1	0	28	749	0	1	0
9533	2	1	1	0	28	749	0	1	1
9534	1	1	1	0	28	749	0	1	0
9534	2	1	1	0	28	749	0	1	1
9535	1	1	1	0	28	749	0	1	0
9535	2	1	1	0	28	749	0	1	1
9536	1	1	1	0	28	749	0	1	0
9536	2	1	1	0	28	749	0	1	1
9537	1	1	1	0	28	749	0	1	0
9537	2	1	1	0	28	749	0	1	1
9539	1	1	1	0	28	749	0	1	0
9539	2	1	1	0	28	749	0	1	1
9540	1	1	1	0	28	749	0	1	0
9540	2	1	1	0	28	749	0	1	1
9541	1	1	1	0	28	749	0	1	0
9541	2	1	1	0	28	749	0	1	1
9542	1	1	1	0	28	749	0	1	0
9542	2	1	1	0	28	749	0	1	1
9543	1	1	1	0	28	749	0	1	0
9543	2	1	1	0	28	749	0	1	1
9544	1	1	1	0	28	749	0	1	0
9544	2	1	1	0	28	749	0	1	1
9545	1	1	1	0	28	749	0	1	0
9545	2	1	1	0	28	749	0	1	1
9546	1	1	1	0	28	749	0	1	0
9546	2	1	1	0	28	749	0	1	1
9547	1	1	1	0	28	749	0	1	0
9547	2	1	1	0	28	749	0	1	1
9549	1	1	1	0	28	749	0	1	0
9549	2	1	1	0	28	749	0	1	1
9550	1	1	1	0	28	749	0	1	0
9550	2	1	1	0	28	749	0	1	1
9551	1	1	1	0	28	749	0	1	0
9551	2	1	1	0	28	749	0	1	1
9552	1	1	1	0	28	749	0	1	0
9552	2	1	1	0	28	749	0	1	1
9553	1	1	1	0	28	749	0	1	0
9553	2	1	1	0	28	749	0	1	1
9554	1	1	1	0	28	749	0	1	0
9554	2	1	1	0	28	749	0	1	1
9555	1	1	1	0	28	749	0	1	0
9555	2	1	1	0	28	749	0	1	1
9556	1	1	1	0	28	749	0	1	0
9556	2	1	1	0	28	749	0	1	1
9558	1	1	1	0	28	749	0	1	0
9558	2	1	1	0	28	749	0	1	1
9559	1	1	1	0	28	749	0	1	0
9559	2	1	1	0	28	749	0	1	1
9560	1	1	1	0	28	749	0	1	0
9560	2	1	1	0	28	749	0	1	1
9561	1	1	1	0	28	749	0	1	0
9561	2	1	1	0	28	749	0	1	1
9562	1	1	1	0	28	749	0	1	0
9562	2	1	1	0	28	749	0	1	1
9563	1	1	1	0	28	749	0	1	0
9563	2	1	1	0	28	749	0	1	1
9564	1	1	1	0	28	749	0	1	0
9564	2	1	1	0	28	749	0	1	1
9565	1	1	1	0	28	749	0	1	0
9565	2	1	1	0	28	749	0	1	1
9567	1	1	1	0	28	749	0	1	0
9567	2	1	1	0	28	749	0	1	1
9568	1	1	1	0	28	749	0	1	0
9568	2	1	1	0	28	749	0	1	1
9569	1	1	1	0	28	749	0	1	0
9569	2	1	1	0	28	749	0	1	1
9570	1	1	1	0	28	749	0	1	0
9570	2	1	1	0	28	749	0	1	1
9571	1	1	1	0	28	749	0	1	0
9571	2	1	1	0	28	749	0	1	1
9572	1	1	1	0	28	749	0	1	0
9572	2	1	1	0	28	749	0	1	1
9573	1	1	1	0	28	749	0	1	0
9573	2	1	1	0	28	749	0	1	1
9574	1	1	1	0	28	749	0	1	0
9574	2	1	1	0	28	749	0	1	1
9575	1	1	1	0	28	749	0	1	0
9575	2	1	1	0	28	749	0	1	1
9577	1	1	1	0	28	749	0	1	0
9577	2	1	1	0	28	749	0	1	1
9578	1	1	1	0	28	749	0	1	0
9578	2	1	1	0	28	749	0	1	1
9579	1	1	1	0	28	749	0	1	0
9579	2	1	1	0	28	749	0	1	1
9580	1	1	1	0	28	749	0	1	0
9580	2	1	1	0	28	749	0	1	1
9581	1	1	1	0	28	749	0	1	0
9581	2	1	1	0	28	749	0	1	1
9582	1	1	1	0	28	749	0	1	0
9582	2	1	1	0	28	749	0	1	1
9583	1	1	1	0	28	749	0	1	0
9583	2	1	1	0	28	749	0	1	1
9584	1	1	1	0	28	749	0	1	0
9584	2	1	1	0	28	749	0	1	1
9586	1	1	1	0	28	749	0	1	0
9586	2	1	1	0	28	749	0	1	1
9587	1	1	1	0	28	749	0	1	0
9587	2	1	1	0	28	749	0	1	1
9588	1	1	1	0	28	749	0	1	0
9588	2	1	1	0	28	749	0	1	1
9589	1	1	1	0	28	749	0	1	0
9589	2	1	1	0	28	749	0	1	1
9590	1	1	1	0	28	749	0	1	0
9590	2	1	1	0	28	749	0	1	1
9591	1	1	1	0	28	749	0	1	0
9591	2	1	1	0	28	749	0	1	1
9592	1	1	1	0	28	749	0	1	0
9592	2	1	1	0	28	749	0	1	1
9593	1	1	1	0	28	749	0	1	0
9593	2	1	1	0	28	749	0	1	1
9595	1	1	1	0	28	749	0	1	0
9595	2	1	1	0	28	749	0	1	1
9596	1	1	1	0	28	749	0	1	0
9596	2	1	1	0	28	749	0	1	1
9597	1	1	1	0	28	749	0	1	0
9597	2	1	1	0	28	749	0	1	1
9598	1	1	1	0	28	749	0	1	0
9598	2	1	1	0	28	749	0	1	1
9599	1	1	1	0	28	749	0	1	0
9599	2	1	1	0	28	749	0	1	1
9600	1	1	1	0	28	749	0	1	0
9600	2	1	1	0	28	749	0	1	1
9601	1	1	1	0	28	749	0	1	0
9601	2	1	1	0	28	749	0	1	1
9602	1	1	1	0	28	749	0	1	0
9602	2	1	1	0	28	749	0	1	1
9603	1	1	1	0	28	749	0	1	0
9603	2	1	1	0	28	749	0	1	1
9605	1	1	1	0	28	749	0	1	0
9605	2	1	1	0	28	749	0	1	1
9606	1	1	1	0	28	749	0	1	0
9606	2	1	1	0	28	749	0	1	1
9607	1	1	1	0	28	749	0	1	0
9607	2	1	1	0	28	749	0	1	1
9608	1	1	1	0	28	749	0	1	0
9608	2	1	1	0	28	749	0	1	1
9609	1	1	1	0	28	749	0	1	0
9609	2	1	1	0	28	749	0	1	1
9610	1	1	1	0	28	749	0	1	0
9610	2	1	1	0	28	749	0	1	1
9611	1	1	1	0	28	749	0	1	0
9611	2	1	1	0	28	749	0	1	1
9612	1	1	1	0	28	749	0	1	0
9612	2	1	1	0	28	749	0	1	1
9614	1	1	1	0	28	749	0	1	0
9614	2	1	1	0	28	749	0	1	1
9615	1	1	1	0	28	749	0	1	0
9615	2	1	1	0	28	749	0	1	1
9616	1	1	1	0	28	749	0	1	0
9616	2	1	1	0	28	749	0	1	1
9617	1	1	1	0	28	749	0	1	0
9617	2	1	1	0	28	749	0	1	1
9618	1	1	1	0	28	749	0	1	0
9618	2	1	1	0	28	749	0	1	1
9619	1	1	1	0	28	749	0	1	0
9619	2	1	1	0	28	749	0	1	1
9620	1	1	1	0	28	749	0	1	0
9620	2	1	1	0	28	749	0	1	1
9621	1	1	1	0	28	749	0	1	0
9621	2	1	1	0	28	749	0	1	1
9623	1	1	1	0	28	749	0	1	0
9623	2	1	1	0	28	749	0	1	1
9624	1	1	1	0	28	749	0	1	0
9624	2	1	1	0	28	749	0	1	1
9625	1	1	1	0	28	749	0	1	0
9625	2	1	1	0	28	749	0	1	1
9626	1	1	1	0	28	749	0	1	0
9626	2	1	1	0	28	749	0	1	1
9627	1	1	1	0	28	749	0	1	0
9627	2	1	1	0	28	749	0	1	1
9628	1	1	1	0	28	749	0	1	0
9628	2	1	1	0	28	749	0	1	1
9629	1	1	1	0	28	749	0	1	0
9629	2	1	1	0	28	749	0	1	1
9630	1	1	1	0	28	749	0	1	0
9630	2	1	1	0	28	749	0	1	1
9631	1	1	1	0	28	749	0	1	0
9631	2	1	1	0	28	749	0	1	1
9633	1	1	1	0	28	749	0	1	0
9633	2	1	1	0	28	749	0	1	1
9634	1	1	1	0	28	749	0	1	0
9634	2	1	1	0	28	749	0	1	1
9635	1	1	1	0	28	749	0	1	0
9635	2	1	1	0	28	749	0	1	1
9636	1	1	1	0	26	749	0	1	0
9636	2	1	1	0	26	749	0	1	1
9637	1	1	1	0	26	749	0	1	0
9637	2	1	1	0	26	749	0	1	1
9638	1	1	1	0	24	669	0	1	0
9638	2	1	1	0	24	669	0	1	1
9639	1	1	1	0	24	807	0	1	0
9639	2	1	1	0	24	807	0	1	1
9640	1	1	1	0	22	693	0	1	0
9640	2	1	1	0	22	693	0	1	1
9641	1	1	1	0	22	113	0	1	0
9641	2	1	1	0	22	113	0	1	1
9642	1	1	1	0	20	693	0	1	0
9642	2	1	1	0	20	693	0	1	1
9643	1	1	1	0	20	1191	0	1	0
9643	2	1	1	0	20	1191	0	1	1
9644	1	1	1	0	18	967	0	1	0
9644	2	1	1	0	18	967	0	1	1
9645	1	1	1	0	18	749	0	1	0
9645	2	1	1	0	18	749	0	1	1
9646	1	1	1	0	20	693	0	1	0
9646	2	1	1	0	20	693	0	1	1
9647	1	1	1	0	20	775	0	1	0
9647	2	1	1	0	20	775	0	1	1
9648	1	1	1	0	22	693	0	1	0
9648	2	1	1	0	22	693	0	1	1
9649	1	1	1	0	22	693	0	1	0
9649	2	1	1	0	22	693	0	1	1
9650	1	1	1	0	24	133	0	1	0
9650	2	1	1	0	24	133	0	1	1
9651	1	1	1	0	22	693	0	1	0
9651	2	1	1	0	22	693	0	1	1
9652	1	1	1	0	24	807	0	1	0
9652	2	1	1	0	24	807	0	1	1
9653	1	1	1	0	24	669	0	1	0
9653	2	1	1	0	24	669	0	1	1
9654	1	1	1	0	26	749	0	1	0
9654	2	1	1	0	26	749	0	1	1
9655	1	1	1	0	26	749	0	1	0
9655	2	1	1	0	26	749	0	1	1
9656	1	1	1	0	28	749	0	1	0
9656	2	1	1	0	28	749	0	1	1
9657	1	1	1	0	28	749	0	1	0
9657	2	1	1	0	28	749	0	1	1
9658	1	1	1	0	28	749	0	1	0
9658	2	1	1	0	28	749	0	1	1
9659	1	1	1	0	28	749	0	1	0
9659	2	1	1	0	28	749	0	1	1
9661	1	1	1	0	28	749	0	1	0
9661	2	1	1	0	28	749	0	1	1
9662	1	1	1	0	28	749	0	1	0
9662	2	1	1	0	28	749	0	1	1
9663	1	1	1	0	28	749	0	1	0
9663	2	1	1	0	28	749	0	1	1
9664	1	1	1	0	28	749	0	1	0
9664	2	1	1	0	28	749	0	1	1
9665	1	1	1	0	28	749	0	1	0
9665	2	1	1	0	28	749	0	1	1
9666	1	1	1	0	28	749	0	1	0
9666	2	1	1	0	28	749	0	1	1
9667	1	1	1	0	28	749	0	1	0
9667	2	1	1	0	28	749	0	1	1
9668	1	1	1	0	28	749	0	1	0
9668	2	1	1	0	28	749	0	1	1
9670	1	1	1	0	28	749	0	1	0
9670	2	1	1	0	28	749	0	1	1
9671	1	1	1	0	28	749	0	1	0
9671	2	1	1	0	28	749	0	1	1
9672	1	1	1	0	28	749	0	1	0
9672	2	1	1	0	28	749	0	1	1
9673	1	1	1	0	28	749	0	1	0
9673	2	1	1	0	28	749	0	1	1
9674	1	1	1	0	28	749	0	1	0
9674	2	1	1	0	28	749	0	1	1
9675	1	1	1	0	28	749	0	1	0
9675	2	1	1	0	28	749	0	1	1
9676	1	1	1	0	28	749	0	1	0
9676	2	1	1	0	28	749	0	1	1
9677	1	1	1	0	28	749	0	1	0
9677	2	1	1	0	28	749	0	1	1
9679	1	1	1	0	28	749	0	1	0
9679	2	1	1	0	28	749	0	1	1
9680	1	1	1	0	28	749	0	1	0
9680	2	1	1	0	28	749	0	1	1
9681	1	1	1	0	28	749	0	1	0
9681	2	1	1	0	28	749	0	1	1
9682	1	1	1	0	28	749	0	1	0
9682	2	1	1	0	28	749	0	1	1
9683	1	1	1	0	28	749	0	1	0
9683	2	1	1	0	28	749	0	1	1
9684	1	1	1	0	28	749	0	1	0
9684	2	1	1	0	28	749	0	1	1
9685	1	1	1	0	28	749	0	1	0
9685	2	1	1	0	28	749	0	1	1
9686	1	1	1	0	28	749	0	1	0
9686	2	1	1	0	28	749	0	1	1
9687	1	1	1	0	28	749	0	1	0
9687	2	1	1	0	28	749	0	1	1
9689	1	1	1	0	28	749	0	1	0
9689	2	1	1	0	28	749	0	1	1
9690	1	1	1	0	28	749	0	1	0
9690	2	1	1	0	28	749	0	1	1
9691	1	1	1	0	28	749	0	1	0
9691	2	1	1	0	28	749	0	1	1
9692	1	1	1	0	28	749	0	1	0
9692	2	1	1	0	28	749	0	1	1
9693	1	1	1	0	28	749	0	1	0
9693	2	1	1	0	28	749	0	1	1
9694	1	1	1	0	28	749	0	1	0
9694	2	1	1	0	28	749	0	1	1
9695	1	1	1	0	28	749	0	1	0
9695	2	1	1	0	28	749	0	1	1
9696	1	1	1	0	28	749	0	1	0
9696	2	1	1	0	28	749	0	1	1
9698	1	1	1	0	28	749	0	1	0
9698	2	1	1	0	28	749	0	1	1
9699	1	1	1	0	28	749	0	1	0
9699	2	1	1	0	28	749	0	1	1
9700	1	1	1	0	28	749	0	1	0
9700	2	1	1	0	28	749	0	1	1
9701	1	1	1	0	28	749	0	1	0
9701	2	1	1	0	28	749	0	1	1
9702	1	1	1	0	28	749	0	1	0
9702	2	1	1	0	28	749	0	1	1
9703	1	1	1	0	28	749	0	1	0
9703	2	1	1	0	28	749	0	1	1
9704	1	1	1	0	28	749	0	1	0
9704	2	1	1	0	28	749	0	1	1
9705	1	1	1	0	28	749	0	1	0
9705	2	1	1	0	28	749	0	1	1
9707	1	1	1	0	28	749	0	1	0
9707	2	1	1	0	28	749	0	1	1
9708	1	1	1	0	28	749	0	1	0
9708	2	1	1	0	28	749	0	1	1
9709	1	1	1	0	28	749	0	1	0
9709	2	1	1	0	28	749	0	1	1
9710	1	1	1	0	28	749	0	1	0
9710	2	1	1	0	28	749	0	1	1
9711	1	1	1	0	28	749	0	1	0
9711	2	1	1	0	28	749	0	1	1
9712	1	1	1	0	28	749	0	1	0
9712	2	1	1	0	28	749	0	1	1
9713	1	1	1	0	28	749	0	1	0
9713	2	1	1	0	28	749	0	1	1
9714	1	1	1	0	28	749	0	1	0
9714	2	1	1	0	28	749	0	1	1
9715	1	1	1	0	28	749	0	1	0
9715	2	1	1	0	28	749	0	1	1
9717	1	1	1	0	28	749	0	1	0
9717	2	1	1	0	28	749	0	1	1
9718	1	1	1	0	28	749	0	1	0
9718	2	1	1	0	28	749	0	1	1
9719	1	1	1	0	28	749	0	1	0
9719	2	1	1	0	28	749	0	1	1
9720	1	1	1	0	28	749	0	1	0
9720	2	1	1	0	28	749	0	1	1
9721	1	1	1	0	28	749	0	1	0
9721	2	1	1	0	28	749	0	1	1
9722	1	1	1	0	28	749	0	1	0
9722	2	1	1	0	28	749	0	1	1
9723	1	1	1	0	28	749	0	1	0
9723	2	1	1	0	28	749	0	1	1
9724	1	1	1	0	28	749	0	1	0
9724	2	1	1	0	28	749	0	1	1
9726	1	1	1	0	28	749	0	1	0
9726	2	1	1	0	28	749	0	1	1
9727	1	1	1	0	28	749	0	1	0
9727	2	1	1	0	28	749	0	1	1
9728	1	1	1	0	28	749	0	1	0
9728	2	1	1	0	28	749	0	1	1
9729	1	1	1	0	28	749	0	1	0
9729	2	1	1	0	28	749	0	1	1
9730	1	1	1	0	28	749	0	1	0
9730	2	1	1	0	28	749	0	1	1
9731	1	1	1	0	28	749	0	1	0
9731	2	1	1	0	28	749	0	1	1
9732	1	1	1	0	28	749	0	1	0
9732	2	1	1	0	28	749	0	1	1
9733	1	1	1	0	28	749	0	1	0
9733	2	1	1	0	28	749	0	1	1
9735	1	1	1	0	28	749	0	1	0
9735	2	1	1	0	28	749	0	1	1
9736	1	1	1	0	28	749	0	1	0
9736	2	1	1	0	28	749	0	1	1
9737	1	1	1	0	28	749	0	1	0
9737	2	1	1	0	28	749	0	1	1
9738	1	1	1	0	28	749	0	1	0
9738	2	1	1	0	28	749	0	1	1
9739	1	1	1	0	28	749	0	1	0
9739	2	1	1	0	28	749	0	1	1
9740	1	1	1	0	28	749	0	1	0
9740	2	1	1	0	28	749	0	1	1
9741	1	1	1	0	28	749	0	1	0
9741	2	1	1	0	28	749	0	1	1
9742	1	1	1	0	28	749	0	1	0
9742	2	1	1	0	28	749	0	1	1
9743	1	1	1	0	28	749	0	1	0
9743	2	1	1	0	28	749	0	1	1
9745	1	1	1	0	28	749	0	1	0
9745	2	1	1	0	28	749	0	1	1
9746	1	1	1	0	26	749	0	1	0
9746	2	1	1	0	26	749	0	1	1
9747	1	1	1	0	26	749	0	1	0
9747	2	1	1	0	26	749	0	1	1
9748	1	1	1	0	24	669	0	1	0
9748	2	1	1	0	24	669	0	1	1
9749	1	1	1	0	24	807	0	1	0
9749	2	1	1	0	24	807	0	1	1
9750	1	1	1	0	28	749	1	0	0
9750	2	1	1	0	28	749	1	0	1
9751	1	1	1	0	20	1191	0	1	0
9751	2	1	1	0	20	1191	0	1	1
9752	1	1	1	0	28	749	1	0	0
9752	2	1	1	0	28	749	1	0	1
9753	1	1	1	0	26	749	1	0	0
9753	2	1	1	0	26	749	1	0	1
9754	1	1	1	0	26	749	1	0	0
9754	2	1	1	0	26	749	1	0	1
9755	1	1	1	0	24	669	1	0	0
9755	2	1	1	0	24	669	1	0	1
9756	1	1	1	0	24	807	1	0	0
9756	2	1	1	0	24	807	1	0	1
9757	1	1	1	0	6	309	0	1	0
9757	2	1	1	0	6	309	0	1	1
9758	1	1	1	0	18	967	0	1	0
9758	2	1	1	0	18	967	0	1	1
9759	1	1	1	0	18	967	0	1	0
9759	2	1	1	0	18	967	0	1	1
9760	1	1	1	0	22	1383	0	1	0
9760	2	1	1	0	22	1383	0	1	1
9761	1	1	1	0	22	1383	0	1	0
9761	2	1	1	0	22	1383	0	1	1
9762	1	1	1	0	26	1692	0	1	0
9762	2	1	1	0	26	1692	0	1	1
9763	1	1	1	0	26	749	0	1	0
9763	2	1	1	0	26	749	0	1	1
9764	1	1	1	0	28	749	0	1	0
9764	2	1	1	0	28	749	0	1	1
9765	1	1	1	0	28	749	0	1	0
9765	2	1	1	0	28	749	0	1	1
9766	1	1	1	0	28	749	0	1	0
9766	2	1	1	0	28	749	0	1	1
9767	1	1	1	0	28	749	0	1	0
9767	2	1	1	0	28	749	0	1	1
9768	1	1	1	0	28	749	0	1	0
9768	2	1	1	0	28	749	0	1	1
9769	1	1	1	0	28	749	0	1	0
9769	2	1	1	0	28	749	0	1	1
9770	1	1	1	0	28	749	0	1	0
9770	2	1	1	0	28	749	0	1	1
9771	1	1	1	0	28	749	0	1	0
9771	2	1	1	0	28	749	0	1	1
9773	1	1	1	0	28	749	0	1	0
9773	2	1	1	0	28	749	0	1	1
9774	1	1	1	0	28	749	0	1	0
9774	2	1	1	0	28	749	0	1	1
9775	1	1	1	0	28	749	0	1	0
9775	2	1	1	0	28	749	0	1	1
9776	1	1	1	0	28	749	0	1	0
9776	2	1	1	0	28	749	0	1	1
9777	1	1	1	0	28	749	0	1	0
9777	2	1	1	0	28	749	0	1	1
9778	1	1	1	0	28	749	0	1	0
9778	2	1	1	0	28	749	0	1	1
9779	1	1	1	0	28	749	0	1	0
9779	2	1	1	0	28	749	0	1	1
9780	1	1	1	0	28	749	0	1	0
9780	2	1	1	0	28	749	0	1	1
9782	1	1	1	0	28	749	0	1	0
9782	2	1	1	0	28	749	0	1	1
9783	1	1	1	0	28	749	0	1	0
9783	2	1	1	0	28	749	0	1	1
9784	1	1	1	0	28	749	0	1	0
9784	2	1	1	0	28	749	0	1	1
9785	1	1	1	0	28	749	0	1	0
9785	2	1	1	0	28	749	0	1	1
9786	1	1	1	0	28	749	0	1	0
9786	2	1	1	0	28	749	0	1	1
9787	1	1	1	0	28	749	0	1	0
9787	2	1	1	0	28	749	0	1	1
9788	1	1	1	0	28	749	0	1	0
9788	2	1	1	0	28	749	0	1	1
9789	1	1	1	0	28	749	0	1	0
9789	2	1	1	0	28	749	0	1	1
9791	1	1	1	0	28	749	0	1	0
9791	2	1	1	0	28	749	0	1	1
9792	1	1	1	0	28	749	0	1	0
9792	2	1	1	0	28	749	0	1	1
9793	1	1	1	0	28	749	0	1	0
9793	2	1	1	0	28	749	0	1	1
9794	1	1	1	0	28	749	0	1	0
9794	2	1	1	0	28	749	0	1	1
9795	1	1	1	0	28	749	0	1	0
9795	2	1	1	0	28	749	0	1	1
9796	1	1	1	0	28	749	0	1	0
9796	2	1	1	0	28	749	0	1	1
9797	1	1	1	0	28	749	0	1	0
9797	2	1	1	0	28	749	0	1	1
9798	1	1	1	0	28	749	0	1	0
9798	2	1	1	0	28	749	0	1	1
9799	1	1	1	0	28	749	0	1	0
9799	2	1	1	0	28	749	0	1	1
9801	1	1	1	0	28	749	0	1	0
9801	2	1	1	0	28	749	0	1	1
9802	1	1	1	0	28	749	0	1	0
9802	2	1	1	0	28	749	0	1	1
9803	1	1	1	0	28	749	0	1	0
9803	2	1	1	0	28	749	0	1	1
9804	1	1	1	0	28	749	0	1	0
9804	2	1	1	0	28	749	0	1	1
9805	1	1	1	0	28	749	0	1	0
9805	2	1	1	0	28	749	0	1	1
9806	1	1	1	0	28	749	0	1	0
9806	2	1	1	0	28	749	0	1	1
9807	1	1	1	0	28	749	0	1	0
9807	2	1	1	0	28	749	0	1	1
9808	1	1	1	0	28	749	0	1	0
9808	2	1	1	0	28	749	0	1	1
9810	1	1	1	0	28	749	0	1	0
9810	2	1	1	0	28	749	0	1	1
9811	1	1	1	0	28	749	0	1	0
9811	2	1	1	0	28	749	0	1	1
9812	1	1	1	0	28	749	0	1	0
9812	2	1	1	0	28	749	0	1	1
9813	1	1	1	0	28	749	0	1	0
9813	2	1	1	0	28	749	0	1	1
9814	1	1	1	0	28	749	0	1	0
9814	2	1	1	0	28	749	0	1	1
9815	1	1	1	0	28	749	0	1	0
9815	2	1	1	0	28	749	0	1	1
9816	1	1	1	0	28	749	0	1	0
9816	2	1	1	0	28	749	0	1	1
9817	1	1	1	0	28	749	0	1	0
9817	2	1	1	0	28	749	0	1	1
9819	1	1	1	0	28	749	0	1	0
9819	2	1	1	0	28	749	0	1	1
9820	1	1	1	0	28	749	0	1	0
9820	2	1	1	0	28	749	0	1	1
9821	1	1	1	0	28	749	0	1	0
9821	2	1	1	0	28	749	0	1	1
9822	1	1	1	0	28	749	0	1	0
9822	2	1	1	0	28	749	0	1	1
9823	1	1	1	0	28	749	0	1	0
9823	2	1	1	0	28	749	0	1	1
9824	1	1	1	0	28	749	0	1	0
9824	2	1	1	0	28	749	0	1	1
9825	1	1	1	0	28	749	0	1	0
9825	2	1	1	0	28	749	0	1	1
9826	1	1	1	0	28	749	0	1	0
9826	2	1	1	0	28	749	0	1	1
9827	1	1	1	0	28	749	0	1	0
9827	2	1	1	0	28	749	0	1	1
9829	1	1	1	0	28	749	0	1	0
9829	2	1	1	0	28	749	0	1	1
9830	1	1	1	0	28	749	0	1	0
9830	2	1	1	0	28	749	0	1	1
9831	1	1	1	0	28	749	0	1	0
9831	2	1	1	0	28	749	0	1	1
9832	1	1	1	0	28	749	0	1	0
9832	2	1	1	0	28	749	0	1	1
9833	1	1	1	0	28	749	0	1	0
9833	2	1	1	0	28	749	0	1	1
9834	1	1	1	0	28	749	0	1	0
9834	2	1	1	0	28	749	0	1	1
9835	1	1	1	0	28	749	0	1	0
9835	2	1	1	0	28	749	0	1	1
9836	1	1	1	0	28	749	0	1	0
9836	2	1	1	0	28	749	0	1	1
9838	1	1	1	0	28	749	0	1	0
9838	2	1	1	0	28	749	0	1	1
9839	1	1	1	0	28	749	0	1	0
9839	2	1	1	0	28	749	0	1	1
9840	1	1	1	0	28	749	0	1	0
9840	2	1	1	0	28	749	0	1	1
9841	1	1	1	0	28	749	0	1	0
9841	2	1	1	0	28	749	0	1	1
9842	1	1	1	0	28	749	0	1	0
9842	2	1	1	0	28	749	0	1	1
9843	1	1	1	0	28	749	0	1	0
9843	2	1	1	0	28	749	0	1	1
9844	1	1	1	0	28	749	0	1	0
9844	2	1	1	0	28	749	0	1	1
9845	1	1	1	0	28	749	0	1	0
9845	2	1	1	0	28	749	0	1	1
9847	1	1	1	0	28	749	0	1	0
9847	2	1	1	0	28	749	0	1	1
9848	1	1	1	0	28	749	0	1	0
9848	2	1	1	0	28	749	0	1	1
9849	1	1	1	0	28	749	0	1	0
9849	2	1	1	0	28	749	0	1	1
9850	1	1	1	0	28	749	0	1	0
9850	2	1	1	0	28	749	0	1	1
9851	1	1	1	0	28	749	0	1	0
9851	2	1	1	0	28	749	0	1	1
9852	1	1	1	0	28	749	0	1	0
9852	2	1	1	0	28	749	0	1	1
9853	1	1	1	0	28	749	0	1	0
9853	2	1	1	0	28	749	0	1	1
9854	1	1	1	0	28	749	0	1	0
9854	2	1	1	0	28	749	0	1	1
9855	1	1	1	0	28	749	0	1	0
9855	2	1	1	0	28	749	0	1	1
9857	1	1	1	0	28	749	0	1	0
9857	2	1	1	0	28	749	0	1	1
9858	1	1	1	0	28	749	0	1	0
9858	2	1	1	0	28	749	0	1	1
9859	1	1	1	0	28	2052	0	1	0
9859	2	1	1	0	28	2052	0	1	1
9860	1	1	1	0	28	935	0	1	0
9860	2	1	1	0	28	935	0	1	1
9861	1	1	1	0	28	749	0	1	0
9861	2	1	1	0	28	749	0	1	1
9862	1	1	1	0	28	749	0	1	0
9862	2	1	1	0	28	749	0	1	1
9863	1	1	1	0	28	749	0	1	0
9863	2	1	1	0	28	749	0	1	1
9864	1	1	1	0	28	749	0	1	0
9864	2	1	1	0	28	749	0	1	1
9866	1	1	1	0	28	749	0	1	0
9866	2	1	1	0	28	749	0	1	1
9867	1	1	1	0	28	749	0	1	0
9867	2	1	1	0	28	749	0	1	1
9868	1	1	1	0	28	749	0	1	0
9868	2	1	1	0	28	749	0	1	1
9869	1	1	1	0	28	749	0	1	0
9869	2	1	1	0	28	749	0	1	1
9870	1	1	1	0	28	749	0	1	0
9870	2	1	1	0	28	749	0	1	1
9871	1	1	1	0	28	749	0	1	0
9871	2	1	1	0	28	749	0	1	1
9872	1	1	1	0	28	749	0	1	0
9872	2	1	1	0	28	749	0	1	1
9873	1	1	1	0	28	749	0	1	0
9873	2	1	1	0	28	749	0	1	1
9875	1	1	1	0	28	2196	0	1	0
9875	2	1	1	0	28	2196	0	1	1
9876	1	1	1	0	28	2052	0	1	0
9876	2	1	1	0	28	2052	0	1	1
9877	1	1	1	0	28	935	0	1	0
9877	2	1	1	0	28	935	0	1	1
9878	1	1	1	0	28	749	0	1	0
9878	2	1	1	0	28	749	0	1	1
9879	1	1	1	0	28	749	0	1	0
9879	2	1	1	0	28	749	0	1	1
9880	1	1	1	0	28	749	0	1	0
9880	2	1	1	0	28	749	0	1	1
9881	1	1	1	0	28	749	0	1	0
9881	2	1	1	0	28	749	0	1	1
9882	1	1	1	0	28	749	0	1	0
9882	2	1	1	0	28	749	0	1	1
9883	1	1	1	0	28	749	0	1	0
9883	2	1	1	0	28	749	0	1	1
9885	1	1	1	0	28	749	0	1	0
9885	2	1	1	0	28	749	0	1	1
9886	1	1	1	0	28	749	0	1	0
9886	2	1	1	0	28	749	0	1	1
9887	1	1	1	0	28	749	0	1	0
9887	2	1	1	0	28	749	0	1	1
9888	1	1	1	0	28	749	0	1	0
9888	2	1	1	0	28	749	0	1	1
9889	1	1	1	0	28	749	0	1	0
9889	2	1	1	0	28	749	0	1	1
9890	1	1	1	0	28	749	0	1	0
9890	2	1	1	0	28	749	0	1	1
9891	1	1	1	0	28	2196	0	1	0
9891	2	1	1	0	28	2196	0	1	1
9892	1	1	1	0	28	2052	0	1	0
9892	2	1	1	0	28	2052	0	1	1
9893	1	1	1	0	28	185	0	1	0
9893	2	1	1	0	28	185	0	1	1
9894	1	1	1	0	28	749	0	1	0
9894	2	1	1	0	28	749	0	1	1
9895	1	1	1	0	28	749	0	1	0
9895	2	1	1	0	28	749	0	1	1
9896	1	1	1	0	28	749	0	1	0
9896	2	1	1	0	28	749	0	1	1
9897	1	1	1	0	28	749	0	1	0
9897	2	1	1	0	28	749	0	1	1
9898	1	1	1	0	28	749	0	1	0
9898	2	1	1	0	28	749	0	1	1
9899	1	1	1	0	28	749	0	1	0
9899	2	1	1	0	28	749	0	1	1
9900	1	1	1	0	28	749	0	1	0
9900	2	1	1	0	28	749	0	1	1
9901	1	1	1	0	28	749	0	1	0
9901	2	1	1	0	28	749	0	1	1
9903	1	1	1	0	28	749	0	1	0
9903	2	1	1	0	28	749	0	1	1
9904	1	1	1	0	28	749	0	1	0
9904	2	1	1	0	28	749	0	1	1
9905	1	1	1	0	28	749	0	1	0
9905	2	1	1	0	28	749	0	1	1
9906	1	1	1	0	28	749	0	1	0
9906	2	1	1	0	28	749	0	1	1
9907	1	1	1	0	28	2196	0	1	0
9907	2	1	1	0	28	2196	0	1	1
9908	1	1	1	0	28	2052	0	1	0
9908	2	1	1	0	28	2052	0	1	1
9909	1	1	1	0	28	935	0	1	0
9909	2	1	1	0	28	935	0	1	1
9910	1	1	1	0	28	749	0	1	0
9910	2	1	1	0	28	749	0	1	1
9911	1	1	1	0	28	749	0	1	0
9911	2	1	1	0	28	749	0	1	1
9913	1	1	1	0	28	749	0	1	0
9913	2	1	1	0	28	749	0	1	1
9914	1	1	1	0	28	749	0	1	0
9914	2	1	1	0	28	749	0	1	1
9915	1	1	1	0	28	749	0	1	0
9915	2	1	1	0	28	749	0	1	1
9916	1	1	1	0	28	749	0	1	0
9916	2	1	1	0	28	749	0	1	1
9917	1	1	1	0	28	749	0	1	0
9917	2	1	1	0	28	749	0	1	1
9918	1	1	1	0	28	749	0	1	0
9918	2	1	1	0	28	749	0	1	1
9919	1	1	1	0	28	749	0	1	0
9919	2	1	1	0	28	749	0	1	1
9920	1	1	1	0	28	749	0	1	0
9920	2	1	1	0	28	749	0	1	1
9922	1	1	1	0	28	749	0	1	0
9922	2	1	1	0	28	749	0	1	1
9923	1	1	1	0	28	2196	0	1	0
9923	2	1	1	0	28	2196	0	1	1
9924	1	1	1	0	28	2196	0	1	0
9924	2	1	1	0	28	2196	0	1	1
9925	1	1	1	0	28	1479	0	1	0
9925	2	1	1	0	28	1479	0	1	1
9926	1	1	1	0	28	749	0	1	0
9926	2	1	1	0	28	749	0	1	1
9927	1	1	1	0	28	749	0	1	0
9927	2	1	1	0	28	749	0	1	1
9928	1	1	1	0	28	749	0	1	0
9928	2	1	1	0	28	749	0	1	1
9929	1	1	1	0	28	749	0	1	0
9929	2	1	1	0	28	749	0	1	1
9931	1	1	1	0	28	749	0	1	0
9931	2	1	1	0	28	749	0	1	1
9932	1	1	1	0	28	749	0	1	0
9932	2	1	1	0	28	749	0	1	1
9933	1	1	1	0	28	749	0	1	0
9933	2	1	1	0	28	749	0	1	1
9934	1	1	1	0	28	749	0	1	0
9934	2	1	1	0	28	749	0	1	1
9935	1	1	1	0	28	749	0	1	0
9935	2	1	1	0	28	749	0	1	1
9936	1	1	1	0	28	749	0	1	0
9936	2	1	1	0	28	749	0	1	1
9937	1	1	1	0	28	749	0	1	0
9937	2	1	1	0	28	749	0	1	1
9938	1	1	1	0	28	749	0	1	0
9938	2	1	1	0	28	749	0	1	1
9939	1	1	1	0	28	2196	0	1	0
9939	2	1	1	0	28	2196	0	1	1
9940	1	1	1	0	28	1479	0	1	0
9940	2	1	1	0	28	1479	0	1	1
9941	1	1	1	0	28	749	0	1	0
9941	2	1	1	0	28	749	0	1	1
9942	1	1	1	0	28	749	0	1	0
9942	2	1	1	0	28	749	0	1	1
9943	1	1	1	0	28	749	0	1	0
9943	2	1	1	0	28	749	0	1	1
9944	1	1	1	0	28	749	0	1	0
9944	2	1	1	0	28	749	0	1	1
9945	1	1	1	0	28	749	0	1	0
9945	2	1	1	0	28	749	0	1	1
9946	1	1	1	0	28	749	0	1	0
9946	2	1	1	0	28	749	0	1	1
9947	1	1	1	0	28	749	0	1	0
9947	2	1	1	0	28	749	0	1	1
9948	1	1	1	0	28	749	0	1	0
9948	2	1	1	0	28	749	0	1	1
9950	1	1	1	0	28	749	0	1	0
9950	2	1	1	0	28	749	0	1	1
9951	1	1	1	0	28	749	0	1	0
9951	2	1	1	0	28	749	0	1	1
9952	1	1	1	0	28	749	0	1	0
9952	2	1	1	0	28	749	0	1	1
9953	1	1	1	0	28	749	0	1	0
9953	2	1	1	0	28	749	0	1	1
9954	1	1	1	0	28	2196	0	1	0
9954	2	1	1	0	28	2196	0	1	1
9955	1	1	1	0	28	2196	0	1	0
9955	2	1	1	0	28	2196	0	1	1
9956	1	1	1	0	28	1479	0	1	0
9956	2	1	1	0	28	1479	0	1	1
9957	1	1	1	0	28	749	0	1	0
9957	2	1	1	0	28	749	0	1	1
9958	1	1	1	0	28	185	0	1	0
9958	2	1	1	0	28	185	0	1	1
9959	1	1	1	0	28	749	0	1	0
9959	2	1	1	0	28	749	0	1	1
9960	1	1	1	0	28	749	0	1	0
9960	2	1	1	0	28	749	0	1	1
9961	1	1	1	0	28	749	0	1	0
9961	2	1	1	0	28	749	0	1	1
9962	1	1	1	0	28	749	0	1	0
9962	2	1	1	0	28	749	0	1	1
9963	1	1	1	0	28	749	0	1	0
9963	2	1	1	0	28	749	0	1	1
9964	1	1	1	0	28	749	0	1	0
9964	2	1	1	0	28	749	0	1	1
9965	1	1	1	0	28	749	0	1	0
9965	2	1	1	0	28	749	0	1	1
9966	1	1	1	0	28	749	0	1	0
9966	2	1	1	0	28	749	0	1	1
9967	1	1	1	0	28	749	0	1	0
9967	2	1	1	0	28	749	0	1	1
9969	1	1	1	0	28	2196	0	1	0
9969	2	1	1	0	28	2196	0	1	1
9970	1	1	1	0	28	2196	0	1	0
9970	2	1	1	0	28	2196	0	1	1
9971	1	1	1	0	28	1479	0	1	0
9971	2	1	1	0	28	1479	0	1	1
9972	1	1	1	0	28	749	0	1	0
9972	2	1	1	0	28	749	0	1	1
9973	1	1	1	0	28	749	0	1	0
9973	2	1	1	0	28	749	0	1	1
9974	1	1	1	0	28	749	0	1	0
9974	2	1	1	0	28	749	0	1	1
9975	1	1	1	0	28	749	0	1	0
9975	2	1	1	0	28	749	0	1	1
9976	1	1	1	0	28	749	0	1	0
9976	2	1	1	0	28	749	0	1	1
9978	1	1	1	0	28	749	0	1	0
9978	2	1	1	0	28	749	0	1	1
9979	1	1	1	0	28	749	0	1	0
9979	2	1	1	0	28	749	0	1	1
9980	1	1	1	0	28	749	0	1	0
9980	2	1	1	0	28	749	0	1	1
9981	1	1	1	0	28	749	0	1	0
9981	2	1	1	0	28	749	0	1	1
9982	1	1	1	0	28	749	0	1	0
9982	2	1	1	0	28	749	0	1	1
9983	1	1	1	0	28	749	0	1	0
9983	2	1	1	0	28	749	0	1	1
9984	1	1	1	0	28	749	0	1	0
9984	2	1	1	0	28	749	0	1	1
9985	1	1	1	0	24	1620	0	1	0
9985	2	1	1	0	24	1620	0	1	1
9986	1	1	1	0	24	1620	0	1	0
9986	2	1	1	0	24	1620	0	1	1
9987	1	1	1	0	28	1836	0	1	0
9987	2	1	1	0	28	1836	0	1	1
9988	1	1	1	0	28	935	0	1	0
9988	2	1	1	0	28	935	0	1	1
9989	1	1	1	0	28	749	0	1	0
9989	2	1	1	0	28	749	0	1	1
9990	1	1	1	0	28	749	0	1	0
9990	2	1	1	0	28	749	0	1	1
9991	1	1	1	0	28	749	0	1	0
9991	2	1	1	0	28	749	0	1	1
9992	1	1	1	0	26	749	0	1	0
9992	2	1	1	0	26	749	0	1	1
9993	1	1	1	0	26	749	0	1	0
9993	2	1	1	0	26	749	0	1	1
9994	1	1	1	0	24	669	0	1	0
9994	2	1	1	0	24	669	0	1	1
9995	1	1	1	0	22	807	0	1	0
9995	2	1	1	0	22	807	0	1	1
9997	1	1	1	0	18	749	0	1	0
9997	2	1	1	0	18	749	0	1	1
9998	1	1	1	0	14	717	0	1	0
9998	2	1	1	0	14	717	0	1	1
9999	1	1	1	0	14	717	0	1	0
9999	2	1	1	0	14	717	0	1	1
